sho_x(coord),sho_y(coord),hip_x(coord),hip_y(coord),c_x(coord),c_y(coord),a_sq(dis),b_sq(dis),c_sq(dis),a(dis),b(dis),c(dis),cos(rad)),theta(theta),degree(deg)
659.0,1308.0,373.0,1308.0,659.0,1308.0,81796.0,2304.0,84100.0,286.0,48.0,290.0,0.9862068965517241,0.16628246377688263,9.527283381452365
660.0,1308.0,374.0,1308.0,660.0,1308.0,81796.0,2809.0,84605.0,286.0,53.0,290.8693864950383,0.983259199073116,0.1832360207174447,10.498650641881296
660.0,1306.0,375.0,1306.0,660.0,1306.0,81225.0,2809.0,84034.0,285.0,53.0,289.88618456214846,0.983144472477953,0.1838645859639502,10.534664777654662
661.0,1306.0,375.0,1306.0,661.0,1306.0,81796.0,2916.0,84712.0,286.0,54.0,291.05325973092965,0.9826380239286745,0.18661430643146618,10.692212155284066
659.0,1306.0,373.0,1306.0,659.0,1306.0,81796.0,2809.0,84605.0,286.0,53.0,290.8693864950383,0.983259199073116,0.1832360207174447,10.498650641881296
659.0,1306.0,373.0,1306.0,659.0,1306.0,81796.0,2809.0,84605.0,286.0,53.0,290.8693864950383,0.983259199073116,0.1832360207174447,10.498650641881296
660.0,1309.0,375.0,1309.0,660.0,1309.0,81225.0,2809.0,84034.0,285.0,53.0,289.88618456214846,0.983144472477953,0.1838645859639502,10.534664777654662
660.0,1304.0,375.0,1304.0,660.0,1304.0,81225.0,3364.0,84589.0,285.0,58.0,290.84188144075813,0.9799138920026961,0.20076709124206743,11.503106993288377
663.0,1305.0,373.0,1305.0,663.0,1305.0,84100.0,2809.0,86909.0,290.0,53.0,294.8033242689098,0.983706682138603,0.1807636937158846,10.356996739115669
663.0,1305.0,373.0,1305.0,663.0,1305.0,84100.0,2809.0,86909.0,290.0,53.0,294.8033242689098,0.983706682138603,0.1807636937158846,10.356996739115669
662.0,1305.0,373.0,1305.0,662.0,1305.0,83521.0,2809.0,86330.0,289.0,53.0,293.8196725884773,0.9835964945913348,0.1813755686323093,10.392054589416723
662.0,1305.0,373.0,1305.0,662.0,1305.0,83521.0,2809.0,86330.0,289.0,53.0,293.8196725884773,0.9835964945913348,0.1813755686323093,10.392054589416723
662.0,1305.0,372.0,1305.0,662.0,1305.0,84100.0,3249.0,87349.0,290.0,57.0,295.5486423585803,0.9812259589003683,0.19407772199106263,11.119834367601213
657.0,1305.0,372.0,1305.0,657.0,1305.0,81225.0,3249.0,84474.0,285.0,57.0,290.6441122747887,0.9805806756909202,0.19739555984988044,11.309932474020195
659.0,1303.0,373.0,1303.0,659.0,1303.0,81796.0,3364.0,85160.0,286.0,58.0,291.82186347153635,0.9800499407334359,0.20008372541776798,11.463953015692539
659.0,1308.0,373.0,1308.0,659.0,1308.0,81796.0,2809.0,84605.0,286.0,53.0,290.8693864950383,0.983259199073116,0.1832360207174447,10.498650641881296
659.0,1307.0,373.0,1307.0,659.0,1307.0,81796.0,2916.0,84712.0,286.0,54.0,291.05325973092965,0.9826380239286745,0.18661430643146618,10.692212155284066
659.0,1307.0,373.0,1307.0,659.0,1307.0,81796.0,2809.0,84605.0,286.0,53.0,290.8693864950383,0.983259199073116,0.1832360207174447,10.498650641881296
660.0,1304.0,373.0,1304.0,660.0,1304.0,82369.0,2809.0,85178.0,287.0,53.0,291.8527025744322,0.9833727680722963,0.18261169077535724,10.462879171176038
659.0,1303.0,373.0,1303.0,659.0,1303.0,81796.0,2916.0,84712.0,286.0,54.0,291.05325973092965,0.9826380239286745,0.18661430643146618,10.692212155284066
662.0,1307.0,371.0,1307.0,662.0,1307.0,84681.0,2809.0,87490.0,291.0,53.0,295.78708558691335,0.9838157721544379,0.18015588865535156,10.322172074380433
662.0,1307.0,372.0,1307.0,662.0,1307.0,84100.0,2809.0,86909.0,290.0,53.0,294.8033242689098,0.983706682138603,0.1807636937158846,10.356996739115669
662.0,1305.0,375.0,1305.0,662.0,1305.0,82369.0,2809.0,85178.0,287.0,53.0,291.8527025744322,0.9833727680722963,0.18261169077535724,10.462879171176038
657.0,1305.0,375.0,1305.0,657.0,1305.0,79524.0,2809.0,82333.0,282.0,53.0,286.93727537564723,0.9827931893157362,0.18577612380810732,10.6441878285044
656.0,1306.0,371.0,1306.0,656.0,1306.0,81225.0,2809.0,84034.0,285.0,53.0,289.88618456214846,0.983144472477953,0.1838645859639502,10.534664777654662
656.0,1301.0,375.0,1301.0,656.0,1301.0,78961.0,2809.0,81770.0,281.0,53.0,285.9545418418809,0.9826736732000553,0.18642206343868845,10.681197443156938
661.0,1303.0,374.0,1303.0,661.0,1303.0,82369.0,2809.0,85178.0,287.0,53.0,291.8527025744322,0.9833727680722963,0.18261169077535724,10.462879171176038
661.0,1303.0,375.0,1303.0,661.0,1303.0,81796.0,2809.0,84605.0,286.0,53.0,290.8693864950383,0.983259199073116,0.1832360207174447,10.498650641881296
654.0,1301.0,378.0,1301.0,654.0,1301.0,76176.0,2916.0,79092.0,276.0,54.0,281.23299948619115,0.9813926548600208,0.19321148384780576,11.070202577939344
654.0,1301.0,377.0,1301.0,654.0,1301.0,76729.0,2916.0,79645.0,277.0,54.0,282.21445746098834,0.9815230675710186,0.19253110899058848,11.031219970133979
654.0,1300.0,378.0,1300.0,654.0,1300.0,76176.0,2809.0,78985.0,276.0,53.0,281.04270138183625,0.9820571701131457,0.18971950684737587,10.87012703365796
654.0,1304.0,378.0,1304.0,654.0,1304.0,76176.0,2401.0,78577.0,276.0,49.0,280.31589323475754,0.9846034658079729,0.17570546997756933,10.067181867077318
650.0,1303.0,375.0,1303.0,650.0,1303.0,75625.0,2304.0,77929.0,275.0,48.0,279.15766154630256,0.9851064035883071,0.17280459379218951,9.900973904765046
650.0,1302.0,375.0,1302.0,650.0,1302.0,75625.0,2304.0,77929.0,275.0,48.0,279.15766154630256,0.9851064035883071,0.17280459379218951,9.900973904765046
647.0,1301.0,377.0,1301.0,647.0,1301.0,72900.0,2809.0,75709.0,270.0,53.0,275.1526848860465,0.9812733614132079,0.1938317830626578,11.105743104985645
647.0,1296.0,377.0,1296.0,647.0,1296.0,72900.0,2809.0,75709.0,270.0,53.0,275.1526848860465,0.9812733614132079,0.1938317830626578,11.105743104985645
649.0,1298.0,375.0,1298.0,649.0,1298.0,75076.0,3025.0,78101.0,274.0,55.0,279.46556138458277,0.9804428089189087,0.1980973141206501,11.350140031990577
644.0,1293.0,376.0,1293.0,644.0,1293.0,71824.0,3600.0,75424.0,268.0,60.0,274.63430230034993,0.9758431403332333,0.22024872339068893,12.61932229343077
644.0,1297.0,377.0,1297.0,644.0,1297.0,71289.0,2916.0,74205.0,267.0,54.0,272.40594707164524,0.9801548125884952,0.19955538370528686,11.433681265426657
640.0,1292.0,377.0,1292.0,640.0,1292.0,69169.0,3481.0,72650.0,263.0,59.0,269.5366394388711,0.9757486052639105,0.22068101559330772,12.644090812157241
637.0,1292.0,375.0,1292.0,637.0,1292.0,68644.0,3481.0,72125.0,262.0,59.0,268.5609800399157,0.975569868567874,0.2214960788910669,12.690790499154858
628.0,1292.0,370.0,1292.0,628.0,1292.0,66564.0,4096.0,70660.0,258.0,64.0,265.81948762270986,0.9705834674024788,0.24315384763413392,13.931689241802951
632.0,1294.0,374.0,1294.0,632.0,1294.0,66564.0,3249.0,69813.0,258.0,57.0,264.2214979898494,0.9764534754469963,0.21743741940294714,12.458246440004867
623.0,1294.0,369.0,1294.0,623.0,1294.0,64516.0,3249.0,67765.0,254.0,57.0,260.31711430484165,0.9757330042563237,0.2207522761932018,12.648173743776743
613.0,1294.0,363.0,1294.0,613.0,1294.0,62500.0,3364.0,65864.0,250.0,58.0,256.6398254363496,0.9741278446357252,0.22796707182150758,13.0615510833281
610.0,1285.0,364.0,1285.0,610.0,1285.0,60516.0,5184.0,65700.0,246.0,72.0,256.3201123595259,0.9597374070082707,0.2847304385227119,16.313852426260542
611.0,1285.0,360.0,1285.0,611.0,1285.0,63001.0,5184.0,68185.0,251.0,72.0,261.1225765804252,0.9612343876466484,0.27935173647070216,16.00567549942203
606.0,1280.0,360.0,1280.0,606.0,1280.0,60516.0,6561.0,67077.0,246.0,81.0,258.9922778771599,0.9498352692842752,0.31808756711640773,18.22507511135447
604.0,1283.0,357.0,1283.0,604.0,1283.0,61009.0,5776.0,66785.0,247.0,76.0,258.42793966597344,0.95577900872195,0.29849893158617957,17.10272896905239
605.0,1279.0,353.0,1279.0,605.0,1279.0,63504.0,6561.0,70065.0,252.0,81.0,264.69794105734934,0.9520285612852643,0.31099828060554097,17.81888891452278
598.0,1277.0,356.0,1277.0,598.0,1277.0,58564.0,6084.0,64648.0,242.0,78.0,254.2597097457637,0.9517827273616324,0.3118006340038372,17.864860377923133
588.0,1268.0,360.0,1268.0,588.0,1268.0,51984.0,8464.0,60448.0,228.0,92.0,245.86174977006894,0.927350432563124,0.38352751595699186,21.974507991471967
587.0,1271.0,355.0,1271.0,587.0,1271.0,53824.0,8464.0,62288.0,232.0,92.0,249.57563983690395,0.929577903322658,0.377530195423538,21.630886836517913
577.0,1261.0,364.0,1261.0,577.0,1261.0,45369.0,11236.0,56605.0,213.0,106.0,237.91805311913595,0.8952662364521855,0.46176791196650896,26.457352470249507
577.0,1265.0,366.0,1265.0,577.0,1265.0,44521.0,10609.0,55130.0,211.0,103.0,234.7977853387889,0.8986456141208863,0.4541240874071933,26.01939358366227
567.0,1250.0,365.0,1250.0,567.0,1250.0,40804.0,13924.0,54728.0,202.0,118.0,233.9401632896754,0.8634686629241785,0.5286898329640625,30.291696100317246
570.0,1251.0,364.0,1251.0,570.0,1251.0,42436.0,13689.0,56125.0,206.0,117.0,236.90715480964266,0.8695389557378422,0.5165283191792053,29.594892687954758
560.0,1241.0,364.0,1241.0,560.0,1241.0,38416.0,16129.0,54545.0,196.0,127.0,233.54871012274933,0.8392253585857343,0.5749392136802116,32.94159042044633
560.0,1240.0,360.0,1240.0,560.0,1240.0,40000.0,17424.0,57424.0,200.0,132.0,239.63305281200255,0.8346094065617252,0.583373006993856,33.424811182603804
550.0,1230.0,360.0,1230.0,550.0,1230.0,36100.0,20164.0,56264.0,190.0,142.0,237.2003372678884,0.8010106654503553,0.6418147697509798,36.773277535891836
552.0,1229.0,359.0,1229.0,552.0,1229.0,37249.0,19881.0,57130.0,193.0,141.0,239.0188277102873,0.8074677708399343,0.6309494667237169,36.150741529298955
547.0,1220.0,354.0,1220.0,547.0,1220.0,37249.0,23716.0,60965.0,193.0,154.0,246.9109151090733,0.7816584370712892,0.6734759207604615,38.5873278632615
546.0,1220.0,349.0,1220.0,546.0,1220.0,38809.0,23716.0,62525.0,197.0,154.0,250.04999500099976,0.7878424472642455,0.663498442766435,38.01566048401913
536.0,1215.0,349.0,1215.0,536.0,1215.0,34969.0,26569.0,61538.0,187.0,163.0,248.06853891616325,0.7538239263109384,0.7169339078476167,41.077287109489525
537.0,1213.0,346.0,1213.0,537.0,1213.0,36481.0,27225.0,63706.0,191.0,165.0,252.40047543536838,0.7567339153008408,0.7124938935821044,40.82289303109779
531.0,1203.0,341.0,1203.0,531.0,1203.0,36100.0,30625.0,66725.0,190.0,175.0,258.3118270617898,0.7355451051590867,0.7443253848069943,42.6467031338917
533.0,1203.0,344.0,1203.0,533.0,1203.0,35721.0,29929.0,65650.0,189.0,173.0,256.2225595063791,0.7376399656771616,0.7412280161520031,42.46923698236459
528.0,1187.0,345.0,1187.0,528.0,1187.0,33489.0,37636.0,71125.0,183.0,194.0,266.6927070618917,0.686182993213725,0.8145676064112346,46.67128597543732
525.0,1186.0,340.0,1186.0,525.0,1186.0,34225.0,38025.0,72250.0,185.0,195.0,268.79360111431225,0.6882604319190002,0.8117078806503705,46.50743575877497
514.0,1176.0,341.0,1176.0,514.0,1176.0,29929.0,42025.0,71954.0,173.0,205.0,268.24242766572183,0.644938988606191,0.8698528796443654,49.838898800923296
515.0,1179.0,342.0,1179.0,515.0,1179.0,29929.0,40000.0,69929.0,173.0,200.0,264.4409196777231,0.6542104006098485,0.8576581902874651,49.140194568299805
509.0,1163.0,342.0,1163.0,509.0,1163.0,27889.0,48841.0,76730.0,167.0,221.0,277.0018050482704,0.6028841579963659,0.9236851253816124,52.92325928337866
503.0,1163.0,343.0,1163.0,503.0,1163.0,25600.0,48400.0,74000.0,160.0,220.0,272.02941017470886,0.5881716976750463,0.9420000403794635,53.972626614896384
498.0,1152.0,343.0,1152.0,498.0,1152.0,24025.0,53361.0,77386.0,155.0,231.0,278.18339274658365,0.5571863886971863,0.9798027052475226,56.13855976618364
500.0,1151.0,347.0,1151.0,500.0,1151.0,23409.0,55225.0,78634.0,153.0,235.0,280.41754581338165,0.5456149313203881,0.9936736104541614,56.93330409255008
489.0,1134.0,347.0,1134.0,489.0,1134.0,20164.0,63504.0,83668.0,142.0,252.0,289.25421345245775,0.49091765442282603,1.0576535709580959,60.59908580283923
490.0,1138.0,348.0,1138.0,490.0,1138.0,20164.0,64009.0,84173.0,142.0,253.0,290.12583476829496,0.4894427968243723,1.0593456570457662,60.69603519423554
485.0,1127.0,353.0,1127.0,485.0,1127.0,17424.0,69696.0,87120.0,132.0,264.0,295.16097302997224,0.447213595499958,1.1071487177940904,63.43494882292201
489.0,1124.0,354.0,1124.0,489.0,1124.0,18225.0,70225.0,88450.0,135.0,265.0,297.40544715926103,0.4539257814188834,1.0996300624817867,63.00416160591339
484.0,1112.0,354.0,1112.0,484.0,1112.0,16900.0,76176.0,93076.0,130.0,276.0,305.0835951014082,0.42611271824297425,1.1306048256402146,64.77888480630862
478.0,1112.0,361.0,1112.0,478.0,1112.0,13689.0,75625.0,89314.0,117.0,275.0,298.8544796385023,0.39149488453887155,1.1685407382694424,66.9524524919404
477.0,1102.0,360.0,1102.0,477.0,1102.0,13689.0,81796.0,95485.0,117.0,286.0,309.00647242412253,0.3786328457205041,1.1824776086224307,67.75097634278764
476.0,1100.0,369.0,1100.0,476.0,1100.0,11449.0,84681.0,96130.0,107.0,291.0,310.0483833210552,0.34510742760171553,1.2184430844695355,69.81164631700645
471.0,1100.0,376.0,1100.0,471.0,1100.0,9025.0,84681.0,93706.0,95.0,291.0,306.1143577161973,0.3103415361133625,1.2552440401283758,71.92018575830608
472.0,1095.0,375.0,1095.0,472.0,1095.0,9409.0,85264.0,94673.0,97.0,292.0,307.6897788357618,0.31525259099287967,1.250073521265583,71.62393684957526
466.0,1095.0,381.0,1095.0,466.0,1095.0,7225.0,84681.0,91906.0,85.0,291.0,303.1600237498341,0.2803799753959035,1.286606387022732,73.71711587097792
460.0,1093.0,382.0,1093.0,460.0,1093.0,6084.0,87025.0,93109.0,78.0,295.0,305.1376738457577,0.25562231964653365,1.3123049726547042,75.18953636714546
460.0,1093.0,388.0,1093.0,460.0,1093.0,5184.0,83521.0,88705.0,72.0,289.0,297.83384629689084,0.24174552655854958,1.326631995735585,76.01041432266645
457.0,1091.0,391.0,1091.0,457.0,1091.0,4356.0,83521.0,87877.0,66.0,289.0,296.4405505324803,0.22264160514291226,1.3462730753187542,77.13576528786261
457.0,1091.0,397.0,1091.0,457.0,1091.0,3600.0,83521.0,87121.0,60.0,289.0,295.16266701600324,0.20327774039508492,1.3660919269921141,78.27130184354192
455.0,1091.0,395.0,1091.0,455.0,1091.0,3600.0,80656.0,84256.0,60.0,284.0,290.26884090442775,0.20670492848302396,1.3625903772709091,78.07067782276167
449.0,1091.0,396.0,1091.0,449.0,1091.0,2809.0,81225.0,84034.0,53.0,285.0,289.88618456214846,0.18283037558361936,1.386931740830947,79.46533522234537
451.0,1086.0,398.0,1086.0,451.0,1086.0,2809.0,81796.0,84605.0,53.0,286.0,290.8693864950383,0.182212369059004,1.3875603060774513,79.50134935811867
450.0,1086.0,398.0,1086.0,450.0,1086.0,2704.0,81796.0,84500.0,52.0,286.0,290.68883707497264,0.1788854381999832,1.3909428270024182,79.69515353123397
447.0,1087.0,400.0,1087.0,447.0,1087.0,2209.0,81796.0,84005.0,47.0,286.0,289.836160614924,0.16216058030952235,1.4079165053850273,80.6676736653699
447.0,1087.0,400.0,1087.0,447.0,1087.0,2209.0,81796.0,84005.0,47.0,286.0,289.836160614924,0.16216058030952235,1.4079165053850273,80.6676736653699
448.0,1088.0,395.0,1088.0,448.0,1088.0,2809.0,80656.0,83465.0,53.0,284.0,288.90309794116087,0.18345251531637846,1.3862988975381951,79.42907597257754
448.0,1088.0,395.0,1088.0,448.0,1088.0,2809.0,80089.0,82898.0,53.0,283.0,287.9201278132531,0.18407882909240772,1.385661732887281,79.39256912722522
448.0,1089.0,401.0,1089.0,448.0,1089.0,2209.0,79524.0,81733.0,47.0,282.0,285.8898389240163,0.1643989873053573,1.4056476493802699,80.53767779197439
441.0,1083.0,400.0,1083.0,441.0,1083.0,1681.0,82944.0,84625.0,41.0,288.0,290.90376415577714,0.1409400807135818,1.4293854170236064,81.89775169299978
444.0,1088.0,397.0,1088.0,444.0,1088.0,2209.0,80089.0,82298.0,47.0,283.0,286.8762799535716,0.16383369167923725,1.406220715220116,80.57051204598069
438.0,1082.0,397.0,1082.0,438.0,1082.0,1681.0,83521.0,85202.0,41.0,289.0,291.8938163099726,0.14046203690886216,1.4298682641355178,81.92541679466238
438.0,1087.0,397.0,1087.0,438.0,1087.0,1681.0,80089.0,81770.0,41.0,283.0,285.9545418418809,0.14337943274449205,1.426921035404331,81.75655302710568
437.0,1081.0,397.0,1081.0,437.0,1081.0,1600.0,82944.0,84544.0,40.0,288.0,290.76450952617995,0.1375683712746877,1.4327903031373772,82.09283729704154
435.0,1081.0,395.0,1081.0,435.0,1081.0,1600.0,85264.0,86864.0,40.0,292.0,294.72699231661835,0.13571882129149856,1.4346573659417559,82.1998121158183
435.0,1081.0,395.0,1081.0,435.0,1081.0,1600.0,84681.0,86281.0,40.0,291.0,293.73627627516487,0.13617657480797157,1.4341953228198048,82.17333899497746
434.0,1080.0,399.0,1080.0,434.0,1080.0,1225.0,85264.0,86489.0,35.0,292.0,294.0901222414653,0.11901113758340698,1.4515024446650013,83.1649640322259
434.0,1080.0,394.0,1080.0,434.0,1080.0,1600.0,84681.0,86281.0,40.0,291.0,293.73627627516487,0.13617657480797157,1.4341953228198048,82.17333899497746
435.0,1076.0,395.0,1076.0,435.0,1076.0,1600.0,84100.0,85700.0,40.0,290.0,292.7456233660889,0.13663739713703102,1.433730152484709,82.14668669802178
434.0,1079.0,393.0,1079.0,434.0,1079.0,1681.0,85264.0,86945.0,41.0,292.0,294.8643756034289,0.13904697682144557,1.4312973491285623,82.00729733332932
432.0,1079.0,392.0,1079.0,432.0,1079.0,1600.0,84681.0,86281.0,40.0,291.0,293.73627627516487,0.13617657480797157,1.4341953228198048,82.17333899497746
433.0,1079.0,393.0,1079.0,433.0,1079.0,1600.0,84681.0,86281.0,40.0,291.0,293.73627627516487,0.13617657480797157,1.4341953228198048,82.17333899497746
437.0,1079.0,392.0,1079.0,437.0,1079.0,2025.0,83521.0,85546.0,45.0,289.0,292.4824781076637,0.15385537038371014,1.4163274007197557,81.14958246997611
431.0,1079.0,392.0,1079.0,431.0,1079.0,1521.0,83521.0,85042.0,39.0,289.0,291.61961525247233,0.1337358598674352,1.4366585733042265,82.31447285161838
435.0,1079.0,395.0,1079.0,435.0,1079.0,1600.0,83521.0,85121.0,40.0,289.0,291.75503423248756,0.1371013189377416,1.4332618232834964,82.11985341136958
435.0,1079.0,395.0,1079.0,435.0,1079.0,1600.0,83521.0,85121.0,40.0,289.0,291.75503423248756,0.1371013189377416,1.4332618232834964,82.11985341136958
434.0,1079.0,395.0,1079.0,434.0,1079.0,1521.0,82944.0,84465.0,39.0,288.0,290.6286290096005,0.13419187274462108,1.4361984126344298,82.28810758734112
434.0,1079.0,395.0,1079.0,434.0,1079.0,1521.0,82944.0,84465.0,39.0,288.0,290.6286290096005,0.13419187274462108,1.4361984126344298,82.28810758734112
432.0,1082.0,388.0,1082.0,432.0,1082.0,1936.0,84681.0,86617.0,44.0,291.0,294.3076621496627,0.14950341312427307,1.4207303044588124,81.40185027182643
432.0,1083.0,388.0,1083.0,432.0,1083.0,1936.0,84100.0,86036.0,44.0,290.0,293.318939040765,0.15000736107900947,1.4202206086986735,81.37264685593476
431.0,1084.0,387.0,1084.0,431.0,1084.0,1936.0,83521.0,85457.0,44.0,289.0,292.3302926485724,0.1505146784527562,1.4197074652734638,81.34324590338537
431.0,1083.0,387.0,1083.0,431.0,1083.0,1936.0,84100.0,86036.0,44.0,290.0,293.318939040765,0.15000736107900947,1.4202206086986735,81.37264685593476
431.0,1084.0,386.0,1084.0,431.0,1084.0,2025.0,84100.0,86125.0,45.0,290.0,293.47061181658376,0.15333732983159676,1.4168516623365468,81.17962044797895
431.0,1084.0,386.0,1084.0,431.0,1084.0,2025.0,83521.0,85546.0,45.0,289.0,292.4824781076637,0.15385537038371014,1.4163274007197557,81.14958246997611
430.0,1084.0,386.0,1084.0,430.0,1084.0,1936.0,83521.0,85457.0,44.0,289.0,292.3302926485724,0.1505146784527562,1.4197074652734638,81.34324590338537
430.0,1084.0,386.0,1084.0,430.0,1084.0,1936.0,83521.0,85457.0,44.0,289.0,292.3302926485724,0.1505146784527562,1.4197074652734638,81.34324590338537
429.0,1084.0,385.0,1084.0,429.0,1084.0,1936.0,85849.0,87785.0,44.0,293.0,296.2853354454115,0.14850549364467855,1.421739490001368,81.4596723441605
429.0,1079.0,385.0,1079.0,429.0,1079.0,1936.0,88209.0,90145.0,44.0,297.0,300.24156940703597,0.14654866108946235,1.423717971406494,81.57303097851933
429.0,1084.0,385.0,1084.0,429.0,1084.0,1936.0,85264.0,87200.0,44.0,292.0,295.296461204668,0.1490028015252912,1.4212365869211934,81.43085812016236
429.0,1079.0,385.0,1079.0,429.0,1079.0,1936.0,88209.0,90145.0,44.0,297.0,300.24156940703597,0.14654866108946235,1.423717971406494,81.57303097851933
429.0,1079.0,385.0,1079.0,429.0,1079.0,1936.0,88209.0,90145.0,44.0,297.0,300.24156940703597,0.14654866108946235,1.423717971406494,81.57303097851933
429.0,1079.0,385.0,1079.0,429.0,1079.0,1936.0,88209.0,90145.0,44.0,297.0,300.24156940703597,0.14654866108946235,1.423717971406494,81.57303097851933
429.0,1079.0,385.0,1079.0,429.0,1079.0,1936.0,88209.0,90145.0,44.0,297.0,300.24156940703597,0.14654866108946235,1.423717971406494,81.57303097851933
423.0,1079.0,385.0,1079.0,423.0,1079.0,1444.0,88209.0,89653.0,38.0,297.0,299.42110814035806,0.12691156023037276,1.443541588925795,82.70884059705686
429.0,1079.0,385.0,1079.0,429.0,1079.0,1936.0,85264.0,87200.0,44.0,292.0,295.296461204668,0.1490028015252912,1.4212365869211934,81.43085812016236
429.0,1079.0,385.0,1079.0,429.0,1079.0,1936.0,88209.0,90145.0,44.0,297.0,300.24156940703597,0.14654866108946235,1.423717971406494,81.57303097851933
429.0,1084.0,385.0,1084.0,429.0,1084.0,1936.0,82369.0,84305.0,44.0,287.0,290.3532331488665,0.15153955588102866,1.4186706956547142,81.28384337990362
429.0,1084.0,385.0,1084.0,429.0,1084.0,1936.0,85849.0,87785.0,44.0,293.0,296.2853354454115,0.14850549364467855,1.421739490001368,81.4596723441605
429.0,1084.0,385.0,1084.0,429.0,1084.0,1936.0,85849.0,87785.0,44.0,293.0,296.2853354454115,0.14850549364467855,1.421739490001368,81.4596723441605
429.0,1084.0,385.0,1084.0,429.0,1084.0,1936.0,85264.0,87200.0,44.0,292.0,295.296461204668,0.1490028015252912,1.4212365869211934,81.43085812016236
429.0,1084.0,385.0,1084.0,429.0,1084.0,1936.0,85264.0,87200.0,44.0,292.0,295.296461204668,0.1490028015252912,1.4212365869211934,81.43085812016236
429.0,1084.0,385.0,1084.0,429.0,1084.0,1936.0,85264.0,87200.0,44.0,292.0,295.296461204668,0.1490028015252912,1.4212365869211934,81.43085812016236
429.0,1084.0,385.0,1084.0,429.0,1084.0,1936.0,85849.0,87785.0,44.0,293.0,296.2853354454115,0.14850549364467855,1.421739490001368,81.4596723441605
429.0,1084.0,391.0,1084.0,429.0,1084.0,1444.0,85849.0,87293.0,38.0,293.0,295.45388811115686,0.1286156707665444,1.4418233969807017,82.61039545020965
430.0,1084.0,386.0,1084.0,430.0,1084.0,1936.0,82944.0,84880.0,44.0,288.0,291.3417237540823,0.151025398741513,1.4191908393566237,81.31364541876334
430.0,1084.0,386.0,1084.0,430.0,1084.0,1936.0,82944.0,84880.0,44.0,288.0,291.3417237540823,0.151025398741513,1.4191908393566237,81.31364541876334
430.0,1084.0,385.0,1084.0,430.0,1084.0,2025.0,83521.0,85546.0,45.0,289.0,292.4824781076637,0.15385537038371014,1.4163274007197557,81.14958246997611
430.0,1084.0,391.0,1084.0,430.0,1084.0,1521.0,82944.0,84465.0,39.0,288.0,290.6286290096005,0.13419187274462108,1.4361984126344298,82.28810758734112
430.0,1084.0,386.0,1084.0,430.0,1084.0,1936.0,83521.0,85457.0,44.0,289.0,292.3302926485724,0.1505146784527562,1.4197074652734638,81.34324590338537
430.0,1084.0,386.0,1084.0,430.0,1084.0,1936.0,82944.0,84880.0,44.0,288.0,291.3417237540823,0.151025398741513,1.4191908393566237,81.31364541876334
429.0,1084.0,391.0,1084.0,429.0,1084.0,1444.0,82944.0,84388.0,38.0,288.0,290.4961273407961,0.1308106939250871,1.4396096708117405,82.4835582837305
430.0,1084.0,391.0,1084.0,430.0,1084.0,1521.0,82944.0,84465.0,39.0,288.0,290.6286290096005,0.13419187274462108,1.4361984126344298,82.28810758734112
430.0,1084.0,385.0,1084.0,430.0,1084.0,2025.0,82944.0,84969.0,45.0,288.0,291.49442533262965,0.1543768802736096,1.4157995848709557,81.11934084947976
430.0,1084.0,385.0,1084.0,430.0,1084.0,2025.0,82944.0,84969.0,45.0,288.0,291.49442533262965,0.1543768802736096,1.4157995848709557,81.11934084947976
430.0,1083.0,385.0,1083.0,430.0,1083.0,2025.0,82944.0,84969.0,45.0,288.0,291.49442533262965,0.1543768802736096,1.4157995848709557,81.11934084947976
430.0,1083.0,386.0,1083.0,430.0,1083.0,1936.0,82944.0,84880.0,44.0,288.0,291.3417237540823,0.151025398741513,1.4191908393566237,81.31364541876334
429.0,1084.0,391.0,1084.0,429.0,1084.0,1444.0,82944.0,84388.0,38.0,288.0,290.4961273407961,0.1308106939250871,1.4396096708117405,82.4835582837305
430.0,1083.0,391.0,1083.0,430.0,1083.0,1521.0,83521.0,85042.0,39.0,289.0,291.61961525247233,0.1337358598674352,1.4366585733042265,82.31447285161838
430.0,1083.0,391.0,1083.0,430.0,1083.0,1521.0,84100.0,85621.0,39.0,290.0,292.6106628269038,0.1332829078175827,1.4371156170196928,82.34065952756758
430.0,1084.0,391.0,1084.0,430.0,1084.0,1521.0,83521.0,85042.0,39.0,289.0,291.61961525247233,0.1337358598674352,1.4366585733042265,82.31447285161838
431.0,1084.0,392.0,1084.0,431.0,1084.0,1521.0,83521.0,85042.0,39.0,289.0,291.61961525247233,0.1337358598674352,1.4366585733042265,82.31447285161838
430.0,1084.0,392.0,1084.0,430.0,1084.0,1444.0,83521.0,84965.0,38.0,289.0,291.4875640571995,0.13036576748277034,1.4400584402086063,82.50927087614555
431.0,1083.0,392.0,1083.0,431.0,1083.0,1521.0,83521.0,85042.0,39.0,289.0,291.61961525247233,0.1337358598674352,1.4366585733042265,82.31447285161838
431.0,1083.0,392.0,1083.0,431.0,1083.0,1521.0,84100.0,85621.0,39.0,290.0,292.6106628269038,0.1332829078175827,1.4371156170196928,82.34065952756758
431.0,1083.0,392.0,1083.0,431.0,1083.0,1521.0,84100.0,85621.0,39.0,290.0,292.6106628269038,0.1332829078175827,1.4371156170196928,82.34065952756758
431.0,1083.0,392.0,1083.0,431.0,1083.0,1521.0,84100.0,85621.0,39.0,290.0,292.6106628269038,0.1332829078175827,1.4371156170196928,82.34065952756758
432.0,1083.0,393.0,1083.0,432.0,1083.0,1521.0,83521.0,85042.0,39.0,289.0,291.61961525247233,0.1337358598674352,1.4366585733042265,82.31447285161838
432.0,1083.0,387.0,1083.0,432.0,1083.0,2025.0,83521.0,85546.0,45.0,289.0,292.4824781076637,0.15385537038371014,1.4163274007197557,81.14958246997611
433.0,1089.0,394.0,1089.0,433.0,1089.0,1521.0,80656.0,82177.0,39.0,284.0,286.6653100743095,0.13604715544371382,1.4343259579432839,82.18082383620899
433.0,1083.0,394.0,1083.0,433.0,1083.0,1521.0,84100.0,85621.0,39.0,290.0,292.6106628269038,0.1332829078175827,1.4371156170196928,82.34065952756758
435.0,1081.0,390.0,1081.0,435.0,1081.0,2025.0,82369.0,84394.0,45.0,287.0,290.5064543172836,0.15490189402419324,1.4152681788204353,81.08889352557723
435.0,1087.0,396.0,1087.0,435.0,1087.0,1521.0,78961.0,80482.0,39.0,281.0,283.69349657685143,0.13747230891997222,1.4328872869407778,82.09839405965754
436.0,1082.0,391.0,1082.0,436.0,1082.0,2025.0,82369.0,84394.0,45.0,287.0,290.5064543172836,0.15490189402419324,1.4152681788204353,81.08889352557723
435.0,1087.0,396.0,1087.0,435.0,1087.0,1521.0,78961.0,80482.0,39.0,281.0,283.69349657685143,0.13747230891997222,1.4328872869407778,82.09839405965754
436.0,1087.0,391.0,1087.0,436.0,1087.0,2025.0,80089.0,82114.0,45.0,283.0,286.55540476494247,0.15703769411333524,1.413105916135416,80.965004999527
436.0,1088.0,391.0,1088.0,436.0,1088.0,2025.0,78961.0,80986.0,45.0,281.0,284.5803928593817,0.1581275489426836,1.4120022721041816,80.90177085445247
438.0,1082.0,393.0,1082.0,438.0,1082.0,2025.0,82944.0,84969.0,45.0,288.0,291.49442533262965,0.1543768802736096,1.4157995848709557,81.11934084947976
438.0,1087.0,392.0,1087.0,438.0,1087.0,2116.0,80656.0,82772.0,46.0,284.0,287.7012339215805,0.1598880872806348,1.4102190461075883,80.79959953092965
439.0,1088.0,394.0,1088.0,439.0,1088.0,2025.0,79524.0,81549.0,45.0,282.0,285.56785533389433,0.1575807611377852,1.4125560023440176,80.93349726018383
439.0,1088.0,394.0,1088.0,439.0,1088.0,2025.0,78961.0,80986.0,45.0,281.0,284.5803928593817,0.1581275489426836,1.4120022721041816,80.90177085445247
440.0,1088.0,395.0,1088.0,440.0,1088.0,2025.0,79524.0,81549.0,45.0,282.0,285.56785533389433,0.1575807611377852,1.4125560023440176,80.93349726018383
440.0,1089.0,395.0,1089.0,440.0,1089.0,2025.0,78961.0,80986.0,45.0,281.0,284.5803928593817,0.1581275489426836,1.4120022721041816,80.90177085445247
442.0,1083.0,397.0,1083.0,442.0,1083.0,2025.0,82944.0,84969.0,45.0,288.0,291.49442533262965,0.1543768802736096,1.4157995848709557,81.11934084947976
443.0,1083.0,397.0,1083.0,443.0,1083.0,2116.0,82944.0,85060.0,46.0,288.0,291.6504757410829,0.15772304119550687,1.4124119205065304,80.92524197899132
442.0,1083.0,396.0,1083.0,442.0,1083.0,2116.0,82944.0,85060.0,46.0,288.0,291.6504757410829,0.15772304119550687,1.4124119205065304,80.92524197899132
442.0,1083.0,396.0,1083.0,442.0,1083.0,2116.0,83521.0,85637.0,46.0,289.0,292.6380016334174,0.15719079457637702,1.4129508903188968,80.95612267452488
445.0,1083.0,398.0,1083.0,445.0,1083.0,2209.0,81796.0,84005.0,47.0,286.0,289.836160614924,0.16216058030952235,1.4079165053850273,80.6676736653699
451.0,1089.0,399.0,1089.0,451.0,1089.0,2704.0,81225.0,83929.0,52.0,285.0,289.70502239346837,0.17949291859143268,1.3903253525517185,79.65977485125171
448.0,1090.0,401.0,1090.0,448.0,1090.0,2209.0,78400.0,80609.0,47.0,280.0,283.91724146307143,0.16554119699741165,1.404489572306787,80.47132486331296
454.0,1090.0,401.0,1090.0,454.0,1090.0,2809.0,81796.0,84605.0,53.0,286.0,290.8693864950383,0.182212369059004,1.3875603060774513,79.50134935811867
455.0,1091.0,403.0,1091.0,455.0,1091.0,2704.0,80656.0,83360.0,52.0,284.0,288.7213189218974,0.18010446957699933,1.389703670263678,79.62415507994895
455.0,1097.0,403.0,1097.0,455.0,1097.0,2704.0,77284.0,79988.0,52.0,278.0,282.82149847562863,0.18386155324214493,1.3858827816372112,79.40523428766286
459.0,1093.0,407.0,1093.0,459.0,1093.0,2704.0,82369.0,85073.0,52.0,287.0,291.6727618410742,0.17828198859492272,1.3915561357265014,79.73029353266249
465.0,1099.0,407.0,1099.0,465.0,1099.0,3364.0,78400.0,81764.0,58.0,280.0,285.9440504714165,0.20283688331468813,1.3665421639285158,78.29709851977864
461.0,1095.0,404.0,1095.0,461.0,1095.0,3249.0,79524.0,82773.0,57.0,282.0,287.70297183032363,0.19812099832467653,1.371355780020662,78.57289840605488
467.0,1107.0,404.0,1107.0,467.0,1107.0,3969.0,72900.0,76869.0,63.0,270.0,277.2525924134885,0.22722961560641847,1.3415643935179011,76.86597769360367
470.0,1104.0,401.0,1104.0,470.0,1104.0,4761.0,74529.0,79290.0,69.0,273.0,281.58480072617556,0.24504163513817775,1.323233690090877,75.8157057517292
475.0,1110.0,396.0,1110.0,475.0,1110.0,6241.0,68644.0,74885.0,79.0,262.0,273.6512378923216,0.28868862647383864,1.277939463228332,73.22053771619728
475.0,1108.0,392.0,1108.0,475.0,1108.0,6889.0,67600.0,74489.0,83.0,260.0,272.92673009436066,0.30411092373144943,1.2617913162541359,72.2953170476189
480.0,1114.0,391.0,1114.0,480.0,1114.0,7921.0,62001.0,69922.0,89.0,249.0,264.42768387595123,0.33657595413403024,1.2275179981832929,70.33160057225014
480.0,1119.0,392.0,1119.0,480.0,1119.0,7744.0,58564.0,66308.0,88.0,242.0,257.50339803583176,0.3417430630867044,1.2220253232109897,70.01689347810003
490.0,1123.0,386.0,1123.0,490.0,1123.0,10816.0,58564.0,69380.0,104.0,242.0,263.4008352302627,0.3948354981831554,1.1649075318670834,66.74428509898533
497.0,1121.0,387.0,1121.0,497.0,1121.0,12100.0,57600.0,69700.0,110.0,240.0,264.0075756488817,0.4166547104932136,1.1410340476982082,65.37643521383639
502.0,1137.0,382.0,1137.0,502.0,1137.0,14400.0,52441.0,66841.0,120.0,229.0,258.5362643808408,0.4641515196615983,1.0881198730204005,62.34467632838
505.0,1131.0,385.0,1131.0,505.0,1131.0,14400.0,56644.0,71044.0,120.0,238.0,266.54080363051355,0.45021249416786263,1.1037930256919406,63.24268182812344
510.0,1142.0,380.0,1142.0,510.0,1142.0,16900.0,51529.0,68429.0,130.0,227.0,261.5893728728291,0.4969620844008794,1.0507018960948584,60.20078417262854
511.0,1142.0,381.0,1142.0,511.0,1142.0,16900.0,51529.0,68429.0,130.0,227.0,261.5893728728291,0.4969620844008794,1.0507018960948584,60.20078417262854
521.0,1148.0,375.0,1148.0,521.0,1148.0,21316.0,48841.0,70157.0,146.0,221.0,264.87166703896435,0.5512103337897687,0.986982180429606,56.54991339323594
518.0,1148.0,380.0,1148.0,518.0,1148.0,19044.0,49729.0,68773.0,138.0,223.0,262.24606765402604,0.5262233338120424,1.0166432230577662,58.24936595178714
528.0,1153.0,374.0,1153.0,528.0,1153.0,23716.0,47524.0,71240.0,154.0,218.0,266.9082239272518,0.5769773509937784,0.9557732740600643,54.76177477504225
528.0,1157.0,376.0,1157.0,528.0,1157.0,23104.0,48400.0,71504.0,152.0,220.0,267.4023186137323,0.5684318699553494,0.9661977367014198,55.35905248808372
532.0,1168.0,375.0,1168.0,532.0,1168.0,24649.0,43681.0,68330.0,157.0,209.0,261.4000765110829,0.600611912955364,0.926530107209823,53.086264734926544
532.0,1168.0,378.0,1168.0,532.0,1168.0,23716.0,42849.0,66565.0,154.0,207.0,258.00193797721755,0.5968947412077142,0.9311711675842993,53.35217790684944
537.0,1174.0,378.0,1174.0,537.0,1174.0,25281.0,40000.0,65281.0,159.0,200.0,255.50146770615623,0.6223056228501224,0.899111609774565,51.51530055129599
540.0,1173.0,382.0,1173.0,540.0,1173.0,24964.0,41616.0,66580.0,158.0,204.0,258.0310058888272,0.61232951232254,0.9117925840765957,52.241866858916204
550.0,1183.0,387.0,1183.0,550.0,1183.0,26569.0,37636.0,64205.0,163.0,194.0,253.38705570727168,0.6432846364034777,0.8720156269380376,49.96281509300405
552.0,1181.0,390.0,1181.0,552.0,1181.0,26244.0,40401.0,66645.0,162.0,201.0,258.15692901799093,0.627525283230768,0.8924256364468225,51.13222249767931
551.0,1191.0,390.0,1191.0,551.0,1191.0,25921.0,36481.0,62402.0,161.0,191.0,249.8039231077046,0.6445054905346054,0.8704199760496665,49.871391031524084
553.0,1190.0,390.0,1190.0,553.0,1190.0,26569.0,37249.0,63818.0,163.0,193.0,252.62224763468478,0.6452321659164126,0.8694691951109235,49.816915296492624
557.0,1200.0,390.0,1200.0,557.0,1200.0,27889.0,31329.0,59218.0,167.0,177.0,243.34748817277733,0.6862614496412208,0.8144597465062614,46.665106058103675
559.0,1199.0,385.0,1199.0,559.0,1199.0,30276.0,32041.0,62317.0,174.0,179.0,249.63373169505758,0.6970211870747954,0.7995615222104056,45.81150068371187
566.0,1211.0,389.0,1211.0,566.0,1211.0,31329.0,27889.0,59218.0,177.0,167.0,243.34748817277733,0.727354949619737,0.7563365802886352,43.334893941896325
566.0,1213.0,391.0,1213.0,566.0,1213.0,30625.0,27556.0,58181.0,175.0,166.0,241.2073796549351,0.7255167741979967,0.7590113273045463,43.48814565717325
571.0,1218.0,386.0,1218.0,571.0,1218.0,34225.0,25600.0,59825.0,185.0,160.0,244.59149617270018,0.7563631724521442,0.7130608328588534,40.85537625889571
574.0,1218.0,383.0,1218.0,574.0,1218.0,36481.0,24964.0,61445.0,191.0,158.0,247.88101984621574,0.770530959242041,0.6911225894736338,39.59840750299183
583.0,1232.0,378.0,1232.0,583.0,1232.0,42025.0,17956.0,59981.0,205.0,134.0,244.91018761987016,0.8370415375214381,0.5789428287796341,33.170980668438084
585.0,1230.0,377.0,1230.0,585.0,1230.0,43264.0,18225.0,61489.0,208.0,135.0,247.9697562203907,0.8388119711467298,0.5756989738641755,32.98512147242954
589.0,1245.0,372.0,1245.0,589.0,1245.0,47089.0,13225.0,60314.0,217.0,115.0,245.58908770545975,0.8835897475227106,0.48732260181137593,27.92152834512621
591.0,1247.0,371.0,1247.0,591.0,1247.0,48400.0,12100.0,60500.0,220.0,110.0,245.96747752497686,0.894427190999916,0.4636476090008059,26.56505117707798
596.0,1256.0,371.0,1256.0,596.0,1256.0,50625.0,10201.0,60826.0,225.0,101.0,246.62927644543743,0.9123004504689347,0.4219295411124464,24.174781957634732
599.0,1256.0,371.0,1256.0,599.0,1256.0,51984.0,10816.0,62800.0,228.0,104.0,250.59928172283335,0.9098190482930892,0.4279484963214822,24.519642688190764
606.0,1266.0,373.0,1266.0,606.0,1266.0,54289.0,9025.0,63314.0,233.0,95.0,251.62273347215668,0.9259894636101417,0.3871483458594971,22.181966263220282
611.0,1267.0,376.0,1267.0,611.0,1267.0,55225.0,8100.0,63325.0,235.0,90.0,251.6445906432324,0.9338567516961644,0.36574730126234434,20.955776730632177
617.0,1269.0,373.0,1269.0,617.0,1269.0,59536.0,7225.0,66761.0,244.0,85.0,258.3815008858026,0.9443400520683606,0.3352136332120258,19.20632641829548
621.0,1274.0,377.0,1274.0,621.0,1274.0,59536.0,5625.0,65161.0,244.0,75.0,255.266527378738,0.9558636712207007,0.29821091316096343,17.0862267288655
635.0,1279.0,382.0,1279.0,635.0,1279.0,64009.0,4900.0,68909.0,253.0,70.0,262.50523804297694,0.963790291904877,0.26992727483527174,15.465693623528903
634.0,1277.0,382.0,1277.0,634.0,1277.0,63504.0,5329.0,68833.0,252.0,73.0,262.36043909095747,0.9605106656824673,0.28196456406256576,16.155379493031145
639.0,1283.0,382.0,1283.0,639.0,1283.0,66049.0,4624.0,70673.0,257.0,68.0,265.84393918237066,0.9667325905206976,0.25866394009244786,14.820352079522028
641.0,1280.0,386.0,1280.0,641.0,1280.0,65025.0,5329.0,70354.0,255.0,73.0,265.24328455212583,0.9613815498875984,0.2788175253492875,15.975067456796017
650.0,1289.0,386.0,1289.0,650.0,1289.0,69696.0,4096.0,73792.0,264.0,64.0,271.64682954159434,0.9718501056887047,0.23783592745745105,13.626994859891557
652.0,1285.0,389.0,1285.0,652.0,1285.0,69169.0,4761.0,73930.0,263.0,69.0,271.9007171744863,0.9672648264153916,0.2565749318837747,14.700660725796872
657.0,1285.0,384.0,1285.0,657.0,1285.0,74529.0,4096.0,78625.0,273.0,64.0,280.40149785619906,0.9736039289633365,0.2302738407490133,13.193719207186097
659.0,1288.0,385.0,1288.0,659.0,1288.0,75076.0,4096.0,79172.0,274.0,64.0,281.37519435799595,0.9737887542829649,0.2294626670061725,13.147242375269489
659.0,1288.0,386.0,1288.0,659.0,1288.0,74529.0,4225.0,78754.0,273.0,65.0,280.6314308839977,0.9728062146853669,0.23374318086890142,13.392497753751098
655.0,1291.0,384.0,1291.0,655.0,1291.0,73441.0,3969.0,77410.0,271.0,63.0,278.22652641328074,0.974026465030346,0.22841522595653768,13.087228423836661
659.0,1290.0,384.0,1290.0,659.0,1290.0,75625.0,3969.0,79594.0,275.0,63.0,282.1240861748603,0.9747483943272933,0.22520480051987296,12.903284595874329
661.0,1290.0,385.0,1290.0,661.0,1290.0,76176.0,3969.0,80145.0,276.0,63.0,283.0989226401259,0.9749242329362375,0.22441600903714537,12.858090172998171
661.0,1291.0,386.0,1291.0,661.0,1291.0,75625.0,3844.0,79469.0,275.0,62.0,281.9024654024863,0.9755147036666341,0.22174704311679047,12.705169690097586
662.0,1292.0,381.0,1292.0,662.0,1292.0,78961.0,3721.0,82682.0,281.0,61.0,287.544779121444,0.9772390959716233,0.21376517529819156,12.247842351460575
662.0,1292.0,381.0,1292.0,662.0,1292.0,78961.0,3721.0,82682.0,281.0,61.0,287.544779121444,0.9772390959716233,0.21376517529819156,12.247842351460575
658.0,1297.0,381.0,1297.0,658.0,1297.0,76729.0,3364.0,80093.0,277.0,58.0,283.0070670495703,0.9787741447159052,0.20640432514029702,11.826096703785012
653.0,1296.0,382.0,1296.0,653.0,1296.0,73441.0,3481.0,76922.0,271.0,59.0,277.34815665513264,0.9771112354533287,0.21436705610325527,12.282327581360661
654.0,1297.0,383.0,1297.0,654.0,1297.0,73441.0,2809.0,76250.0,271.0,53.0,276.1340254296815,0.981407487100901,0.1931342220075822,11.065775800577121
654.0,1297.0,379.0,1297.0,654.0,1297.0,75625.0,2809.0,78434.0,275.0,53.0,280.0607077045975,0.9819299617355268,0.19039287319670792,10.908708083540818
653.0,1298.0,378.0,1298.0,653.0,1298.0,75625.0,2809.0,78434.0,275.0,53.0,280.0607077045975,0.9819299617355268,0.19039287319670792,10.908708083540818
653.0,1302.0,378.0,1302.0,653.0,1302.0,75625.0,2809.0,78434.0,275.0,53.0,280.0607077045975,0.9819299617355268,0.19039287319670792,10.908708083540818
651.0,1298.0,379.0,1298.0,651.0,1298.0,73984.0,2809.0,76793.0,272.0,53.0,277.1154993860863,0.9815401902909833,0.19244160179189143,11.0260915854126
651.0,1298.0,379.0,1298.0,651.0,1298.0,73984.0,2809.0,76793.0,272.0,53.0,277.1154993860863,0.9815401902909833,0.19244160179189143,11.0260915854126
652.0,1301.0,380.0,1301.0,652.0,1301.0,73984.0,2809.0,76793.0,272.0,53.0,277.1154993860863,0.9815401902909833,0.19244160179189143,11.0260915854126
652.0,1301.0,375.0,1301.0,652.0,1301.0,76729.0,2809.0,79538.0,277.0,53.0,282.0248216026384,0.9821830519239965,0.18905083004414713,10.831814674974654
652.0,1304.0,376.0,1304.0,652.0,1304.0,76176.0,2809.0,78985.0,276.0,53.0,281.04270138183625,0.9820571701131457,0.18971950684737587,10.87012703365796
653.0,1303.0,376.0,1303.0,653.0,1303.0,76729.0,2916.0,79645.0,277.0,54.0,282.21445746098834,0.9815230675710186,0.19253110899058848,11.031219970133979
653.0,1303.0,377.0,1303.0,653.0,1303.0,76176.0,2809.0,78985.0,276.0,53.0,281.04270138183625,0.9820571701131457,0.18971950684737587,10.87012703365796
657.0,1303.0,376.0,1303.0,657.0,1303.0,78961.0,2809.0,81770.0,281.0,53.0,285.9545418418809,0.9826736732000553,0.18642206343868845,10.681197443156938
658.0,1303.0,377.0,1303.0,658.0,1303.0,78961.0,2809.0,81770.0,281.0,53.0,285.9545418418809,0.9826736732000553,0.18642206343868845,10.681197443156938
658.0,1303.0,377.0,1303.0,658.0,1303.0,78961.0,2809.0,81770.0,281.0,53.0,285.9545418418809,0.9826736732000553,0.18642206343868845,10.681197443156938
657.0,1303.0,376.0,1303.0,657.0,1303.0,78961.0,2809.0,81770.0,281.0,53.0,285.9545418418809,0.9826736732000553,0.18642206343868845,10.681197443156938
657.0,1303.0,376.0,1303.0,657.0,1303.0,78961.0,2916.0,81877.0,281.0,54.0,286.14157335137446,0.9820313654840336,0.18985629214334718,10.877964253816563
657.0,1303.0,376.0,1303.0,657.0,1303.0,78961.0,2809.0,81770.0,281.0,53.0,285.9545418418809,0.9826736732000553,0.18642206343868845,10.681197443156938
658.0,1298.0,376.0,1298.0,658.0,1298.0,79524.0,3481.0,83005.0,282.0,59.0,288.1058833137567,0.9788068079571038,0.20624488636613786,11.816961534934952
657.0,1304.0,380.0,1304.0,657.0,1304.0,76729.0,2809.0,79538.0,277.0,53.0,282.0248216026384,0.9821830519239965,0.18905083004414713,10.831814674974654
657.0,1299.0,375.0,1299.0,657.0,1299.0,79524.0,3364.0,82888.0,282.0,58.0,287.9027613622349,0.9794973784401875,0.20284509718409302,11.62216796356955
661.0,1298.0,380.0,1298.0,661.0,1298.0,78961.0,3364.0,82325.0,281.0,58.0,286.9233347080715,0.9793556884660563,0.20354722524342278,11.662396938046856
661.0,1298.0,380.0,1298.0,661.0,1298.0,78961.0,3364.0,82325.0,281.0,58.0,286.9233347080715,0.9793556884660563,0.20354722524342278,11.662396938046856
657.0,1299.0,375.0,1299.0,657.0,1299.0,79524.0,3364.0,82888.0,282.0,58.0,287.9027613622349,0.9794973784401875,0.20284509718409302,11.62216796356955
656.0,1299.0,375.0,1299.0,656.0,1299.0,78961.0,3364.0,82325.0,281.0,58.0,286.9233347080715,0.9793556884660563,0.20354722524342278,11.662396938046856
657.0,1299.0,375.0,1299.0,657.0,1299.0,79524.0,3364.0,82888.0,282.0,58.0,287.9027613622349,0.9794973784401875,0.20284509718409302,11.62216796356955
656.0,1299.0,375.0,1299.0,656.0,1299.0,78961.0,3364.0,82325.0,281.0,58.0,286.9233347080715,0.9793556884660563,0.20354722524342278,11.662396938046856
656.0,1299.0,375.0,1299.0,656.0,1299.0,78961.0,3364.0,82325.0,281.0,58.0,286.9233347080715,0.9793556884660563,0.20354722524342278,11.662396938046856
656.0,1299.0,375.0,1299.0,656.0,1299.0,78961.0,3364.0,82325.0,281.0,58.0,286.9233347080715,0.9793556884660563,0.20354722524342278,11.662396938046856
660.0,1299.0,379.0,1299.0,660.0,1299.0,78961.0,3364.0,82325.0,281.0,58.0,286.9233347080715,0.9793556884660563,0.20354722524342278,11.662396938046856
660.0,1299.0,379.0,1299.0,660.0,1299.0,78961.0,3364.0,82325.0,281.0,58.0,286.9233347080715,0.9793556884660563,0.20354722524342278,11.662396938046856
659.0,1303.0,374.0,1303.0,659.0,1303.0,81225.0,2809.0,84034.0,285.0,53.0,289.88618456214846,0.983144472477953,0.1838645859639502,10.534664777654662
660.0,1303.0,374.0,1303.0,660.0,1303.0,81796.0,2809.0,84605.0,286.0,53.0,290.8693864950383,0.983259199073116,0.1832360207174447,10.498650641881296
658.0,1299.0,377.0,1299.0,658.0,1299.0,78961.0,3364.0,82325.0,281.0,58.0,286.9233347080715,0.9793556884660563,0.20354722524342278,11.662396938046856
658.0,1299.0,377.0,1299.0,658.0,1299.0,78961.0,3364.0,82325.0,281.0,58.0,286.9233347080715,0.9793556884660563,0.20354722524342278,11.662396938046856
654.0,1299.0,378.0,1299.0,654.0,1299.0,76176.0,3364.0,79540.0,276.0,58.0,282.02836736753983,0.9786249609434372,0.20713099635648227,11.867731897566067
659.0,1299.0,378.0,1299.0,659.0,1299.0,78961.0,3364.0,82325.0,281.0,58.0,286.9233347080715,0.9793556884660563,0.20354722524342278,11.662396938046856
658.0,1299.0,378.0,1299.0,658.0,1299.0,78400.0,3364.0,81764.0,280.0,58.0,285.9440504714165,0.9792125401398736,0.20425416286638104,11.702901480221374
658.0,1298.0,378.0,1298.0,658.0,1298.0,78400.0,3364.0,81764.0,280.0,58.0,285.9440504714165,0.9792125401398736,0.20425416286638104,11.702901480221374
659.0,1298.0,374.0,1298.0,659.0,1298.0,81225.0,3364.0,84589.0,285.0,58.0,290.84188144075813,0.9799138920026961,0.20076709124206743,11.503106993288377
659.0,1298.0,378.0,1298.0,659.0,1298.0,78961.0,3364.0,82325.0,281.0,58.0,286.9233347080715,0.9793556884660563,0.20354722524342278,11.662396938046856
656.0,1303.0,375.0,1303.0,656.0,1303.0,78961.0,2809.0,81770.0,281.0,53.0,285.9545418418809,0.9826736732000553,0.18642206343868845,10.681197443156938
660.0,1303.0,374.0,1303.0,660.0,1303.0,81796.0,2809.0,84605.0,286.0,53.0,290.8693864950383,0.983259199073116,0.1832360207174447,10.498650641881296
656.0,1299.0,375.0,1299.0,656.0,1299.0,78961.0,3364.0,82325.0,281.0,58.0,286.9233347080715,0.9793556884660563,0.20354722524342278,11.662396938046856
656.0,1303.0,375.0,1303.0,656.0,1303.0,78961.0,2916.0,81877.0,281.0,54.0,286.14157335137446,0.9820313654840336,0.18985629214334718,10.877964253816563
656.0,1303.0,374.0,1303.0,656.0,1303.0,79524.0,2916.0,82440.0,282.0,54.0,287.12366673612956,0.9821551918921464,0.18919902209996758,10.840305454330533
656.0,1299.0,375.0,1299.0,656.0,1299.0,78961.0,3364.0,82325.0,281.0,58.0,286.9233347080715,0.9793556884660563,0.20354722524342278,11.662396938046856
660.0,1298.0,374.0,1298.0,660.0,1298.0,81796.0,3481.0,85277.0,286.0,59.0,292.02225942554446,0.9793773959649814,0.20343981129434452,11.656242572103839
656.0,1299.0,374.0,1299.0,656.0,1299.0,79524.0,3364.0,82888.0,282.0,58.0,287.9027613622349,0.9794973784401875,0.20284509718409302,11.62216796356955
656.0,1300.0,374.0,1300.0,656.0,1300.0,79524.0,3364.0,82888.0,282.0,58.0,287.9027613622349,0.9794973784401875,0.20284509718409302,11.62216796356955
661.0,1300.0,374.0,1300.0,661.0,1300.0,82369.0,3364.0,85733.0,287.0,58.0,292.8019808676164,0.9801846256284734,0.199404934238637,11.425061145957626
656.0,1300.0,374.0,1300.0,656.0,1300.0,79524.0,3364.0,82888.0,282.0,58.0,287.9027613622349,0.9794973784401875,0.20284509718409302,11.62216796356955
660.0,1300.0,378.0,1300.0,660.0,1300.0,79524.0,3364.0,82888.0,282.0,58.0,287.9027613622349,0.9794973784401875,0.20284509718409302,11.62216796356955
660.0,1299.0,378.0,1299.0,660.0,1299.0,79524.0,3364.0,82888.0,282.0,58.0,287.9027613622349,0.9794973784401875,0.20284509718409302,11.62216796356955
659.0,1300.0,377.0,1300.0,659.0,1300.0,79524.0,3364.0,82888.0,282.0,58.0,287.9027613622349,0.9794973784401875,0.20284509718409302,11.62216796356955
660.0,1299.0,378.0,1299.0,660.0,1299.0,79524.0,3364.0,82888.0,282.0,58.0,287.9027613622349,0.9794973784401875,0.20284509718409302,11.62216796356955
660.0,1299.0,378.0,1299.0,660.0,1299.0,79524.0,3481.0,83005.0,282.0,59.0,288.1058833137567,0.9788068079571038,0.20624488636613786,11.816961534934952
660.0,1300.0,378.0,1300.0,660.0,1300.0,79524.0,3364.0,82888.0,282.0,58.0,287.9027613622349,0.9794973784401875,0.20284509718409302,11.62216796356955
656.0,1300.0,373.0,1300.0,656.0,1300.0,80089.0,3364.0,83453.0,283.0,58.0,288.88232898535,0.9796376295981458,0.20214773045813636,11.582211793399377
655.0,1300.0,377.0,1300.0,655.0,1300.0,77284.0,3364.0,80648.0,278.0,58.0,283.9859151436916,0.9789217886363736,0.2056826629537698,11.78474850626282
660.0,1301.0,377.0,1301.0,660.0,1301.0,80089.0,3364.0,83453.0,283.0,58.0,288.88232898535,0.9796376295981458,0.20214773045813636,11.582211793399377
656.0,1300.0,374.0,1300.0,656.0,1300.0,79524.0,3364.0,82888.0,282.0,58.0,287.9027613622349,0.9794973784401875,0.20284509718409302,11.62216796356955
657.0,1300.0,374.0,1300.0,657.0,1300.0,80089.0,3481.0,83570.0,283.0,59.0,289.0847626562147,0.9789516313474785,0.20553649261764345,11.776373562912772
660.0,1300.0,374.0,1300.0,660.0,1300.0,81796.0,3364.0,85160.0,286.0,58.0,291.82186347153635,0.9800499407334359,0.20008372541776798,11.463953015692539
660.0,1300.0,374.0,1300.0,660.0,1300.0,81796.0,3481.0,85277.0,286.0,59.0,292.02225942554446,0.9793773959649814,0.20343981129434452,11.656242572103839
660.0,1301.0,378.0,1301.0,660.0,1301.0,79524.0,3364.0,82888.0,282.0,58.0,287.9027613622349,0.9794973784401875,0.20284509718409302,11.62216796356955
