sho_x(coord),sho_y(coord),hip_x(coord),hip_y(coord),c_x(coord),c_y(coord),a_sq(dis),b_sq(dis),c_sq(dis),a(dis),b(dis),c(dis),cos(rad)),theta(theta),degree(deg)
558.0,888.0,620.0,888.0,558.0,888.0,3844.0,131769.0,135613.0,62.0,363.0,368.25670394440886,0.16836081824421958,1.4016298138575283,99.69252722625644
558.0,883.0,620.0,883.0,558.0,883.0,3844.0,131769.0,135613.0,62.0,363.0,368.25670394440886,0.16836081824421958,1.4016298138575283,99.69252722625644
559.0,883.0,620.0,883.0,559.0,883.0,3721.0,131769.0,135490.0,61.0,363.0,368.0896629898753,0.16572049186200014,1.4043077663053645,99.5390918532587
558.0,883.0,619.0,883.0,558.0,883.0,3721.0,131769.0,135490.0,61.0,363.0,368.0896629898753,0.16572049186200014,1.4043077663053645,99.5390918532587
558.0,883.0,619.0,883.0,558.0,883.0,3721.0,131769.0,135490.0,61.0,363.0,368.0896629898753,0.16572049186200014,1.4043077663053645,99.5390918532587
558.0,883.0,619.0,883.0,558.0,883.0,3721.0,131769.0,135490.0,61.0,363.0,368.0896629898753,0.16572049186200014,1.4043077663053645,99.5390918532587
557.0,884.0,619.0,884.0,557.0,884.0,3844.0,131044.0,134888.0,62.0,362.0,367.27101709772853,0.1688126672503052,1.4011714035384368,99.71879220282563
557.0,884.0,619.0,884.0,557.0,884.0,3844.0,131044.0,134888.0,62.0,362.0,367.27101709772853,0.1688126672503052,1.4011714035384368,99.71879220282563
557.0,885.0,618.0,885.0,557.0,885.0,3721.0,130321.0,134042.0,61.0,361.0,366.1174674882366,0.16661319225901158,1.403402480274437,99.590960922083
557.0,885.0,618.0,885.0,557.0,885.0,3721.0,131044.0,134765.0,61.0,362.0,367.1035276321926,0.1661656601162301,1.4038563391601133,99.56495672343922
557.0,883.0,619.0,883.0,557.0,883.0,3844.0,131769.0,135613.0,62.0,363.0,368.25670394440886,0.16836081824421958,1.4016298138575283,99.69252722625644
557.0,884.0,618.0,884.0,557.0,884.0,3721.0,131044.0,134765.0,61.0,362.0,367.1035276321926,0.1661656601162301,1.4038563391601133,99.56495672343922
557.0,884.0,618.0,884.0,557.0,884.0,3721.0,131044.0,134765.0,61.0,362.0,367.1035276321926,0.1661656601162301,1.4038563391601133,99.56495672343922
557.0,884.0,618.0,884.0,557.0,884.0,3721.0,131044.0,134765.0,61.0,362.0,367.1035276321926,0.1661656601162301,1.4038563391601133,99.56495672343922
557.0,884.0,618.0,884.0,557.0,884.0,3721.0,131044.0,134765.0,61.0,362.0,367.1035276321926,0.1661656601162301,1.4038563391601133,99.56495672343922
557.0,884.0,618.0,884.0,557.0,884.0,3721.0,131044.0,134765.0,61.0,362.0,367.1035276321926,0.1661656601162301,1.4038563391601133,99.56495672343922
557.0,884.0,618.0,884.0,557.0,884.0,3721.0,131044.0,134765.0,61.0,362.0,367.1035276321926,0.1661656601162301,1.4038563391601133,99.56495672343922
557.0,884.0,618.0,884.0,557.0,884.0,3721.0,131044.0,134765.0,61.0,362.0,367.1035276321926,0.1661656601162301,1.4038563391601133,99.56495672343922
557.0,884.0,618.0,884.0,557.0,884.0,3721.0,131044.0,134765.0,61.0,362.0,367.1035276321926,0.1661656601162301,1.4038563391601133,99.56495672343922
557.0,884.0,623.0,884.0,557.0,884.0,4356.0,131044.0,135400.0,66.0,362.0,367.96738985948195,0.17936372031555253,1.3904566821695448,100.33270051592177
557.0,885.0,618.0,885.0,557.0,885.0,3721.0,130321.0,134042.0,61.0,361.0,366.1174674882366,0.16661319225901158,1.403402480274437,99.590960922083
557.0,885.0,623.0,885.0,557.0,885.0,4356.0,130321.0,134677.0,66.0,361.0,366.98365086199686,0.1798445239862173,1.3899679308940172,100.36070390124115
557.0,884.0,623.0,884.0,557.0,884.0,4356.0,131044.0,135400.0,66.0,362.0,367.96738985948195,0.17936372031555253,1.3904566821695448,100.33270051592177
557.0,885.0,623.0,885.0,557.0,885.0,4356.0,130321.0,134677.0,66.0,361.0,366.98365086199686,0.1798445239862173,1.3899679308940172,100.36070390124115
557.0,884.0,623.0,884.0,557.0,884.0,4356.0,131044.0,135400.0,66.0,362.0,367.96738985948195,0.17936372031555253,1.3904566821695448,100.33270051592177
557.0,884.0,623.0,884.0,557.0,884.0,4356.0,131044.0,135400.0,66.0,362.0,367.96738985948195,0.17936372031555253,1.3904566821695448,100.33270051592177
556.0,886.0,622.0,886.0,556.0,886.0,4356.0,129600.0,133956.0,66.0,360.0,366.0,0.18032786885245902,1.3894765523934063,100.38885781546962
556.0,886.0,622.0,886.0,556.0,886.0,4356.0,129600.0,133956.0,66.0,360.0,366.0,0.18032786885245902,1.3894765523934063,100.38885781546962
556.0,887.0,622.0,887.0,556.0,887.0,4356.0,129600.0,133956.0,66.0,360.0,366.0,0.18032786885245902,1.3894765523934063,100.38885781546962
551.0,887.0,622.0,887.0,551.0,887.0,5041.0,129600.0,134641.0,71.0,360.0,366.93459907727424,0.19349497207007132,1.376073128301226,101.15681744697551
551.0,887.0,622.0,887.0,551.0,887.0,5041.0,129600.0,134641.0,71.0,360.0,366.93459907727424,0.19349497207007132,1.376073128301226,101.15681744697551
550.0,888.0,621.0,888.0,550.0,888.0,5041.0,125316.0,130357.0,71.0,354.0,361.04985805287333,0.19664874093262355,1.3728575839457489,101.34105456738146
545.0,887.0,621.0,887.0,545.0,887.0,5776.0,128881.0,134657.0,76.0,359.0,366.9564006799718,0.20710907306473375,1.362177293813989,101.95299011590652
544.0,884.0,620.0,884.0,544.0,884.0,5776.0,128164.0,133940.0,76.0,358.0,365.9781414237741,0.20766267543830694,1.3616113882019396,101.98541411907972
544.0,884.0,620.0,884.0,544.0,884.0,5776.0,128881.0,134657.0,76.0,359.0,366.9564006799718,0.20710907306473375,1.362177293813989,101.95299011590652
538.0,890.0,624.0,890.0,538.0,890.0,7396.0,124609.0,132005.0,86.0,353.0,363.3249234500711,0.236702726538435,1.3318256020617363,103.69201395439264
533.0,889.0,624.0,889.0,533.0,889.0,8281.0,125316.0,133597.0,91.0,354.0,365.5092338094894,0.24896771841181717,1.319182060994624,104.4164354956385
528.0,895.0,624.0,895.0,528.0,895.0,9216.0,121104.0,130320.0,96.0,348.0,360.99861495579177,0.26592899812581344,1.3016288340091962,105.42216131873867
523.0,897.0,624.0,897.0,523.0,897.0,10201.0,117649.0,127850.0,101.0,343.0,357.56118357562247,0.28246913993850503,1.2844292285224057,106.40762612242182
512.0,898.0,623.0,898.0,512.0,898.0,12321.0,117649.0,129970.0,111.0,343.0,360.51352263126,0.30789413720143,1.2578174772426973,107.93236715620097
508.0,903.0,624.0,903.0,508.0,903.0,13456.0,114244.0,127700.0,116.0,338.0,357.35136770411276,0.3246104828009168,1.2401964458819967,108.94197788383678
498.0,905.0,624.0,905.0,498.0,905.0,15876.0,113569.0,129445.0,126.0,337.0,359.784657816311,0.3502094857650368,1.2130015833452634,110.50012873163004
492.0,910.0,623.0,910.0,492.0,910.0,17161.0,110224.0,127385.0,131.0,332.0,356.91035288990986,0.3670389467251105,1.1949725377262421,111.53311695424878
482.0,916.0,623.0,916.0,482.0,916.0,19881.0,106929.0,126810.0,141.0,327.0,356.10391741737413,0.39595183625778524,1.1636921547389079,113.32535088097586
471.0,919.0,621.0,919.0,471.0,919.0,22500.0,105625.0,128125.0,150.0,325.0,357.94552658190884,0.4190581774617469,1.1383885512243588,114.77514056883192
461.0,922.0,619.0,922.0,461.0,922.0,24964.0,103684.0,128648.0,158.0,322.0,358.6753406633916,0.4405097928052971,1.1146298749813182,116.13641244437588
451.0,920.0,619.0,920.0,451.0,920.0,28224.0,102400.0,130624.0,168.0,320.0,361.4194239384486,0.46483389898992034,1.0873493252276976,117.69947280805499
437.0,927.0,614.0,927.0,437.0,927.0,31329.0,97969.0,129298.0,177.0,313.0,359.58031091815917,0.49224052214662384,1.0561344874231897,119.4879512724387
427.0,925.0,617.0,925.0,427.0,925.0,36100.0,99856.0,135956.0,190.0,316.0,368.72211758992705,0.5152932003154413,1.029446594234493,121.01705491624696
416.0,925.0,610.0,925.0,416.0,925.0,37636.0,99856.0,137492.0,194.0,316.0,370.7991370000745,0.5231943136910835,1.0202014145406433,121.5467646935446
406.0,926.0,605.0,926.0,406.0,926.0,39601.0,96721.0,136322.0,199.0,311.0,369.218092731112,0.5389768375866792,1.001574384895551,122.61401487707346
396.0,923.0,604.0,923.0,396.0,923.0,43264.0,98596.0,141860.0,208.0,314.0,376.64306710730784,0.5522469896963206,0.9857392228290935,123.52130283138713
386.0,922.0,599.0,922.0,386.0,922.0,45369.0,96100.0,141469.0,213.0,310.0,376.12364988125915,0.5663031294821352,0.9687828407105966,124.4928319625881
377.0,920.0,593.0,920.0,377.0,920.0,46656.0,97344.0,144000.0,216.0,312.0,379.4733192202055,0.5692099788303083,0.9652516631899265,124.69515353123397
366.0,918.0,590.0,918.0,366.0,918.0,50176.0,96100.0,146276.0,224.0,310.0,382.4604554721965,0.5856814653516094,0.9450757707804649,125.85114701420616
360.0,919.0,584.0,919.0,360.0,919.0,50176.0,93025.0,143201.0,224.0,305.0,378.41907985723975,0.5919363264783186,0.9373371637405673,126.29453653690251
354.0,918.0,578.0,918.0,354.0,918.0,50176.0,91204.0,141380.0,224.0,302.0,376.0053191113126,0.5957362532248833,0.9326143167731281,126.56513573542294
347.0,911.0,573.0,911.0,347.0,911.0,51076.0,91809.0,142885.0,226.0,303.0,378.00132274900835,0.5978815056953207,0.9299407144754614,126.71832186317572
344.0,908.0,571.0,908.0,344.0,908.0,51529.0,89401.0,140930.0,227.0,299.0,375.40644640176333,0.6046779488625579,0.9214348695344466,127.20567087948857
340.0,898.0,569.0,898.0,340.0,898.0,52441.0,85264.0,137705.0,229.0,292.0,371.0862433451286,0.6171072199704764,0.9057352169094464,128.1051947147226
334.0,892.0,561.0,892.0,334.0,892.0,51529.0,81796.0,133325.0,227.0,286.0,365.1369606051954,0.6216845307135147,0.8999048095267497,128.43925245059302
331.0,885.0,557.0,885.0,331.0,885.0,51076.0,81796.0,132872.0,226.0,286.0,364.51611761347397,0.6200000194220388,0.9020535988385175,128.31613589196587
328.0,873.0,552.0,873.0,328.0,873.0,50176.0,84100.0,134276.0,224.0,290.0,366.4368977054576,0.6112921526261023,0.9131040309937534,127.68299276767522
324.0,866.0,550.0,866.0,324.0,866.0,51076.0,81796.0,132872.0,226.0,286.0,364.51611761347397,0.6200000194220388,0.9020535988385175,128.31613589196587
322.0,854.0,539.0,854.0,322.0,854.0,47089.0,83521.0,130610.0,217.0,289.0,361.4000553403389,0.6004426308005018,0.9267418146270052,126.9016053235773
322.0,846.0,535.0,846.0,322.0,846.0,45369.0,81796.0,127165.0,213.0,286.0,356.6020190632689,0.5973045260918984,0.9306603202742744,126.6770914879906
322.0,836.0,531.0,836.0,322.0,836.0,43681.0,82944.0,126625.0,209.0,288.0,355.8440669731617,0.5873359131087131,0.9430330978632075,125.96818355129068
319.0,826.0,532.0,826.0,319.0,826.0,45369.0,82369.0,127738.0,213.0,287.0,357.4045327076868,0.595963342675925,0.9323315492304731,126.58133712220035
316.0,817.0,531.0,817.0,316.0,817.0,46225.0,83521.0,129746.0,215.0,289.0,360.20272070044115,0.5968861078614743,0.9311819280246161,126.6472055653347
318.0,802.0,530.0,802.0,318.0,802.0,44944.0,85849.0,130793.0,212.0,293.0,361.65314874890834,0.5861970253359778,0.9444395557677641,125.88759944929677
319.0,791.0,526.0,791.0,319.0,791.0,42849.0,85264.0,128113.0,207.0,292.0,357.92876386230824,0.5783273681788561,0.9541194141155072,125.33298441968662
319.0,783.0,524.0,783.0,319.0,783.0,42025.0,87616.0,129641.0,205.0,296.0,360.0569399414487,0.5693543916507662,0.9650760088794198,124.70521778187928
320.0,770.0,521.0,770.0,320.0,770.0,40401.0,85849.0,126250.0,201.0,293.0,355.31676008879737,0.5656924259631546,0.9695236201146141,124.45038842918768
319.0,754.0,515.0,754.0,319.0,754.0,38416.0,96721.0,135137.0,196.0,311.0,367.6098475285993,0.5331739650547626,1.0084484707622163,122.220158768903
319.0,743.0,511.0,743.0,319.0,743.0,36864.0,95481.0,132345.0,192.0,309.0,363.79252328765637,0.5277733535171713,1.0148193830624914,121.85513238244926
316.0,733.0,509.0,733.0,316.0,733.0,37249.0,97969.0,135218.0,193.0,313.0,367.72000217556837,0.524855865490428,1.018250555262699,121.65854069659474
319.0,715.0,503.0,715.0,319.0,715.0,33856.0,103684.0,137540.0,184.0,322.0,370.86385642173326,0.49613893835683387,1.0516502125483735,119.74488129694222
316.0,707.0,497.0,707.0,316.0,707.0,32761.0,103041.0,135802.0,181.0,321.0,368.51322907054504,0.4911628286900683,1.057372129233347,119.41703962016777
320.0,696.0,496.0,696.0,320.0,696.0,30976.0,108241.0,139217.0,176.0,329.0,373.11794381937733,0.4717007126443638,1.0795777683548031,118.14475021711775
320.0,680.0,488.0,680.0,320.0,680.0,28224.0,115600.0,143824.0,168.0,340.0,379.2413479566805,0.4429896711030309,1.1118656639424962,116.29479007058384
319.0,672.0,484.0,672.0,319.0,672.0,27225.0,116281.0,143506.0,165.0,341.0,378.8218578698964,0.4355609281042807,1.120135000714263,115.82099197418928
321.0,657.0,483.0,657.0,321.0,657.0,26244.0,125316.0,151560.0,162.0,354.0,389.30707674020005,0.41612395376030886,1.1416178187935986,114.59011716619601
319.0,647.0,476.0,647.0,319.0,647.0,24649.0,127449.0,152098.0,157.0,357.0,389.99743588900685,0.4025667492969932,1.1564772103753846,113.73873674242743
323.0,638.0,467.0,638.0,323.0,638.0,20736.0,127449.0,148185.0,144.0,357.0,384.94804844290354,0.37407645156917435,1.1873956017589955,111.96724340681288
322.0,629.0,467.0,629.0,322.0,629.0,21025.0,129600.0,150625.0,145.0,360.0,388.1043674065006,0.37361084331248184,1.1878976097489533,111.93848046770646
323.0,626.0,464.0,626.0,323.0,626.0,19881.0,128881.0,148762.0,141.0,359.0,385.69677208916335,0.36557215461322135,1.1965488953945285,111.44279831285289
323.0,614.0,457.0,614.0,323.0,614.0,17956.0,136900.0,154856.0,134.0,370.0,393.517471022571,0.34051855347564525,1.2233279711932337,109.90847029032616
321.0,611.0,450.0,611.0,321.0,611.0,16641.0,133956.0,150597.0,129.0,366.0,388.06829295885535,0.3324157173894058,1.2319325287811203,109.41546545596299
324.0,607.0,442.0,607.0,324.0,607.0,13924.0,139876.0,153800.0,118.0,374.0,392.17343102255154,0.30088728778063123,1.2651734062418907,107.5109034701493
329.0,602.0,442.0,602.0,329.0,602.0,12769.0,142884.0,155653.0,113.0,378.0,394.528832913388,0.2864175963149624,1.2803106415043555,106.64360377611347
327.0,596.0,434.0,596.0,327.0,596.0,11449.0,145924.0,157373.0,107.0,382.0,396.7026594314689,0.2697234249786633,1.297690526902976,105.64780969435147
331.0,596.0,432.0,596.0,331.0,596.0,10201.0,145161.0,155362.0,101.0,381.0,394.15986604422324,0.2562412074411152,1.311664762553684,104.84714496964465
337.0,588.0,429.0,588.0,337.0,588.0,8464.0,157609.0,166073.0,92.0,397.0,407.52055162899455,0.22575548553869382,1.3430778542071713,103.04730739644219
341.0,590.0,429.0,590.0,341.0,590.0,7744.0,154449.0,162193.0,88.0,393.0,402.7319207611932,0.21850763613093663,1.3505114383469017,102.62139439858025
339.0,589.0,427.0,589.0,339.0,589.0,7744.0,160000.0,167744.0,88.0,400.0,409.56562355744654,0.21486178267511977,1.3542460218188073,102.40741852740075
339.0,590.0,421.0,590.0,339.0,590.0,6724.0,157609.0,164333.0,82.0,397.0,405.3800685776251,0.2022793086194815,1.3671115416923085,101.67027853740744
339.0,593.0,415.0,593.0,339.0,593.0,5776.0,159201.0,164977.0,76.0,399.0,406.17360820220705,0.1871121078899952,1.382574821490126,100.7842978675626
344.0,587.0,415.0,587.0,344.0,587.0,5041.0,162409.0,167450.0,71.0,403.0,409.20654931220247,0.17350650941275828,1.396407253486906,99.99175789374537
344.0,592.0,414.0,592.0,344.0,592.0,4900.0,156816.0,161716.0,70.0,396.0,402.1392793548026,0.17406904421848293,1.395836026382931,100.02448679594663
343.0,593.0,408.0,593.0,343.0,593.0,4225.0,162409.0,166634.0,65.0,403.0,408.20828017079714,0.1592324388246205,1.4108832036366774,99.1623470457217
349.0,592.0,407.0,592.0,349.0,592.0,3364.0,161604.0,164968.0,58.0,402.0,406.1625290447163,0.1427999774780172,1.4275065154311095,98.20990143837071
348.0,591.0,398.0,591.0,348.0,591.0,2500.0,161604.0,164104.0,50.0,402.0,405.0975191234822,0.12342707037107022,1.4470537020429919,97.08993014415522
347.0,594.0,398.0,594.0,347.0,594.0,2601.0,164025.0,166626.0,51.0,405.0,408.19848113387195,0.12493922039674162,1.4455297554723747,97.17724585085502
347.0,592.0,397.0,592.0,347.0,592.0,2500.0,164025.0,166525.0,50.0,405.0,408.0747480548141,0.12252657200264647,1.4479610879170017,97.03794076318466
352.0,589.0,395.0,589.0,352.0,589.0,1849.0,163216.0,165065.0,43.0,404.0,406.2819218227658,0.10583783744815031,1.46475989360876,96.07544009618657
351.0,587.0,394.0,587.0,351.0,587.0,1849.0,165649.0,167498.0,43.0,407.0,409.26519519744164,0.10506634941008246,1.465535707305897,96.03098924565218
351.0,589.0,394.0,589.0,351.0,589.0,1849.0,164025.0,165874.0,43.0,405.0,407.276318977669,0.10557942604651584,1.4650197610100983,96.06055079085685
350.0,586.0,386.0,586.0,350.0,586.0,1296.0,171396.0,172692.0,36.0,414.0,415.56226970214703,0.086629616364842,1.4840579881189115,94.9697407281103
350.0,590.0,386.0,590.0,350.0,590.0,1296.0,168100.0,169396.0,36.0,410.0,411.5774532211404,0.08746834822522996,1.4832160603026883,95.01797963863456
357.0,585.0,386.0,585.0,357.0,585.0,841.0,172225.0,173066.0,29.0,415.0,416.01201905714214,0.06970952441644877,1.5010302206108461,93.99730343740764
349.0,586.0,385.0,586.0,349.0,586.0,1296.0,171396.0,172692.0,36.0,414.0,415.56226970214703,0.086629616364842,1.4840579881189115,94.9697407281103
348.0,589.0,383.0,589.0,348.0,589.0,1225.0,168100.0,169325.0,35.0,410.0,411.4911906711977,0.08505649888375562,1.4856369341751898,94.87927378300672
348.0,586.0,376.0,586.0,348.0,586.0,784.0,176400.0,177184.0,28.0,420.0,420.9322985944414,0.06651901052377393,1.5042281630190728,93.81407483429035
347.0,594.0,375.0,594.0,347.0,594.0,784.0,164836.0,165620.0,28.0,406.0,406.96437190496175,0.06880209161537815,1.501939837493852,93.94518622903756
355.0,589.0,376.0,589.0,355.0,589.0,441.0,168100.0,168541.0,21.0,410.0,410.5374526154709,0.05115245848146675,1.5196215346408979,92.93209960788333
355.0,587.0,375.0,587.0,355.0,587.0,400.0,169744.0,170144.0,20.0,412.0,412.48515124789645,0.04848659385554547,1.522290714554513,92.77916686407208
347.0,590.0,374.0,590.0,347.0,590.0,729.0,168100.0,168829.0,27.0,410.0,410.8880626155985,0.06571132738226938,1.5050376172699993,93.76769652200333
351.0,589.0,372.0,589.0,351.0,589.0,441.0,168921.0,169362.0,21.0,411.0,411.5361466505707,0.051028324415524046,1.5197458310338867,92.92497794915636
350.0,594.0,371.0,594.0,350.0,594.0,441.0,164836.0,165277.0,21.0,406.0,406.5427406804849,0.0516550854280401,1.5191182423124667,92.96093613416375
349.0,595.0,370.0,595.0,349.0,595.0,441.0,164025.0,164466.0,21.0,405.0,405.54407898525653,0.05178228727329897,1.5189908700038954,92.96823402987171
348.0,587.0,368.0,587.0,348.0,587.0,400.0,170569.0,170969.0,20.0,413.0,413.48397792417546,0.04836946790636611,1.5224079780920512,92.77244815828037
348.0,593.0,369.0,593.0,348.0,593.0,441.0,160801.0,161242.0,21.0,401.0,401.549498816771,0.052297413050893644,1.5184750452826872,92.99778860936546
351.0,592.0,365.0,592.0,351.0,592.0,196.0,167281.0,167477.0,14.0,409.0,409.23953865676276,0.03420979323247179,1.5365798573689615,91.9604592879445
352.0,588.0,365.0,588.0,352.0,588.0,169.0,170569.0,170738.0,13.0,413.0,413.2045498297423,0.03146141543058165,1.5393297188579707,91.80290383037871
350.0,587.0,364.0,587.0,350.0,587.0,196.0,171396.0,171592.0,14.0,414.0,414.2366473406234,0.033797106291486356,1.5369927831014416,91.93680038622104
344.0,587.0,364.0,587.0,344.0,587.0,400.0,171396.0,171796.0,20.0,414.0,414.48281025876094,0.0482529058020863,1.5225246764612452,92.76576183424949
343.0,586.0,364.0,586.0,343.0,586.0,441.0,172225.0,172666.0,21.0,415.0,415.5309856075717,0.05053774743006154,1.5202370418290865,92.89683364374015
344.0,588.0,364.0,588.0,344.0,588.0,400.0,170569.0,170969.0,20.0,413.0,413.48397792417546,0.04836946790636611,1.5224079780920512,92.77244815828037
344.0,589.0,365.0,589.0,344.0,589.0,441.0,164836.0,165277.0,21.0,406.0,406.5427406804849,0.0516550854280401,1.5191182423124667,92.96093613416375
344.0,589.0,364.0,589.0,344.0,589.0,400.0,170569.0,170969.0,20.0,413.0,413.48397792417546,0.04836946790636611,1.5224079780920512,92.77244815828037
343.0,586.0,364.0,586.0,343.0,586.0,441.0,172225.0,172666.0,21.0,415.0,415.5309856075717,0.05053774743006154,1.5202370418290865,92.89683364374015
343.0,586.0,364.0,586.0,343.0,586.0,441.0,173056.0,173497.0,21.0,416.0,416.52971082505024,0.05041657162559616,1.5203583723038177,92.88988191961174
343.0,593.0,364.0,593.0,343.0,593.0,441.0,166464.0,166905.0,21.0,408.0,408.5400837127246,0.051402544908584015,1.519371118776921,92.94644738001232
343.0,592.0,363.0,592.0,343.0,592.0,400.0,168100.0,168500.0,20.0,410.0,410.48751503547584,0.0487225537134096,1.522054475484965,92.79270236571328
343.0,585.0,364.0,585.0,343.0,585.0,441.0,173889.0,174330.0,21.0,417.0,417.5284421449633,0.050295974789446626,1.5204791223334184,92.88296345253953
342.0,584.0,363.0,584.0,342.0,584.0,441.0,174724.0,175165.0,21.0,418.0,418.5271795236242,0.050175952787349695,1.520599296069728,92.87607800464068
342.0,584.0,363.0,584.0,342.0,584.0,441.0,174724.0,175165.0,21.0,418.0,418.5271795236242,0.050175952787349695,1.520599296069728,92.87607800464068
342.0,591.0,363.0,591.0,342.0,591.0,441.0,168921.0,169362.0,21.0,411.0,411.5361466505707,0.051028324415524046,1.5197458310338867,92.92497794915636
342.0,591.0,363.0,591.0,342.0,591.0,441.0,168100.0,168541.0,21.0,410.0,410.5374526154709,0.05115245848146675,1.5196215346408979,92.93209960788333
342.0,590.0,363.0,590.0,342.0,590.0,441.0,168921.0,169362.0,21.0,411.0,411.5361466505707,0.051028324415524046,1.5197458310338867,92.92497794915636
342.0,591.0,363.0,591.0,342.0,591.0,441.0,168100.0,168541.0,21.0,410.0,410.5374526154709,0.05115245848146675,1.5196215346408979,92.93209960788333
343.0,592.0,363.0,592.0,343.0,592.0,400.0,167281.0,167681.0,20.0,409.0,409.4887055829501,0.04884139593429788,1.521935491607842,92.79951963970254
342.0,592.0,363.0,592.0,342.0,592.0,441.0,167281.0,167722.0,21.0,409.0,409.53876495394184,0.05127719717170543,1.5194966320358412,92.93925600000327
342.0,592.0,363.0,592.0,342.0,592.0,441.0,167281.0,167722.0,21.0,409.0,409.53876495394184,0.05127719717170543,1.5194966320358412,92.93925600000327
342.0,592.0,363.0,592.0,342.0,592.0,441.0,167281.0,167722.0,21.0,409.0,409.53876495394184,0.05127719717170543,1.5194966320358412,92.93925600000327
335.0,591.0,363.0,591.0,335.0,591.0,784.0,168100.0,168884.0,28.0,410.0,410.9549853694441,0.0681339830318114,1.5026095176214325,93.90681638410342
342.0,592.0,370.0,592.0,342.0,592.0,784.0,167281.0,168065.0,28.0,409.0,409.9573148511928,0.06829979362647426,1.502443319871381,93.91633881374594
335.0,591.0,363.0,591.0,335.0,591.0,784.0,168100.0,168884.0,28.0,410.0,410.9549853694441,0.0681339830318114,1.5026095176214325,93.90681638410342
335.0,592.0,363.0,592.0,335.0,592.0,784.0,167281.0,168065.0,28.0,409.0,409.9573148511928,0.06829979362647426,1.502443319871381,93.91633881374594
335.0,592.0,363.0,592.0,335.0,592.0,784.0,168100.0,168884.0,28.0,410.0,410.9549853694441,0.0681339830318114,1.5026095176214325,93.90681638410342
335.0,592.0,370.0,592.0,335.0,592.0,1225.0,168100.0,169325.0,35.0,410.0,411.4911906711977,0.08505649888375562,1.4856369341751898,94.87927378300672
335.0,593.0,370.0,593.0,335.0,593.0,1225.0,167281.0,168506.0,35.0,409.0,410.4948233534742,0.08526295097724472,1.4854297293710037,94.89114574378142
335.0,594.0,370.0,594.0,335.0,594.0,1225.0,166464.0,167689.0,35.0,408.0,409.4984737456295,0.08547040402827276,1.485221516258966,94.90307547634048
335.0,586.0,370.0,586.0,335.0,586.0,1225.0,173056.0,174281.0,35.0,416.0,417.4697593838385,0.08383840796434693,1.4868593918716815,94.80923211636447
335.0,587.0,370.0,587.0,335.0,587.0,1225.0,172225.0,173450.0,35.0,415.0,416.473288459176,0.08403900314829149,1.4866580862637258,94.82076607809265
335.0,587.0,370.0,587.0,335.0,587.0,1225.0,172225.0,173450.0,35.0,415.0,416.473288459176,0.08403900314829149,1.4866580862637258,94.82076607809265
335.0,593.0,370.0,593.0,335.0,593.0,1225.0,167281.0,168506.0,35.0,409.0,410.4948233534742,0.08526295097724472,1.4854297293710037,94.89114574378142
335.0,593.0,370.0,593.0,335.0,593.0,1225.0,167281.0,168506.0,35.0,409.0,410.4948233534742,0.08526295097724472,1.4854297293710037,94.89114574378142
335.0,591.0,370.0,591.0,335.0,591.0,1225.0,168921.0,170146.0,35.0,411.0,412.4875755704649,0.08485104054733153,1.4858431379605255,94.86745917638737
335.0,591.0,370.0,591.0,335.0,591.0,1225.0,168921.0,170146.0,35.0,411.0,412.4875755704649,0.08485104054733153,1.4858431379605255,94.86745917638737
335.0,590.0,370.0,590.0,335.0,590.0,1225.0,169744.0,170969.0,35.0,412.0,413.48397792417546,0.0846465688361407,1.4860483479460946,94.85570151030032
335.0,590.0,370.0,590.0,335.0,590.0,1225.0,168921.0,170146.0,35.0,411.0,412.4875755704649,0.08485104054733153,1.4858431379605255,94.86745917638737
335.0,590.0,370.0,590.0,335.0,590.0,1225.0,168921.0,170146.0,35.0,411.0,412.4875755704649,0.08485104054733153,1.4858431379605255,94.86745917638737
335.0,596.0,370.0,596.0,335.0,596.0,1225.0,164025.0,165250.0,35.0,405.0,406.5095324835569,0.08609884197836304,1.4845907531191178,94.93921554212619
335.0,596.0,370.0,596.0,335.0,596.0,1225.0,164025.0,165250.0,35.0,405.0,406.5095324835569,0.08609884197836304,1.4845907531191178,94.93921554212619
335.0,595.0,370.0,595.0,335.0,595.0,1225.0,164836.0,166061.0,35.0,406.0,407.50582817918075,0.08588834215301201,1.484802035600656,94.92710994764901
335.0,595.0,370.0,595.0,335.0,595.0,1225.0,164836.0,166061.0,35.0,406.0,407.50582817918075,0.08588834215301201,1.484802035600656,94.92710994764901
335.0,595.0,370.0,595.0,335.0,595.0,1225.0,164836.0,166061.0,35.0,406.0,407.50582817918075,0.08588834215301201,1.484802035600656,94.92710994764901
335.0,596.0,370.0,596.0,335.0,596.0,1225.0,164025.0,165250.0,35.0,405.0,406.5095324835569,0.08609884197836304,1.4845907531191178,94.93921554212619
335.0,596.0,370.0,596.0,335.0,596.0,1225.0,164836.0,166061.0,35.0,406.0,407.50582817918075,0.08588834215301201,1.484802035600656,94.92710994764901
335.0,596.0,370.0,596.0,335.0,596.0,1225.0,164025.0,165250.0,35.0,405.0,406.5095324835569,0.08609884197836304,1.4845907531191178,94.93921554212619
335.0,591.0,370.0,591.0,335.0,591.0,1225.0,168100.0,169325.0,35.0,410.0,411.4911906711977,0.08505649888375562,1.4856369341751898,94.87927378300672
335.0,596.0,370.0,596.0,335.0,596.0,1225.0,164025.0,165250.0,35.0,405.0,406.5095324835569,0.08609884197836304,1.4845907531191178,94.93921554212619
335.0,595.0,370.0,595.0,335.0,595.0,1225.0,164836.0,166061.0,35.0,406.0,407.50582817918075,0.08588834215301201,1.484802035600656,94.92710994764901
335.0,597.0,370.0,597.0,335.0,597.0,1225.0,164025.0,165250.0,35.0,405.0,406.5095324835569,0.08609884197836304,1.4845907531191178,94.93921554212619
335.0,597.0,370.0,597.0,335.0,597.0,1225.0,164025.0,165250.0,35.0,405.0,406.5095324835569,0.08609884197836304,1.4845907531191178,94.93921554212619
335.0,597.0,370.0,597.0,335.0,597.0,1225.0,164025.0,165250.0,35.0,405.0,406.5095324835569,0.08609884197836304,1.4845907531191178,94.93921554212619
335.0,596.0,370.0,596.0,335.0,596.0,1225.0,164025.0,165250.0,35.0,405.0,406.5095324835569,0.08609884197836304,1.4845907531191178,94.93921554212619
335.0,598.0,370.0,598.0,335.0,598.0,1225.0,163216.0,164441.0,35.0,404.0,405.51325502380314,0.08631037226624205,1.4843784324574412,94.95138061994369
335.0,592.0,370.0,592.0,335.0,592.0,1225.0,168100.0,169325.0,35.0,410.0,411.4911906711977,0.08505649888375562,1.4856369341751898,94.87927378300672
335.0,592.0,370.0,592.0,335.0,592.0,1225.0,168100.0,169325.0,35.0,410.0,411.4911906711977,0.08505649888375562,1.4856369341751898,94.87927378300672
335.0,591.0,370.0,591.0,335.0,591.0,1225.0,168921.0,170146.0,35.0,411.0,412.4875755704649,0.08485104054733153,1.4858431379605255,94.86745917638737
336.0,598.0,370.0,598.0,336.0,598.0,1156.0,163216.0,164372.0,34.0,404.0,405.4281687302943,0.0838619578567518,1.4868357587522323,94.81058619436564
336.0,591.0,370.0,591.0,336.0,591.0,1156.0,168921.0,170077.0,34.0,411.0,412.4039282063157,0.08244344361092172,1.4882592027669173,94.72902885995103
335.0,598.0,370.0,598.0,335.0,598.0,1225.0,163216.0,164441.0,35.0,404.0,405.51325502380314,0.08631037226624205,1.4843784324574412,94.95138061994369
335.0,591.0,370.0,591.0,335.0,591.0,1225.0,168921.0,170146.0,35.0,411.0,412.4875755704649,0.08485104054733153,1.4858431379605255,94.86745917638737
336.0,598.0,370.0,598.0,336.0,598.0,1156.0,163216.0,164372.0,34.0,404.0,405.4281687302943,0.0838619578567518,1.4868357587522323,94.81058619436564
336.0,596.0,371.0,596.0,336.0,596.0,1225.0,164836.0,166061.0,35.0,406.0,407.50582817918075,0.08588834215301201,1.484802035600656,94.92710994764901
336.0,597.0,371.0,597.0,336.0,597.0,1225.0,164025.0,165250.0,35.0,405.0,406.5095324835569,0.08609884197836304,1.4845907531191178,94.93921554212619
336.0,597.0,371.0,597.0,336.0,597.0,1225.0,164836.0,166061.0,35.0,406.0,407.50582817918075,0.08588834215301201,1.484802035600656,94.92710994764901
337.0,597.0,371.0,597.0,337.0,597.0,1156.0,164025.0,165181.0,34.0,405.0,406.424654763955,0.08365634220627353,1.4870420994785363,94.79876374160676
337.0,591.0,372.0,591.0,337.0,591.0,1225.0,169744.0,170969.0,35.0,412.0,413.48397792417546,0.0846465688361407,1.4860483479460946,94.85570151030032
338.0,592.0,372.0,592.0,338.0,592.0,1156.0,168921.0,170077.0,34.0,411.0,412.4039282063157,0.08244344361092172,1.4882592027669173,94.72902885995103
338.0,593.0,373.0,593.0,338.0,593.0,1225.0,168100.0,169325.0,35.0,410.0,411.4911906711977,0.08505649888375562,1.4856369341751898,94.87927378300672
335.0,592.0,376.0,592.0,335.0,592.0,1681.0,162409.0,164090.0,41.0,403.0,405.0802389650722,0.101214515190249,1.4694081967549117,95.80911194401469
335.0,591.0,377.0,591.0,335.0,591.0,1764.0,169744.0,171508.0,42.0,412.0,414.13524361010377,0.1014161452038643,1.4692055238598218,95.82072424552504
335.0,591.0,377.0,591.0,335.0,591.0,1764.0,169744.0,171508.0,42.0,412.0,414.13524361010377,0.1014161452038643,1.4692055238598218,95.82072424552504
335.0,592.0,377.0,592.0,335.0,592.0,1764.0,168921.0,170685.0,42.0,411.0,413.14041196668234,0.10166035271172429,1.4689600476408782,95.83478899684134
336.0,591.0,378.0,591.0,336.0,591.0,1764.0,164025.0,165789.0,42.0,405.0,407.1719538475115,0.10315052302381629,1.4674620015730022,95.9206207140468
336.0,597.0,378.0,597.0,336.0,597.0,1764.0,159201.0,160965.0,42.0,399.0,401.2044366653988,0.10468478451804275,1.4659193880646628,96.00900595749452
337.0,595.0,379.0,595.0,337.0,595.0,1764.0,160801.0,162565.0,42.0,401.0,403.1935019317648,0.10416834546879168,1.4664386662212858,95.97925351072668
330.0,596.0,380.0,596.0,330.0,596.0,2500.0,160000.0,162500.0,50.0,400.0,403.11288741492746,0.12403473458920847,1.446441332248135,97.1250163489018
331.0,597.0,380.0,597.0,331.0,597.0,2401.0,159201.0,161602.0,49.0,399.0,401.9975124301144,0.12189130152520147,1.4486011561035415,97.00126755749534
332.0,597.0,381.0,597.0,332.0,597.0,2401.0,159201.0,161602.0,49.0,399.0,401.9975124301144,0.12189130152520147,1.4486011561035415,97.00126755749534
332.0,597.0,388.0,597.0,332.0,597.0,3136.0,159201.0,162337.0,56.0,399.0,402.91066007242847,0.13898862837218867,1.431356269703559,97.9893267663969
332.0,597.0,388.0,597.0,332.0,597.0,3136.0,159201.0,162337.0,56.0,399.0,402.91066007242847,0.13898862837218867,1.431356269703559,97.9893267663969
332.0,597.0,388.0,597.0,332.0,597.0,3136.0,159201.0,162337.0,56.0,399.0,402.91066007242847,0.13898862837218867,1.431356269703559,97.9893267663969
332.0,597.0,388.0,597.0,332.0,597.0,3136.0,160000.0,163136.0,56.0,400.0,403.9009779636588,0.13864784453440623,1.4317003853128252,97.96961039432136
332.0,596.0,389.0,596.0,332.0,596.0,3249.0,166464.0,169713.0,57.0,408.0,411.9623769229418,0.13836214953838355,1.4319888607122946,97.95308197143842
333.0,602.0,389.0,602.0,333.0,602.0,3136.0,156025.0,159161.0,56.0,395.0,398.949871537766,0.140368512425248,1.4299627244661914,98.0691710270586
333.0,596.0,389.0,596.0,333.0,596.0,3136.0,166464.0,169600.0,56.0,408.0,411.82520563948003,0.13598002073001697,1.4343937223939491,97.81529354676688
326.0,599.0,389.0,599.0,326.0,599.0,3969.0,157609.0,161578.0,63.0,397.0,401.96766039073344,0.15672902625738777,1.4134184541072863,99.01708789374726
334.0,597.0,390.0,597.0,334.0,597.0,3136.0,159201.0,162337.0,56.0,399.0,402.91066007242847,0.13898862837218867,1.431356269703559,97.9893267663969
327.0,598.0,397.0,598.0,327.0,598.0,4900.0,158404.0,163304.0,70.0,398.0,404.1088962148693,0.17322063596140236,1.3966975222192293,99.97512672045865
327.0,593.0,397.0,593.0,327.0,593.0,4900.0,157609.0,162509.0,70.0,397.0,403.1240503864784,0.17364381989338123,1.3962678265929678,99.99974646631865
328.0,597.0,397.0,597.0,328.0,597.0,4761.0,154449.0,159210.0,69.0,393.0,399.0112780360976,0.17292744290239767,1.3969952077057104,99.95807059846098
329.0,600.0,397.0,600.0,329.0,600.0,4624.0,147456.0,152080.0,68.0,384.0,389.9743581314033,0.17437043893303147,1.3955299507918155,100.04202363552952
323.0,601.0,397.0,601.0,323.0,601.0,5476.0,148225.0,153701.0,74.0,385.0,392.0471910369975,0.18875278714346563,1.3809043779895631,100.8800072300599
323.0,604.0,404.0,604.0,323.0,604.0,6561.0,146689.0,153250.0,81.0,383.0,391.47158262126766,0.20691157058611864,1.3623791691636584,101.94142351038275
325.0,604.0,406.0,604.0,325.0,604.0,6561.0,142129.0,148690.0,81.0,377.0,385.6034232213194,0.2100603758216886,1.3591596138031339,102.12589044444952
318.0,605.0,413.0,605.0,318.0,605.0,9025.0,141376.0,150401.0,95.0,376.0,387.8156778677211,0.24496173162035823,1.3233161054089508,104.17957219837794
321.0,607.0,415.0,607.0,321.0,607.0,8836.0,139876.0,148712.0,94.0,374.0,385.63194888390666,0.24375573723093785,1.3245598026962146,104.10831359282587
317.0,611.0,423.0,611.0,317.0,611.0,11236.0,138384.0,149620.0,106.0,372.0,386.8074456367147,0.2740381582508472,1.2932068949430944,105.90470288254265
312.0,614.0,424.0,614.0,312.0,614.0,12544.0,136900.0,149444.0,112.0,370.0,386.57987531686126,0.2897202031228317,1.2768618366934568,106.84120573614237
313.0,619.0,431.0,619.0,313.0,619.0,13924.0,134689.0,148613.0,118.0,367.0,385.5035667798678,0.30609314716763947,1.2597098472126924,107.82394234364295
308.0,625.0,439.0,625.0,308.0,625.0,17161.0,131044.0,148205.0,131.0,362.0,384.974025097798,0.34028269820729085,1.2235788062045412,109.89409850282412
303.0,633.0,446.0,633.0,303.0,633.0,20449.0,122500.0,142949.0,143.0,350.0,378.08596905994807,0.37822085901666025,1.1829226959414318,112.2235220323188
305.0,633.0,452.0,633.0,305.0,633.0,21609.0,123904.0,145513.0,147.0,352.0,381.4616625560162,0.3853598262405035,1.1751985930333286,112.66608052947784
302.0,639.0,458.0,639.0,302.0,639.0,24336.0,123201.0,147537.0,156.0,351.0,384.1054542700481,0.4061384660534476,1.1525719972156676,113.96248897457818
301.0,644.0,463.0,644.0,301.0,644.0,26244.0,122500.0,148744.0,162.0,350.0,385.6734369904155,0.4200444844326313,1.1373019888124132,114.83739600921396
301.0,652.0,466.0,652.0,301.0,652.0,27225.0,119025.0,146250.0,165.0,345.0,382.4264635194589,0.43145549730400484,1.124690777851493,115.5599651718238
299.0,666.0,468.0,666.0,299.0,666.0,28561.0,110224.0,138785.0,169.0,332.0,372.5385886052611,0.45364428053672323,1.0999459612031708,116.97773873059772
297.0,670.0,473.0,670.0,297.0,670.0,30976.0,111556.0,142532.0,176.0,334.0,377.53410441971994,0.4661830492652226,1.0858249361645689,117.78681386770818
292.0,679.0,476.0,679.0,292.0,679.0,33856.0,104976.0,138832.0,184.0,324.0,372.60166397910785,0.49382495514114794,1.0543133220981686,119.59229635935799
289.0,687.0,475.0,687.0,289.0,687.0,34596.0,105625.0,140221.0,186.0,325.0,374.4609458942281,0.4967140152782138,1.050987741628393,119.78283808470727
288.0,701.0,480.0,701.0,288.0,701.0,36864.0,101124.0,137988.0,192.0,318.0,371.46736061193855,0.5168690990339175,1.0276067505070687,121.122470196792
291.0,707.0,486.0,707.0,291.0,707.0,38025.0,97969.0,135994.0,195.0,313.0,368.77364330982226,0.5287796553187297,1.0136342050579616,121.92303808008054
287.0,721.0,490.0,721.0,287.0,721.0,41209.0,91204.0,132413.0,203.0,302.0,363.88597115030416,0.5578670685167751,0.9789827660870248,123.90841928717037
288.0,727.0,493.0,727.0,288.0,727.0,42025.0,91204.0,133229.0,205.0,302.0,365.0054794109261,0.5616354042981622,0.9744352552907516,124.16897246308702
283.0,739.0,496.0,739.0,283.0,739.0,45369.0,87616.0,132985.0,213.0,296.0,364.67108467768594,0.5840879876403137,0.9470403202778768,125.7385866193599
287.0,749.0,497.0,749.0,287.0,749.0,44100.0,84100.0,128200.0,210.0,290.0,358.05027579936313,0.5865098121518428,0.9440534255838497,125.90972307917767
284.0,761.0,499.0,761.0,284.0,761.0,46225.0,79524.0,125749.0,215.0,282.0,354.6110545372211,0.6062980757342209,0.919399161011887,127.32230838615004
289.0,767.0,501.0,767.0,289.0,767.0,44944.0,80656.0,125600.0,212.0,284.0,354.400902933387,0.5981926068620863,0.9295525505106027,126.74056202012119
290.0,781.0,502.0,781.0,290.0,781.0,44944.0,76176.0,121120.0,212.0,276.0,348.0229877464993,0.6091551634928818,0.9158014712865818,127.5284408234076
290.0,787.0,499.0,787.0,290.0,787.0,43681.0,75076.0,118757.0,209.0,274.0,344.6113753200843,0.6064802701474239,0.9191700340713863,127.33543639281348
291.0,799.0,504.0,799.0,291.0,799.0,45369.0,71289.0,116658.0,213.0,267.0,341.55233859541937,0.6236233101958231,0.8974271258234362,128.5812132697612
294.0,806.0,506.0,806.0,294.0,806.0,44944.0,70756.0,115700.0,212.0,266.0,340.14702703389895,0.6232598939601262,0.897891929797607,128.5545819637403
294.0,818.0,509.0,818.0,294.0,818.0,46225.0,69169.0,115394.0,215.0,263.0,339.69692374232653,0.6329171239804514,0.8854810660720398,129.26567207532733
293.0,823.0,510.0,823.0,293.0,823.0,47089.0,69169.0,116258.0,217.0,263.0,340.96627399201816,0.6364265810203852,0.8809397241743516,129.52587179939079
291.0,835.0,516.0,835.0,291.0,835.0,50625.0,65025.0,115650.0,225.0,255.0,340.073521462639,0.6616216370868464,0.8478169733934056,131.42366562500266
291.0,842.0,520.0,842.0,291.0,842.0,52441.0,65025.0,117466.0,229.0,255.0,342.7331323347657,0.6681583377714516,0.8390655880620143,131.92508306938407
297.0,849.0,526.0,849.0,297.0,849.0,52441.0,65025.0,117466.0,229.0,255.0,342.7331323347657,0.6681583377714516,0.8390655880620143,131.92508306938407
299.0,852.0,532.0,852.0,299.0,852.0,54289.0,67081.0,121370.0,233.0,259.0,348.38197427536346,0.6688061300664059,0.838194581096469,131.97498809243632
298.0,856.0,534.0,856.0,298.0,856.0,55696.0,68644.0,124340.0,236.0,262.0,352.61877431583247,0.6692780339274286,0.8375596398731643,132.01136754477054
306.0,868.0,536.0,868.0,306.0,868.0,52900.0,65025.0,117925.0,230.0,255.0,343.4020966738555,0.6697687702776067,0.8368989743486737,132.04922089099364
304.0,875.0,541.0,875.0,304.0,875.0,56169.0,63001.0,119170.0,237.0,251.0,345.21008096520006,0.6865384676407856,0.8140788213526745,133.35671934550723
306.0,883.0,537.0,883.0,306.0,883.0,53361.0,62500.0,115861.0,231.0,250.0,340.3836071258427,0.6786460780251306,0.8248786771976192,132.7379331862422
308.0,887.0,547.0,887.0,308.0,887.0,57121.0,63504.0,120625.0,239.0,252.0,347.3110997362451,0.6881438577157519,0.8118685576346876,133.48335812815878
312.0,894.0,549.0,894.0,312.0,894.0,56169.0,65536.0,121705.0,237.0,256.0,348.8624370722649,0.6793508696119863,0.823918653239309,132.79293850728482
319.0,895.0,547.0,895.0,319.0,895.0,51984.0,68644.0,120628.0,228.0,262.0,347.3154186038967,0.6564638014531323,0.8546748795962951,131.0307365432805
320.0,901.0,553.0,901.0,320.0,901.0,54289.0,68121.0,122410.0,233.0,261.0,349.87140494758927,0.6659589686527922,0.8420177444066888,131.75593697037147
321.0,906.0,554.0,906.0,321.0,906.0,54289.0,68121.0,122410.0,233.0,261.0,349.87140494758927,0.6659589686527922,0.8420177444066888,131.75593697037147
326.0,913.0,557.0,913.0,326.0,913.0,53361.0,67081.0,120442.0,231.0,259.0,347.04754717473514,0.6656148469584017,0.8424789458037129,131.72951207681643
331.0,914.0,562.0,914.0,331.0,914.0,53361.0,69169.0,122530.0,231.0,263.0,350.04285451927166,0.6599191985142558,0.8500851146652302,131.29371070278768
335.0,913.0,557.0,913.0,335.0,913.0,49284.0,72900.0,122184.0,222.0,270.0,349.5482799271082,0.6351053995925656,0.8826513616490139,129.42780219603623
342.0,920.0,557.0,920.0,342.0,920.0,46225.0,73441.0,119666.0,215.0,271.0,345.9277381188158,0.6215170866874918,0.9001185676284887,128.42700501352664
351.0,919.0,561.0,919.0,351.0,919.0,44100.0,74529.0,118629.0,210.0,273.0,344.4256088039912,0.6097107608496924,0.9151007005533603,127.5685920288275
353.0,922.0,563.0,922.0,353.0,922.0,44100.0,82369.0,126469.0,210.0,287.0,355.62480228465506,0.5905099943842171,0.9391056924559273,126.1932073055647
360.0,921.0,571.0,921.0,360.0,921.0,44521.0,85849.0,130370.0,211.0,293.0,361.0678606577993,0.5843776835069086,0.9466833700154511,125.759038362893
368.0,920.0,575.0,920.0,368.0,920.0,42849.0,88804.0,131653.0,207.0,298.0,362.840185205553,0.5704991024705056,0.9636829003143909,124.78503702305898
379.0,920.0,581.0,920.0,379.0,920.0,40804.0,91809.0,132613.0,202.0,303.0,364.1606788218629,0.5547001962252291,0.982793723247329,123.69006752597979
384.0,917.0,587.0,917.0,384.0,917.0,41209.0,93025.0,134234.0,203.0,305.0,366.3795845840759,0.5540701735072143,0.9835507253737352,123.64669449905429
394.0,919.0,589.0,919.0,394.0,919.0,38025.0,91204.0,129229.0,195.0,302.0,359.48435292791254,0.5424436374261424,0.9974531668828834,122.85014327565261
404.0,915.0,589.0,915.0,404.0,915.0,34225.0,96721.0,130946.0,185.0,311.0,361.86461556775623,0.511240922823415,1.0341682775510237,120.74652239001242
414.0,914.0,599.0,914.0,414.0,914.0,34225.0,97344.0,131569.0,185.0,312.0,362.7244132947216,0.5100290832910753,1.0355777252566434,120.66576698503602
420.0,914.0,600.0,914.0,420.0,914.0,32400.0,97344.0,129744.0,180.0,312.0,360.1999444752872,0.49972245348957717,1.047518004662921,119.98163936884933
430.0,914.0,605.0,914.0,430.0,914.0,30625.0,100489.0,131114.0,175.0,317.0,362.0966721747108,0.4832963499746358,1.0663802194025085,118.90091407200151
441.0,909.0,607.0,909.0,441.0,909.0,27556.0,103684.0,131240.0,166.0,322.0,362.27061708065696,0.4582209877734613,1.094803665949866,117.27237054562225
452.0,907.0,608.0,907.0,452.0,907.0,24336.0,104976.0,129312.0,156.0,324.0,359.5997775305207,0.4338156187728999,1.1220729827841756,115.70995378081126
457.0,905.0,610.0,905.0,457.0,905.0,23409.0,105625.0,129034.0,153.0,325.0,359.21302871694394,0.4259310987312835,1.1308055738809708,115.20961316675137
467.0,903.0,610.0,903.0,467.0,903.0,20449.0,109561.0,130010.0,143.0,331.0,360.568994784632,0.3965953869256394,1.1629912202742605,113.36551146751542
476.0,905.0,616.0,905.0,476.0,905.0,19600.0,108241.0,127841.0,140.0,329.0,357.5485980954198,0.39155516409726737,1.168475228934456,113.05130091647302
486.0,898.0,612.0,898.0,486.0,898.0,15876.0,112896.0,128772.0,126.0,336.0,358.84815730333634,0.35112344158839165,1.2120256565243244,110.55604521958347
497.0,901.0,613.0,901.0,497.0,901.0,13456.0,110224.0,123680.0,116.0,332.0,351.68167424533226,0.32984374363242674,1.2346582760093288,109.25929164376716
502.0,896.0,613.0,896.0,502.0,896.0,12321.0,113569.0,125890.0,111.0,337.0,354.80980820715763,0.31284366280875764,1.2526108196833727,108.23068665972016
513.0,894.0,614.0,894.0,513.0,894.0,10201.0,118336.0,128537.0,101.0,344.0,358.52057123685387,0.2817132630676166,1.2852171028923132,106.36248424623959
519.0,893.0,615.0,893.0,519.0,893.0,9216.0,118336.0,127552.0,96.0,344.0,357.1442285687954,0.26879896781394536,1.2986504362637092,105.59281093926634
524.0,892.0,615.0,892.0,524.0,892.0,8281.0,118336.0,126617.0,91.0,344.0,355.8328259168904,0.2557380695991614,1.3121852430599625,104.81732363331605
536.0,893.0,617.0,893.0,536.0,893.0,6561.0,117649.0,124210.0,81.0,343.0,352.4343910573995,0.22983001107519008,1.338893312092882,103.28706399878571
541.0,892.0,617.0,892.0,541.0,892.0,5776.0,117649.0,123425.0,76.0,343.0,351.31894341182345,0.2163276459331463,1.3527448553716546,102.49342902916925
543.0,887.0,619.0,887.0,543.0,887.0,5776.0,120409.0,126185.0,76.0,347.0,355.225280631883,0.2139487366012054,1.3551808065459787,102.35385930778054
549.0,888.0,619.0,888.0,549.0,888.0,4900.0,120409.0,125309.0,70.0,347.0,353.9901128562774,0.1977456359873546,1.3717387186139385,101.4051608287377
555.0,888.0,620.0,888.0,555.0,888.0,4225.0,121104.0,125329.0,65.0,348.0,354.0183611057483,0.18360629600390685,1.386142459630655,100.57988725928037
560.0,888.0,621.0,888.0,560.0,888.0,3721.0,121104.0,124825.0,61.0,348.0,353.30581653859025,0.17265495540840384,1.3972718564186202,99.94221979480352
566.0,886.0,621.0,886.0,566.0,886.0,3025.0,123201.0,126226.0,55.0,351.0,355.2829858014594,0.15480617479029887,1.4153650667788966,98.9055552033173
568.0,888.0,623.0,888.0,568.0,888.0,3025.0,124609.0,127634.0,55.0,353.0,357.2590096834508,0.15394993130819215,1.4162316996137432,98.85590079949314
574.0,886.0,625.0,886.0,574.0,886.0,2601.0,126025.0,128626.0,51.0,355.0,358.6446709488376,0.14220202928172157,1.4281106288211107,98.1752882907763
576.0,884.0,617.0,884.0,576.0,884.0,1681.0,128164.0,129845.0,41.0,358.0,360.34011711159775,0.11378139167141985,1.456767987530175,96.53334258475444
582.0,884.0,618.0,884.0,582.0,884.0,1296.0,128164.0,129460.0,36.0,358.0,359.8055030151707,0.10005405614511156,1.4705745770150025,95.74228327780412
589.0,882.0,620.0,882.0,589.0,882.0,961.0,129600.0,130561.0,31.0,360.0,361.33225707096784,0.08579361347722524,1.484897115229559,94.9216622861952
594.0,882.0,620.0,882.0,594.0,882.0,676.0,129600.0,130276.0,26.0,360.0,360.93766774887877,0.07203459855591857,1.4986992845976923,94.1308562332764
597.0,882.0,622.0,882.0,597.0,882.0,625.0,130321.0,130946.0,25.0,361.0,361.86461556775623,0.06908661119235338,1.5016546392888266,93.96152688251023
598.0,882.0,619.0,882.0,598.0,882.0,441.0,130321.0,130762.0,21.0,361.0,361.6102874642811,0.058073569054846993,1.5126900655337738,93.32924353354684
600.0,881.0,621.0,881.0,600.0,881.0,441.0,127449.0,127890.0,21.0,357.0,357.6171136844544,0.058722021951470346,1.512040504079174,93.36646066342979
606.0,880.0,621.0,880.0,606.0,880.0,225.0,131769.0,131994.0,15.0,363.0,363.30978516962625,0.0412870795456187,1.5294975084252904,92.3662479914558
601.0,882.0,622.0,882.0,601.0,882.0,441.0,128881.0,129322.0,21.0,359.0,359.61368160847275,0.058395998467220794,1.5123670879996336,93.34774878313063
607.0,882.0,622.0,882.0,607.0,882.0,225.0,128881.0,129106.0,15.0,359.0,359.3132338225243,0.041746305418321875,1.5290378862670966,92.392582401291
608.0,881.0,624.0,881.0,608.0,881.0,256.0,129600.0,129856.0,16.0,360.0,360.3553801457667,0.04440061362072038,1.5263811115479857,92.5448043798131
610.0,881.0,625.0,881.0,610.0,881.0,225.0,130321.0,130546.0,15.0,361.0,361.3114999553709,0.04151542367694578,1.5292689683433383,92.37934237360122
611.0,881.0,626.0,881.0,611.0,881.0,225.0,130321.0,130546.0,15.0,361.0,361.3114999553709,0.04151542367694578,1.5292689683433383,92.37934237360122
615.0,881.0,626.0,881.0,615.0,881.0,121.0,130321.0,130442.0,11.0,361.0,361.1675511448945,0.030456778204825438,1.5403348379276776,91.7453147497764
620.0,881.0,625.0,881.0,620.0,881.0,25.0,129600.0,129625.0,5.0,360.0,360.0347205478938,0.013887549490757718,1.5569083308639295,90.79572355273928
621.0,881.0,627.0,881.0,621.0,881.0,36.0,129600.0,129636.0,6.0,360.0,360.04999652825995,0.016664352333993333,1.554131203080956,90.95484125387217
621.0,876.0,627.0,876.0,621.0,876.0,36.0,133956.0,133992.0,6.0,366.0,366.04917702407147,0.016391240239301066,1.5544043524868913,90.93919094573558
622.0,881.0,627.0,881.0,622.0,881.0,25.0,130321.0,130346.0,5.0,361.0,361.03462437832746,0.013849087213199003,1.556946796840754,90.79351961461238
622.0,880.0,627.0,880.0,622.0,880.0,25.0,131044.0,131069.0,5.0,362.0,362.03452874000845,0.013810837373444844,1.556985050339018,90.79132785061024
623.0,880.0,623.0,880.0,623.0,880.0,0.0,131044.0,131044.0,0.0,362.0,362.0,nan,nan,nan
624.0,880.0,624.0,880.0,624.0,880.0,0.0,131044.0,131044.0,0.0,362.0,362.0,nan,nan,nan
624.0,880.0,624.0,880.0,624.0,880.0,0.0,131044.0,131044.0,0.0,362.0,362.0,nan,nan,nan
625.0,879.0,625.0,879.0,625.0,879.0,0.0,131769.0,131769.0,0.0,363.0,363.0,nan,nan,nan
620.0,879.0,625.0,879.0,620.0,879.0,25.0,131769.0,131794.0,5.0,363.0,363.03443362854716,0.013772798216479776,1.557023093114296,90.78914816014584
620.0,879.0,625.0,879.0,620.0,879.0,25.0,131769.0,131794.0,5.0,363.0,363.03443362854716,0.013772798216479776,1.557023093114296,90.78914816014584
624.0,879.0,630.0,879.0,624.0,879.0,36.0,131769.0,131805.0,6.0,363.0,363.0495833904785,0.016526668186661136,1.5542689061921757,90.94695144677347
625.0,879.0,630.0,879.0,625.0,879.0,25.0,131769.0,131794.0,5.0,363.0,363.03443362854716,0.013772798216479776,1.557023093114296,90.78914816014584
625.0,879.0,630.0,879.0,625.0,879.0,25.0,131769.0,131794.0,5.0,363.0,363.03443362854716,0.013772798216479776,1.557023093114296,90.78914816014584
624.0,879.0,630.0,879.0,624.0,879.0,36.0,131769.0,131805.0,6.0,363.0,363.0495833904785,0.016526668186661136,1.5542689061921757,90.94695144677347
623.0,879.0,629.0,879.0,623.0,879.0,36.0,131769.0,131805.0,6.0,363.0,363.0495833904785,0.016526668186661136,1.5542689061921757,90.94695144677347
617.0,880.0,623.0,880.0,617.0,880.0,36.0,131044.0,131080.0,6.0,362.0,362.04972034238614,0.016572309445028355,1.5542232586822793,90.94956685643581
622.0,881.0,627.0,881.0,622.0,881.0,25.0,130321.0,130346.0,5.0,361.0,361.03462437832746,0.013849087213199003,1.556946796840754,90.79351961461238
622.0,880.0,627.0,880.0,622.0,880.0,25.0,131044.0,131069.0,5.0,362.0,362.03452874000845,0.013810837373444844,1.556985050339018,90.79132785061024
616.0,880.0,627.0,880.0,616.0,880.0,121.0,131044.0,131165.0,11.0,362.0,362.1670885102621,0.030372721180291103,1.5404189338580008,91.74049640789464
616.0,881.0,626.0,881.0,616.0,881.0,100.0,130321.0,130421.0,10.0,361.0,361.1384775955063,0.02769020921442914,1.543102577791667,91.58673493677969
614.0,882.0,624.0,882.0,614.0,882.0,100.0,129600.0,129700.0,10.0,360.0,360.1388621073821,0.02776706724035329,1.5430256902014756,91.59114027119458
614.0,881.0,625.0,881.0,614.0,881.0,121.0,130321.0,130442.0,11.0,361.0,361.1675511448945,0.030456778204825438,1.5403348379276776,91.7453147497764
615.0,877.0,625.0,877.0,615.0,877.0,100.0,133225.0,133325.0,10.0,365.0,365.1369606051954,0.027386983731872896,1.5434059183200342,91.56935480474898
568.0,889.0,618.0,889.0,568.0,889.0,2500.0,128881.0,131381.0,50.0,359.0,362.465170740583,0.13794428826869298,1.43241076770699,97.92890848129532
568.0,889.0,623.0,889.0,568.0,889.0,3025.0,125316.0,128341.0,55.0,354.0,358.24712141202195,0.1535253089633181,1.41666143073186,98.83127902009961
568.0,889.0,623.0,889.0,568.0,889.0,3025.0,125316.0,128341.0,55.0,354.0,358.24712141202195,0.1535253089633181,1.41666143073186,98.83127902009961
568.0,889.0,624.0,889.0,568.0,889.0,3136.0,128164.0,131300.0,56.0,358.0,362.3534186398688,0.15454525090504684,1.4156291690580178,98.89042325736386
568.0,888.0,624.0,888.0,568.0,888.0,3136.0,128881.0,132017.0,56.0,359.0,363.3414372184929,0.15412500272113136,1.4160545134854197,98.86605281683434
568.0,888.0,624.0,888.0,568.0,888.0,3136.0,128881.0,132017.0,56.0,359.0,363.3414372184929,0.15412500272113136,1.4160545134854197,98.86605281683434
564.0,888.0,625.0,888.0,564.0,888.0,3721.0,128881.0,132602.0,61.0,359.0,364.1455752854894,0.1675154227870986,1.4024873890207161,99.64339178879054
563.0,888.0,624.0,888.0,563.0,888.0,3721.0,125316.0,129037.0,61.0,354.0,359.21720448775835,0.16981369276837854,1.4001557137489977,99.77698694105501
569.0,889.0,624.0,889.0,569.0,889.0,3025.0,128881.0,131906.0,55.0,359.0,363.1886562105155,0.15143644786119168,1.418775007527872,98.71017999001133
568.0,889.0,624.0,889.0,568.0,889.0,3136.0,125316.0,128452.0,56.0,354.0,358.40200892294115,0.156249124184012,1.4139043424813043,98.98924854060155
568.0,889.0,623.0,889.0,568.0,889.0,3025.0,125316.0,128341.0,55.0,354.0,358.24712141202195,0.1535253089633181,1.41666143073186,98.83127902009961
563.0,888.0,624.0,888.0,563.0,888.0,3721.0,126025.0,129746.0,61.0,355.0,360.20272070044115,0.1693490817653485,1.4006271529950103,99.74997546196167
568.0,889.0,623.0,889.0,568.0,889.0,3025.0,125316.0,128341.0,55.0,354.0,358.24712141202195,0.1535253089633181,1.41666143073186,98.83127902009961
563.0,889.0,623.0,889.0,563.0,889.0,3600.0,125316.0,128916.0,60.0,354.0,359.0487432090523,0.16710823010753623,1.402900403544522,99.61972779969885
568.0,889.0,623.0,889.0,568.0,889.0,3025.0,125316.0,128341.0,55.0,354.0,358.24712141202195,0.1535253089633181,1.41666143073186,98.83127902009961
563.0,889.0,623.0,889.0,563.0,889.0,3600.0,125316.0,128916.0,60.0,354.0,359.0487432090523,0.16710823010753623,1.402900403544522,99.61972779969885
563.0,889.0,624.0,889.0,563.0,889.0,3721.0,124609.0,128330.0,61.0,353.0,358.23176855214837,0.17028082195652655,1.3996816806954402,99.80414703437357
563.0,890.0,624.0,890.0,563.0,890.0,3721.0,123904.0,127625.0,61.0,352.0,357.24641355792505,0.17075048953601116,1.3992050325838232,99.8314569594821
564.0,889.0,624.0,889.0,564.0,889.0,3600.0,124609.0,128209.0,60.0,353.0,358.0628436461957,0.16756835026224168,1.4024337026870073,99.64646778912959
563.0,889.0,624.0,889.0,563.0,889.0,3721.0,124609.0,128330.0,61.0,353.0,358.23176855214837,0.17028082195652655,1.3996816806954402,99.80414703437357
563.0,889.0,624.0,889.0,563.0,889.0,3721.0,125316.0,129037.0,61.0,354.0,359.21720448775835,0.16981369276837854,1.4001557137489977,99.77698694105501
563.0,890.0,624.0,890.0,563.0,890.0,3721.0,123904.0,127625.0,61.0,352.0,357.24641355792505,0.17075048953601116,1.3992050325838232,99.8314569594821
563.0,885.0,623.0,885.0,563.0,885.0,3600.0,127449.0,131049.0,60.0,357.0,362.00690601147375,0.16574269441726702,1.4042852524030336,99.54038180484262
563.0,890.0,623.0,890.0,563.0,890.0,3600.0,123904.0,127504.0,60.0,352.0,357.07702250354896,0.1680309743240442,1.401964424783776,99.67335543240348
563.0,890.0,624.0,890.0,563.0,890.0,3721.0,123904.0,127625.0,61.0,352.0,357.24641355792505,0.17075048953601116,1.3992050325838232,99.8314569594821
564.0,889.0,624.0,889.0,564.0,889.0,3600.0,128164.0,131764.0,60.0,358.0,362.9931128823245,0.16529239225387415,1.4047418525265463,99.5142205448402
563.0,890.0,624.0,890.0,563.0,890.0,3721.0,124609.0,128330.0,61.0,353.0,358.23176855214837,0.17028082195652655,1.3996816806954402,99.80414703437357
564.0,889.0,624.0,889.0,564.0,889.0,3600.0,125316.0,128916.0,60.0,354.0,359.0487432090523,0.16710823010753623,1.402900403544522,99.61972779969885
564.0,890.0,625.0,890.0,564.0,890.0,3721.0,128164.0,131885.0,61.0,358.0,363.1597444651596,0.16797015894434345,1.4020261170012243,99.6698207287149
564.0,890.0,624.0,890.0,564.0,890.0,3600.0,128164.0,131764.0,60.0,358.0,362.9931128823245,0.16529239225387415,1.4047418525265463,99.5142205448402
564.0,890.0,624.0,890.0,564.0,890.0,3600.0,128164.0,131764.0,60.0,358.0,362.9931128823245,0.16529239225387415,1.4047418525265463,99.5142205448402
564.0,889.0,625.0,889.0,564.0,889.0,3721.0,128881.0,132602.0,61.0,359.0,364.1455752854894,0.1675154227870986,1.4024873890207161,99.64339178879054
564.0,890.0,624.0,890.0,564.0,890.0,3600.0,128164.0,131764.0,60.0,358.0,362.9931128823245,0.16529239225387415,1.4047418525265463,99.5142205448402
564.0,890.0,625.0,890.0,564.0,890.0,3721.0,128164.0,131885.0,61.0,358.0,363.1597444651596,0.16797015894434345,1.4020261170012243,99.6698207287149
563.0,890.0,624.0,890.0,563.0,890.0,3721.0,124609.0,128330.0,61.0,353.0,358.23176855214837,0.17028082195652655,1.3996816806954402,99.80414703437357
564.0,889.0,624.0,889.0,564.0,889.0,3600.0,128881.0,132481.0,60.0,359.0,363.9793950212017,0.16484449620150893,1.405195978227606,99.48820105880105
564.0,889.0,624.0,889.0,564.0,889.0,3600.0,128881.0,132481.0,60.0,359.0,363.9793950212017,0.16484449620150893,1.405195978227606,99.48820105880105
563.0,889.0,624.0,889.0,563.0,889.0,3721.0,125316.0,129037.0,61.0,354.0,359.21720448775835,0.16981369276837854,1.4001557137489977,99.77698694105501
563.0,889.0,624.0,889.0,563.0,889.0,3721.0,128881.0,132602.0,61.0,359.0,364.1455752854894,0.1675154227870986,1.4024873890207161,99.64339178879054
564.0,889.0,624.0,889.0,564.0,889.0,3600.0,128881.0,132481.0,60.0,359.0,363.9793950212017,0.16484449620150893,1.405195978227606,99.48820105880105
564.0,889.0,625.0,889.0,564.0,889.0,3721.0,128164.0,131885.0,61.0,358.0,363.1597444651596,0.16797015894434345,1.4020261170012243,99.6698207287149
563.0,890.0,624.0,890.0,563.0,890.0,3721.0,128164.0,131885.0,61.0,358.0,363.1597444651596,0.16797015894434345,1.4020261170012243,99.6698207287149
564.0,890.0,624.0,890.0,564.0,890.0,3600.0,128164.0,131764.0,60.0,358.0,362.9931128823245,0.16529239225387415,1.4047418525265463,99.5142205448402
568.0,890.0,623.0,890.0,568.0,890.0,3025.0,128164.0,131189.0,55.0,358.0,362.2002208723788,0.15184971413747217,1.4183569060371866,98.73413544083574
568.0,889.0,623.0,889.0,568.0,889.0,3025.0,128881.0,131906.0,55.0,359.0,363.1886562105155,0.15143644786119168,1.418775007527872,98.71017999001133
563.0,889.0,624.0,889.0,563.0,889.0,3721.0,125316.0,129037.0,61.0,354.0,359.21720448775835,0.16981369276837854,1.4001557137489977,99.77698694105501
563.0,890.0,624.0,890.0,563.0,890.0,3721.0,124609.0,128330.0,61.0,353.0,358.23176855214837,0.17028082195652655,1.3996816806954402,99.80414703437357
563.0,890.0,624.0,890.0,563.0,890.0,3721.0,124609.0,128330.0,61.0,353.0,358.23176855214837,0.17028082195652655,1.3996816806954402,99.80414703437357
564.0,890.0,624.0,890.0,564.0,890.0,3600.0,124609.0,128209.0,60.0,353.0,358.0628436461957,0.16756835026224168,1.4024337026870073,99.64646778912959
564.0,890.0,624.0,890.0,564.0,890.0,3600.0,124609.0,128209.0,60.0,353.0,358.0628436461957,0.16756835026224168,1.4024337026870073,99.64646778912959
564.0,890.0,624.0,890.0,564.0,890.0,3600.0,124609.0,128209.0,60.0,353.0,358.0628436461957,0.16756835026224168,1.4024337026870073,99.64646778912959
564.0,890.0,624.0,890.0,564.0,890.0,3600.0,124609.0,128209.0,60.0,353.0,358.0628436461957,0.16756835026224168,1.4024337026870073,99.64646778912959
559.0,890.0,625.0,890.0,559.0,890.0,4356.0,124609.0,128965.0,66.0,353.0,359.11697258692743,0.18378412895543142,1.3859615481534022,100.59025272339244
564.0,890.0,624.0,890.0,564.0,890.0,3600.0,124609.0,128209.0,60.0,353.0,358.0628436461957,0.16756835026224168,1.4024337026870073,99.64646778912959
559.0,891.0,624.0,891.0,559.0,891.0,4225.0,123904.0,128129.0,65.0,352.0,357.9511139806664,0.18158904236155213,1.3881942082371341,100.46233072350728
559.0,891.0,624.0,891.0,559.0,891.0,4225.0,123904.0,128129.0,65.0,352.0,357.9511139806664,0.18158904236155213,1.3881942082371341,100.46233072350728
559.0,891.0,624.0,891.0,559.0,891.0,4225.0,127449.0,131674.0,65.0,357.0,362.86912241192414,0.1791279444444239,1.3906963394550316,100.31896916493382
559.0,891.0,624.0,891.0,559.0,891.0,4225.0,123904.0,128129.0,65.0,352.0,357.9511139806664,0.18158904236155213,1.3881942082371341,100.46233072350728
554.0,890.0,625.0,890.0,554.0,890.0,5041.0,124609.0,129650.0,71.0,353.0,360.06943774777665,0.1971841888167539,1.3723114427571537,101.37234615250622
554.0,891.0,625.0,891.0,554.0,891.0,5041.0,123904.0,128945.0,71.0,352.0,359.0891254271006,0.19772250110763617,1.3717623194761521,101.40380859893999
555.0,892.0,625.0,892.0,555.0,892.0,4900.0,123201.0,128101.0,70.0,351.0,357.91200035762984,0.19557880129767982,1.3739487120956562,101.27853752948386
554.0,888.0,625.0,888.0,554.0,888.0,5041.0,126736.0,131777.0,71.0,356.0,363.0110191165001,0.19558634934223354,1.373941015406772,101.27897851727315
549.0,888.0,624.0,888.0,549.0,888.0,5625.0,126736.0,132361.0,75.0,356.0,363.8145131794497,0.20614900528447752,1.3631585375067325,101.89676899363849
549.0,889.0,624.0,889.0,549.0,889.0,5625.0,126736.0,132361.0,75.0,356.0,363.8145131794497,0.20614900528447752,1.3631585375067325,101.89676899363849
544.0,890.0,624.0,890.0,544.0,890.0,6400.0,126025.0,132425.0,80.0,355.0,363.90245945857527,0.21983912974654346,1.3491467638162191,102.69958448959736
543.0,896.0,628.0,896.0,543.0,896.0,7225.0,122500.0,129725.0,85.0,350.0,360.17356926904006,0.2359973281007393,1.3325515686161515,103.65041913475699
542.0,894.0,627.0,894.0,542.0,894.0,7225.0,121104.0,128329.0,85.0,348.0,358.23037280498704,0.23727747966885035,1.3312339952650438,103.72591052697437
538.0,896.0,627.0,896.0,538.0,896.0,7921.0,120409.0,128330.0,89.0,347.0,358.23176855214837,0.24844251072345674,1.31972430644886,104.38536711965064
532.0,898.0,626.0,898.0,532.0,898.0,8836.0,119716.0,128552.0,94.0,346.0,358.54148992829266,0.2621732843772132,1.3055227509129177,105.19905631438077
522.0,896.0,625.0,896.0,522.0,896.0,10609.0,121801.0,132410.0,103.0,349.0,363.8818489564985,0.28305891127950566,1.2838143642543367,106.44285524995557
522.0,902.0,630.0,902.0,522.0,902.0,11664.0,117649.0,129313.0,108.0,343.0,359.60116796250816,0.3003327286502585,1.2657548592417556,107.47758866727182
513.0,903.0,630.0,903.0,513.0,903.0,13689.0,117649.0,131338.0,117.0,343.0,362.4058498424108,0.3228424708124234,1.2420650829978654,108.834912863656
508.0,909.0,630.0,909.0,508.0,909.0,14884.0,113569.0,128453.0,122.0,337.0,358.4034040016919,0.34039855268624647,1.2234555963715705,109.90115790624786
503.0,911.0,630.0,911.0,503.0,911.0,16129.0,112896.0,129025.0,127.0,336.0,359.2005011132362,0.35356298113839174,1.2094189501443278,110.7053984935871
494.0,913.0,630.0,913.0,494.0,913.0,18496.0,108900.0,127396.0,136.0,330.0,356.9257625893654,0.38103161568772714,1.1798844979801615,112.39759795282484
484.0,916.0,628.0,916.0,484.0,916.0,20736.0,106929.0,127665.0,144.0,327.0,357.30239293909017,0.4030199708865311,1.1559820436738364,113.76710770458158
478.0,919.0,628.0,919.0,478.0,919.0,22500.0,104976.0,127476.0,150.0,324.0,357.03781312348417,0.4201235681110375,1.1372148428431348,114.84238910545518
468.0,920.0,627.0,920.0,468.0,920.0,25281.0,101761.0,127042.0,159.0,319.0,356.4295161739555,0.4460910019651684,1.108403422279961,116.49316190550147
457.0,928.0,625.0,928.0,457.0,928.0,28224.0,96721.0,124945.0,168.0,311.0,353.47560028946833,0.4752803301343046,1.075513705565978,118.37760386259359
450.0,928.0,622.0,928.0,450.0,928.0,29584.0,96721.0,126305.0,172.0,311.0,355.39414739131536,0.48396970310998183,1.0656109110771188,118.94499219219063
440.0,931.0,621.0,931.0,440.0,931.0,32761.0,94864.0,127625.0,181.0,308.0,357.24641355792505,0.5066530919019347,1.0394980329988668,120.44114989701416
430.0,932.0,619.0,932.0,430.0,932.0,35721.0,94249.0,129970.0,189.0,307.0,360.51352263126,0.5242521795591916,1.0189596252060205,121.61791398146285
419.0,936.0,618.0,936.0,419.0,936.0,39601.0,91809.0,131410.0,199.0,303.0,362.5051723768917,0.5489576843695416,0.9896796128824645,123.29553511169365
409.0,932.0,612.0,932.0,409.0,932.0,41209.0,91204.0,132413.0,203.0,302.0,363.88597115030416,0.5578670685167751,0.9789827660870248,123.90841928717037
399.0,935.0,609.0,935.0,399.0,935.0,44100.0,92416.0,136516.0,210.0,304.0,369.48071668221064,0.5683652502509906,0.9662787083611618,124.6363081775529
388.0,932.0,603.0,932.0,388.0,932.0,46225.0,91809.0,138034.0,215.0,303.0,371.52927206345396,0.5786892612953519,0.9536757417402901,125.3584049742731
379.0,936.0,596.0,936.0,379.0,936.0,47089.0,87025.0,134114.0,217.0,295.0,366.2157833846051,0.5925468257934242,0.9365794951960285,126.3379477467744
369.0,934.0,594.0,934.0,369.0,934.0,50625.0,87025.0,137650.0,225.0,295.0,371.01212918178294,0.606449175923728,0.9192091408720391,127.33319573818582
360.0,931.0,592.0,931.0,360.0,931.0,53824.0,88209.0,142033.0,232.0,297.0,376.87265753832554,0.6155925492589154,0.9076586764828557,127.99498859910219
348.0,928.0,587.0,928.0,348.0,928.0,57121.0,87025.0,144146.0,239.0,295.0,379.6656423749718,0.6295012593316378,0.8898851625880777,129.01333593239008
345.0,926.0,579.0,926.0,345.0,926.0,54756.0,87025.0,141781.0,234.0,295.0,376.5381786751511,0.6214509264992161,0.9002030173615037,128.42216640024387
338.0,923.0,573.0,923.0,338.0,923.0,55225.0,88209.0,143434.0,235.0,297.0,378.72681447185647,0.6205000306823087,0.9014161579605806,128.3526585639608
331.0,920.0,562.0,920.0,331.0,920.0,53361.0,85849.0,139210.0,231.0,293.0,373.10856328956055,0.6191227506636626,0.9031712125610132,128.25210134254098
327.0,914.0,563.0,914.0,327.0,914.0,55696.0,85264.0,140960.0,236.0,292.0,375.44640096823406,0.6285850640501082,0.891063745497304,128.94580810588516
322.0,911.0,564.0,911.0,322.0,911.0,58564.0,78400.0,136964.0,242.0,280.0,370.08647638085887,0.6539012242937402,0.8580669123949654,130.83638737994676
316.0,902.0,556.0,902.0,316.0,902.0,57600.0,80089.0,137689.0,240.0,283.0,371.06468438804575,0.6467875012029355,0.8674316255222179,130.2998288414044
314.0,895.0,547.0,895.0,314.0,895.0,54289.0,79524.0,133813.0,233.0,282.0,365.8045926447616,0.6369520905011431,0.8802582359092507,129.56491820076877
313.0,883.0,541.0,883.0,313.0,883.0,51984.0,78961.0,130945.0,228.0,281.0,361.86323383289437,0.6300722999266862,0.8891500131066491,129.05545689498717
310.0,868.0,538.0,868.0,310.0,868.0,51984.0,83521.0,135505.0,228.0,289.0,368.11003789627904,0.6193800128434496,0.9028435705034954,128.27087384962772
312.0,861.0,531.0,861.0,312.0,861.0,47961.0,78961.0,126922.0,219.0,281.0,356.2611401766968,0.6147176194725626,0.9087684216795472,127.93140488299684
310.0,849.0,531.0,849.0,310.0,849.0,48841.0,80656.0,129497.0,221.0,284.0,359.85691600968295,0.6141329794368976,0.9095094338447217,127.88894801336448
309.0,833.0,525.0,833.0,309.0,833.0,46656.0,80656.0,127312.0,216.0,284.0,356.808071657579,0.6053674710792153,0.9205688620464573,127.25528945357709
307.0,823.0,521.0,823.0,307.0,823.0,45796.0,80656.0,126452.0,214.0,284.0,355.60089988637543,0.6017982521089769,0.9250455030119004,126.99879681986184
306.0,811.0,519.0,811.0,306.0,811.0,45369.0,83521.0,128890.0,213.0,289.0,359.01253460011674,0.5932940481792602,0.9356515694530478,126.39111397554873
309.0,793.0,514.0,793.0,309.0,793.0,42025.0,87025.0,129050.0,205.0,295.0,359.23529893372114,0.5706566158962638,0.9634911016286458,124.79602627826831
310.0,779.0,507.0,779.0,310.0,779.0,38809.0,89401.0,128210.0,197.0,299.0,358.06424004639166,0.5501806043923185,0.9882158234811014,123.37940406648774
312.0,759.0,509.0,759.0,312.0,759.0,38809.0,96100.0,134909.0,197.0,310.0,367.29960522712247,0.5363468873814432,1.004693544770989,122.4353001805843
312.0,744.0,501.0,744.0,312.0,744.0,35721.0,97344.0,133065.0,189.0,312.0,364.7807560713695,0.5181194370983268,1.0261455400698787,121.20619138782345
312.0,727.0,493.0,727.0,312.0,727.0,32761.0,103684.0,136445.0,181.0,322.0,369.3846233940985,0.490004154306364,1.0587018082246111,119.34085462586111
316.0,714.0,489.0,714.0,316.0,714.0,29929.0,106929.0,136858.0,173.0,327.0,369.94323888942745,0.46763930736873954,1.0841781517496953,117.88116766444836
318.0,699.0,483.0,699.0,318.0,699.0,27225.0,112225.0,139450.0,165.0,335.0,373.4300469967568,0.441849822549049,1.1131366701780037,116.22196677755446
317.0,682.0,479.0,682.0,317.0,682.0,26244.0,120409.0,146653.0,162.0,347.0,382.9529997271206,0.4230284137098697,1.1340114133937698,115.02593209287171
317.0,671.0,475.0,671.0,317.0,671.0,24964.0,119025.0,143989.0,158.0,345.0,379.458825170795,0.41638246238938825,1.14133350865951,114.60640693695208
316.0,657.0,463.0,657.0,316.0,657.0,21609.0,126025.0,147634.0,147.0,355.0,384.2317009305713,0.3825816548816261,1.178207405737345,112.49368826019236
319.0,643.0,461.0,643.0,319.0,643.0,20164.0,128881.0,149045.0,142.0,359.0,386.0634662850138,0.3678151713406821,1.1941379345380687,111.58093619449929
321.0,634.0,461.0,634.0,321.0,634.0,19600.0,127449.0,147049.0,140.0,357.0,383.46968589446544,0.3650875288184562,1.197069506829343,111.41296947487176
326.0,623.0,454.0,623.0,326.0,623.0,16384.0,129600.0,145984.0,128.0,360.0,382.0785259603057,0.33500966765480555,1.2291808361470895,109.57312583041019
325.0,615.0,453.0,615.0,325.0,615.0,16384.0,134689.0,151073.0,128.0,367.0,388.6811032195931,0.3293188141634039,1.235214270450618,109.22743550884856
323.0,607.0,448.0,607.0,323.0,607.0,15625.0,134689.0,150314.0,125.0,367.0,387.7034949545851,0.322411331408406,1.2425205795287881,108.80881483485129
328.0,607.0,447.0,607.0,328.0,607.0,14161.0,133225.0,147386.0,119.0,365.0,383.90884334695915,0.3099694160794657,1.255635462844941,108.05738737202918
328.0,601.0,440.0,601.0,328.0,601.0,12544.0,137641.0,150185.0,112.0,371.0,387.5370949986594,0.28900459193561184,1.2776094302370145,106.79837178130529
332.0,594.0,437.0,594.0,332.0,594.0,11025.0,142884.0,153909.0,105.0,378.0,392.3123755376575,0.2676438637860946,1.299849476456476,105.52411099675426
330.0,591.0,430.0,591.0,330.0,591.0,10000.0,149769.0,159769.0,100.0,387.0,399.7111457039946,0.25018066439922304,1.3179294777676591,104.48820322803248
330.0,592.0,423.0,592.0,330.0,592.0,8649.0,148996.0,157645.0,93.0,386.0,397.04533746160524,0.23423017782948582,1.3343696848604734,103.54624874729318
334.0,590.0,421.0,590.0,334.0,590.0,7569.0,154449.0,162018.0,87.0,393.0,402.51459600864166,0.21614123031238397,1.352935788182199,102.48248938495448
333.0,588.0,419.0,588.0,333.0,588.0,7396.0,159201.0,166597.0,86.0,399.0,408.1629576529453,0.21070015881530454,1.358505184425631,102.1633864857698
338.0,593.0,412.0,593.0,338.0,593.0,5476.0,159201.0,164677.0,74.0,399.0,405.80413994931104,0.18235397995013883,1.3874162822213187,100.50690260098692
337.0,594.0,413.0,594.0,337.0,594.0,5776.0,156816.0,162592.0,76.0,396.0,403.2269832240893,0.18847944994237595,1.3811827110205073,100.86405992208772
343.0,593.0,413.0,593.0,343.0,593.0,4900.0,162409.0,167309.0,70.0,403.0,409.03422839659765,0.17113482232134453,1.3988149582841845,99.85380657054792
336.0,594.0,407.0,594.0,336.0,594.0,5041.0,160000.0,165041.0,71.0,400.0,406.252384608386,0.17476820491390266,1.3951259818184107,100.06516935275984
342.0,597.0,399.0,597.0,342.0,597.0,3249.0,167281.0,170530.0,57.0,409.0,412.9527818044092,0.1380303088186907,1.4323239163366268,97.93388469826206
341.0,595.0,399.0,595.0,341.0,595.0,3364.0,168100.0,171464.0,58.0,410.0,414.08211745981015,0.14006883551456276,1.4302653915594565,98.05182948001702
340.0,591.0,398.0,591.0,340.0,591.0,3364.0,170569.0,173933.0,58.0,413.0,417.0527544567953,0.1390711351985772,1.4312729537279134,97.9941004201674
345.0,591.0,395.0,591.0,345.0,591.0,2500.0,167281.0,169781.0,50.0,409.0,412.0449004659565,0.12134599880609623,1.4491505369382673,96.96979035432017
345.0,590.0,395.0,590.0,345.0,590.0,2500.0,173056.0,175556.0,50.0,416.0,418.9940333704049,0.11933344157146578,1.4511778273191136,96.85363517165021
345.0,588.0,387.0,588.0,345.0,588.0,1764.0,168921.0,170685.0,42.0,411.0,413.14041196668234,0.10166035271172429,1.4689600476408782,95.83478899684134
344.0,589.0,386.0,589.0,344.0,589.0,1764.0,168100.0,169864.0,42.0,410.0,412.1456053386958,0.10190573296416677,1.4687133863822703,95.84892164592895
343.0,589.0,385.0,589.0,343.0,589.0,1764.0,173889.0,175653.0,42.0,417.0,419.10977082382607,0.10021240954951349,1.4704154237119258,95.75140209036599
342.0,590.0,385.0,590.0,342.0,590.0,1849.0,173889.0,175738.0,43.0,417.0,419.2111639734801,0.10257360417701147,1.4680419969383054,95.88738942747779
342.0,586.0,385.0,586.0,342.0,586.0,1849.0,171396.0,173245.0,43.0,414.0,416.22710147226115,0.10330898648334573,1.4673026869811334,95.92974876777573
342.0,592.0,384.0,592.0,342.0,592.0,1764.0,171396.0,173160.0,42.0,414.0,416.1249812255929,0.10093121512748267,1.4696929550585982,95.79279649503215
341.0,592.0,384.0,592.0,341.0,592.0,1849.0,171396.0,173245.0,43.0,414.0,416.22710147226115,0.10330898648334573,1.4673026869811334,95.92974876777573
347.0,588.0,382.0,588.0,347.0,588.0,1225.0,168921.0,170146.0,35.0,411.0,412.4875755704649,0.08485104054733153,1.4858431379605255,94.86745917638737
341.0,591.0,375.0,591.0,341.0,591.0,1156.0,167281.0,168437.0,34.0,409.0,410.41076983919413,0.08284382988614497,1.4878574421315367,94.75204804873283
340.0,593.0,374.0,593.0,340.0,593.0,1156.0,165649.0,166805.0,34.0,407.0,408.4176783637065,0.08324811045451887,1.4874517602203599,94.77529191006806
341.0,590.0,375.0,590.0,341.0,590.0,1156.0,173056.0,174212.0,34.0,416.0,417.3871104861768,0.08145915181807231,1.4892468166023947,94.67244275538945
342.0,593.0,369.0,593.0,342.0,593.0,729.0,164836.0,165565.0,27.0,406.0,406.8967928111501,0.06635589288739198,1.504391641847108,93.80470818740419
342.0,593.0,369.0,593.0,342.0,593.0,729.0,164836.0,165565.0,27.0,406.0,406.8967928111501,0.06635589288739198,1.504391641847108,93.80470818740419
342.0,596.0,375.0,596.0,342.0,596.0,1089.0,168921.0,170010.0,33.0,411.0,412.3226891646881,0.08003440234359571,1.4906762337510824,94.59054318560602
341.0,595.0,374.0,595.0,341.0,595.0,1089.0,164025.0,165114.0,33.0,405.0,406.34222030205035,0.08121233372074844,1.4894944551865001,94.65825410967561
340.0,596.0,374.0,596.0,340.0,596.0,1156.0,163216.0,164372.0,34.0,404.0,405.4281687302943,0.0838619578567518,1.4868357587522323,94.81058619436564
340.0,597.0,374.0,597.0,340.0,597.0,1156.0,162409.0,163565.0,34.0,403.0,404.4317000434066,0.08406858314111103,1.486628401222027,94.82246690569666
340.0,591.0,374.0,591.0,340.0,591.0,1156.0,167281.0,168437.0,34.0,409.0,410.41076983919413,0.08284382988614497,1.4878574421315367,94.75204804873283
340.0,597.0,374.0,597.0,340.0,597.0,1156.0,162409.0,163565.0,34.0,403.0,404.4317000434066,0.08406858314111103,1.486628401222027,94.82246690569666
340.0,592.0,374.0,592.0,340.0,592.0,1156.0,166464.0,167620.0,34.0,408.0,409.41421567893804,0.08304547985373996,1.4876550949064553,94.76364169072617
340.0,594.0,374.0,594.0,340.0,594.0,1156.0,165649.0,166805.0,34.0,407.0,408.4176783637065,0.08324811045451887,1.4874517602203599,94.77529191006806
334.0,595.0,374.0,595.0,334.0,595.0,1600.0,164836.0,166436.0,40.0,406.0,407.96568483145734,0.09804746204702285,1.472591087893208,95.62674571514071
334.0,594.0,374.0,594.0,334.0,594.0,1600.0,166464.0,168064.0,40.0,408.0,409.9560952102066,0.09757142403137059,1.473069419436178,95.59933933652056
334.0,595.0,374.0,595.0,334.0,595.0,1600.0,160000.0,161600.0,40.0,400.0,401.9950248448356,0.09950371902099892,1.4711276743037347,95.71059313749963
334.0,594.0,374.0,594.0,334.0,594.0,1600.0,161604.0,163204.0,40.0,402.0,403.985148241863,0.09901354090386583,1.4716202851013265,95.68236861785505
334.0,594.0,374.0,594.0,334.0,594.0,1600.0,161604.0,163204.0,40.0,402.0,403.985148241863,0.09901354090386583,1.4716202851013265,95.68236861785505
334.0,593.0,374.0,593.0,334.0,593.0,1600.0,162409.0,164009.0,40.0,403.0,404.9802464318476,0.09877024954285375,1.4718647749073421,95.66836038383639
334.0,593.0,374.0,593.0,334.0,593.0,1600.0,162409.0,164009.0,40.0,403.0,404.9802464318476,0.09877024954285375,1.4718647749073421,95.66836038383639
334.0,593.0,374.0,593.0,334.0,593.0,1600.0,161604.0,163204.0,40.0,402.0,403.985148241863,0.09901354090386583,1.4716202851013265,95.68236861785505
334.0,594.0,374.0,594.0,334.0,594.0,1600.0,166464.0,168064.0,40.0,408.0,409.9560952102066,0.09757142403137059,1.473069419436178,95.59933933652056
334.0,593.0,374.0,593.0,334.0,593.0,1600.0,167281.0,168881.0,40.0,409.0,410.95133531842913,0.09733512599248682,1.4733068476096927,95.58573570424068
334.0,592.0,374.0,592.0,334.0,592.0,1600.0,168100.0,169700.0,40.0,410.0,411.9465984809196,0.09709996428542596,1.473543128543331,95.57219780396379
333.0,592.0,374.0,592.0,333.0,592.0,1681.0,168100.0,169781.0,41.0,410.0,412.0449004659565,0.09950371902099892,1.4711276743037347,95.71059313749963
333.0,591.0,374.0,591.0,333.0,591.0,1681.0,168921.0,170602.0,41.0,411.0,413.0399496416781,0.09926400590443725,1.4713685801049041,95.69679025183241
333.0,591.0,374.0,591.0,333.0,591.0,1681.0,168921.0,170602.0,41.0,411.0,413.0399496416781,0.09926400590443725,1.4713685801049041,95.69679025183241
333.0,593.0,374.0,593.0,333.0,593.0,1681.0,167281.0,168962.0,41.0,409.0,411.0498753192853,0.09974458687805954,1.470885602170966,95.72446284904501
333.0,593.0,374.0,593.0,333.0,593.0,1681.0,167281.0,168962.0,41.0,409.0,411.0498753192853,0.09974458687805954,1.470885602170966,95.72446284904501
333.0,593.0,374.0,593.0,333.0,593.0,1681.0,167281.0,168962.0,41.0,409.0,411.0498753192853,0.09974458687805954,1.470885602170966,95.72446284904501
333.0,593.0,373.0,593.0,333.0,593.0,1600.0,167281.0,168881.0,40.0,409.0,410.95133531842913,0.09733512599248682,1.4733068476096927,95.58573570424068
334.0,593.0,374.0,593.0,334.0,593.0,1600.0,168100.0,169700.0,40.0,410.0,411.9465984809196,0.09709996428542596,1.473543128543331,95.57219780396379
333.0,593.0,374.0,593.0,333.0,593.0,1681.0,168100.0,169781.0,41.0,410.0,412.0449004659565,0.09950371902099892,1.4711276743037347,95.71059313749963
334.0,593.0,374.0,593.0,334.0,593.0,1600.0,168100.0,169700.0,40.0,410.0,411.9465984809196,0.09709996428542596,1.473543128543331,95.57219780396379
333.0,593.0,374.0,593.0,333.0,593.0,1681.0,162409.0,164090.0,41.0,403.0,405.0802389650722,0.101214515190249,1.4694081967549117,95.80911194401469
334.0,594.0,374.0,594.0,334.0,594.0,1600.0,167281.0,168881.0,40.0,409.0,410.95133531842913,0.09733512599248682,1.4733068476096927,95.58573570424068
334.0,594.0,374.0,594.0,334.0,594.0,1600.0,167281.0,168881.0,40.0,409.0,410.95133531842913,0.09733512599248682,1.4733068476096927,95.58573570424068
334.0,594.0,374.0,594.0,334.0,594.0,1600.0,161604.0,163204.0,40.0,402.0,403.985148241863,0.09901354090386583,1.4716202851013265,95.68236861785505
334.0,593.0,374.0,593.0,334.0,593.0,1600.0,168100.0,169700.0,40.0,410.0,411.9465984809196,0.09709996428542596,1.473543128543331,95.57219780396379
334.0,594.0,374.0,594.0,334.0,594.0,1600.0,167281.0,168881.0,40.0,409.0,410.95133531842913,0.09733512599248682,1.4733068476096927,95.58573570424068
334.0,594.0,374.0,594.0,334.0,594.0,1600.0,167281.0,168881.0,40.0,409.0,410.95133531842913,0.09733512599248682,1.4733068476096927,95.58573570424068
334.0,593.0,375.0,593.0,334.0,593.0,1681.0,168100.0,169781.0,41.0,410.0,412.0449004659565,0.09950371902099892,1.4711276743037347,95.71059313749963
341.0,593.0,374.0,593.0,341.0,593.0,1089.0,168100.0,169189.0,33.0,410.0,411.32590484918404,0.08022835326187325,1.490481657134572,94.60169160452399
334.0,593.0,375.0,593.0,334.0,593.0,1681.0,168100.0,169781.0,41.0,410.0,412.0449004659565,0.09950371902099892,1.4711276743037347,95.71059313749963
334.0,598.0,375.0,598.0,334.0,598.0,1681.0,164025.0,165706.0,41.0,405.0,407.0700185471782,0.1007197733361152,1.4699054798499578,95.78061972144535
334.0,598.0,375.0,598.0,334.0,598.0,1681.0,164025.0,165706.0,41.0,405.0,407.0700185471782,0.1007197733361152,1.4699054798499578,95.78061972144535
334.0,591.0,375.0,591.0,334.0,591.0,1681.0,169744.0,171425.0,41.0,412.0,414.03502267320334,0.09902543928599293,1.4716083279557368,95.68305371183236
335.0,598.0,375.0,598.0,335.0,598.0,1600.0,164025.0,165625.0,40.0,405.0,406.97051490249265,0.0982872186934322,1.4723501675822634,95.64054943215683
335.0,598.0,375.0,598.0,335.0,598.0,1600.0,164025.0,165625.0,40.0,405.0,406.97051490249265,0.0982872186934322,1.4723501675822634,95.64054943215683
335.0,591.0,376.0,591.0,335.0,591.0,1681.0,169744.0,171425.0,41.0,412.0,414.03502267320334,0.09902543928599293,1.4716083279557368,95.68305371183236
335.0,596.0,376.0,596.0,335.0,596.0,1681.0,165649.0,167330.0,41.0,407.0,409.05989781448875,0.10022982017805558,1.4703979249805854,95.75240469381862
335.0,594.0,376.0,594.0,335.0,594.0,1681.0,166464.0,168145.0,41.0,408.0,410.05487437658877,0.09998661779678336,1.4706423552445314,95.73839987130924
335.0,594.0,376.0,594.0,335.0,594.0,1681.0,167281.0,168962.0,41.0,409.0,411.0498753192853,0.09974458687805954,1.470885602170966,95.72446284904501
335.0,595.0,376.0,595.0,335.0,595.0,1681.0,166464.0,168145.0,41.0,408.0,410.05487437658877,0.09998661779678336,1.4706423552445314,95.73839987130924
335.0,594.0,376.0,594.0,335.0,594.0,1681.0,167281.0,168962.0,41.0,409.0,411.0498753192853,0.09974458687805954,1.470885602170966,95.72446284904501
335.0,594.0,376.0,594.0,335.0,594.0,1681.0,167281.0,168962.0,41.0,409.0,411.0498753192853,0.09974458687805954,1.470885602170966,95.72446284904501
335.0,594.0,376.0,594.0,335.0,594.0,1681.0,166464.0,168145.0,41.0,408.0,410.05487437658877,0.09998661779678336,1.4706423552445314,95.73839987130924
335.0,594.0,376.0,594.0,335.0,594.0,1681.0,166464.0,168145.0,41.0,408.0,410.05487437658877,0.09998661779678336,1.4706423552445314,95.73839987130924
336.0,593.0,377.0,593.0,336.0,593.0,1681.0,167281.0,168962.0,41.0,409.0,411.0498753192853,0.09974458687805954,1.470885602170966,95.72446284904501
336.0,593.0,377.0,593.0,336.0,593.0,1681.0,167281.0,168962.0,41.0,409.0,411.0498753192853,0.09974458687805954,1.470885602170966,95.72446284904501
343.0,592.0,377.0,592.0,343.0,592.0,1156.0,167281.0,168437.0,34.0,409.0,410.41076983919413,0.08284382988614497,1.4878574421315367,94.75204804873283
343.0,592.0,377.0,592.0,343.0,592.0,1156.0,167281.0,168437.0,34.0,409.0,410.41076983919413,0.08284382988614497,1.4878574421315367,94.75204804873283
344.0,592.0,378.0,592.0,344.0,592.0,1156.0,161604.0,162760.0,34.0,402.0,403.43524883182926,0.08427622548711106,1.4864200193714252,94.83440630626326
344.0,593.0,378.0,593.0,344.0,593.0,1156.0,160801.0,161957.0,34.0,401.0,402.4388152253706,0.08448489239528148,1.486210605609843,94.84640483097388
344.0,592.0,378.0,592.0,344.0,592.0,1156.0,161604.0,162760.0,34.0,402.0,403.43524883182926,0.08427622548711106,1.4864200193714252,94.83440630626326
344.0,593.0,378.0,593.0,344.0,593.0,1156.0,160801.0,161957.0,34.0,401.0,402.4388152253706,0.08448489239528148,1.486210605609843,94.84640483097388
344.0,592.0,378.0,592.0,344.0,592.0,1156.0,161604.0,162760.0,34.0,402.0,403.43524883182926,0.08427622548711106,1.4864200193714252,94.83440630626326
344.0,593.0,378.0,593.0,344.0,593.0,1156.0,160801.0,161957.0,34.0,401.0,402.4388152253706,0.08448489239528148,1.486210605609843,94.84640483097388
338.0,592.0,379.0,592.0,338.0,592.0,1681.0,161604.0,163285.0,41.0,402.0,404.0853870161602,0.10146370375516778,1.4691577187136342,95.82346327864059
345.0,590.0,379.0,590.0,345.0,590.0,1156.0,168921.0,170077.0,34.0,411.0,412.4039282063157,0.08244344361092172,1.4882592027669173,94.72902885995103
338.0,591.0,379.0,591.0,338.0,591.0,1681.0,168100.0,169781.0,41.0,410.0,412.0449004659565,0.09950371902099892,1.4711276743037347,95.71059313749963
345.0,589.0,379.0,589.0,345.0,589.0,1156.0,169744.0,170900.0,34.0,412.0,413.40053217188773,0.08224469335192618,1.4884586302899645,94.71760250456168
345.0,589.0,379.0,589.0,345.0,589.0,1156.0,169744.0,170900.0,34.0,412.0,413.40053217188773,0.08224469335192618,1.4884586302899645,94.71760250456168
345.0,590.0,379.0,590.0,345.0,590.0,1156.0,168100.0,169256.0,34.0,410.0,411.40734072206345,0.08264315347491467,1.4880588090548896,94.74051057389117
345.0,591.0,379.0,591.0,345.0,591.0,1156.0,168100.0,169256.0,34.0,410.0,411.40734072206345,0.08264315347491467,1.4880588090548896,94.74051057389117
345.0,594.0,379.0,594.0,345.0,594.0,1156.0,165649.0,166805.0,34.0,407.0,408.4176783637065,0.08324811045451887,1.4874517602203599,94.77529191006806
345.0,594.0,379.0,594.0,345.0,594.0,1156.0,164836.0,165992.0,34.0,406.0,407.42115801710645,0.08345172883380896,1.4872474308442445,94.78699912095001
345.0,594.0,379.0,594.0,345.0,594.0,1156.0,164836.0,165992.0,34.0,406.0,407.42115801710645,0.08345172883380896,1.4872474308442445,94.78699912095001
345.0,594.0,379.0,594.0,345.0,594.0,1156.0,164836.0,165992.0,34.0,406.0,407.42115801710645,0.08345172883380896,1.4872474308442445,94.78699912095001
345.0,595.0,379.0,595.0,345.0,595.0,1156.0,163216.0,164372.0,34.0,404.0,405.4281687302943,0.0838619578567518,1.4868357587522323,94.81058619436564
345.0,593.0,385.0,593.0,345.0,593.0,1600.0,164836.0,166436.0,40.0,406.0,407.96568483145734,0.09804746204702285,1.472591087893208,95.62674571514071
345.0,594.0,386.0,594.0,345.0,594.0,1681.0,164025.0,165706.0,41.0,405.0,407.0700185471782,0.1007197733361152,1.4699054798499578,95.78061972144535
345.0,592.0,385.0,592.0,345.0,592.0,1600.0,165649.0,167249.0,40.0,407.0,408.96087832456544,0.09780886661793264,1.4728308356739443,95.6130091791569
345.0,592.0,386.0,592.0,345.0,592.0,1681.0,165649.0,167330.0,41.0,407.0,409.05989781448875,0.10022982017805558,1.4703979249805854,95.75240469381862
345.0,591.0,386.0,591.0,345.0,591.0,1681.0,166464.0,168145.0,41.0,408.0,410.05487437658877,0.09998661779678336,1.4706423552445314,95.73839987130924
345.0,591.0,386.0,591.0,345.0,591.0,1681.0,166464.0,168145.0,41.0,408.0,410.05487437658877,0.09998661779678336,1.4706423552445314,95.73839987130924
345.0,592.0,386.0,592.0,345.0,592.0,1681.0,165649.0,167330.0,41.0,407.0,409.05989781448875,0.10022982017805558,1.4703979249805854,95.75240469381862
345.0,593.0,386.0,593.0,345.0,593.0,1681.0,165649.0,167330.0,41.0,407.0,409.05989781448875,0.10022982017805558,1.4703979249805854,95.75240469381862
345.0,592.0,385.0,592.0,345.0,592.0,1600.0,166464.0,168064.0,40.0,408.0,409.9560952102066,0.09757142403137059,1.473069419436178,95.59933933652056
344.0,593.0,385.0,593.0,344.0,593.0,1681.0,165649.0,167330.0,41.0,407.0,409.05989781448875,0.10022982017805558,1.4703979249805854,95.75240469381862
345.0,593.0,385.0,593.0,345.0,593.0,1600.0,165649.0,167249.0,40.0,407.0,408.96087832456544,0.09780886661793264,1.4728308356739443,95.6130091791569
345.0,595.0,386.0,595.0,345.0,595.0,1681.0,164025.0,165706.0,41.0,405.0,407.0700185471782,0.1007197733361152,1.4699054798499578,95.78061972144535
338.0,596.0,392.0,596.0,338.0,596.0,2916.0,164025.0,166941.0,54.0,405.0,408.58414066138204,0.13216372009101796,1.4382447944982226,97.59464336859143
339.0,599.0,392.0,599.0,339.0,599.0,2809.0,161604.0,164413.0,53.0,402.0,405.4787294051317,0.13070969241162184,1.4397115470317803,97.51060463882847
339.0,601.0,393.0,601.0,339.0,601.0,2916.0,160801.0,163717.0,54.0,401.0,404.61957441527716,0.1334586940783484,1.4369382461644293,97.66950307384765
334.0,598.0,394.0,598.0,334.0,598.0,3600.0,156025.0,159625.0,60.0,395.0,399.53097501945956,0.15017609084521577,1.420049945674475,98.63713141507074
335.0,602.0,395.0,602.0,335.0,602.0,3600.0,153664.0,157264.0,60.0,392.0,396.5652531425314,0.1512991860092067,1.4189138694149457,98.70222378994679
335.0,604.0,401.0,604.0,335.0,604.0,4356.0,152100.0,156456.0,66.0,390.0,395.5451933723882,0.16685830369290805,1.403153888963681,99.60520415501294
336.0,597.0,402.0,597.0,336.0,597.0,4356.0,154449.0,158805.0,66.0,393.0,398.503450424209,0.1656196450237574,1.4044100262497876,99.53323279003001
331.0,606.0,403.0,606.0,331.0,606.0,5184.0,148996.0,154180.0,72.0,386.0,392.65761166695853,0.18336585834752248,1.3863870498651882,100.56587327113151
334.0,607.0,405.0,607.0,334.0,607.0,5041.0,145161.0,150202.0,71.0,381.0,387.5590277622236,0.18319789996882782,1.3865579024177717,100.55608414094944
328.0,605.0,411.0,605.0,328.0,605.0,6889.0,145924.0,152813.0,83.0,382.0,390.9130338067535,0.21232343979871174,1.3568443270693604,102.25854660265738
323.0,609.0,412.0,609.0,323.0,609.0,7921.0,140625.0,148546.0,89.0,375.0,385.41665765765754,0.2309189243165856,1.337774299647134,103.35117868914969
326.0,611.0,421.0,611.0,326.0,611.0,9025.0,140625.0,149650.0,95.0,375.0,386.84622267769396,0.2455756174699695,1.32268287769822,104.21585347367355
320.0,619.0,421.0,619.0,320.0,619.0,10201.0,130321.0,140522.0,101.0,361.0,374.8626415101937,0.26943202340223993,1.2979931313090742,105.63047173901997
315.0,623.0,428.0,623.0,315.0,623.0,12769.0,133225.0,145994.0,113.0,365.0,382.09161205135086,0.29574059318740936,1.2705656286120364,107.20195188614392
316.0,625.0,429.0,625.0,316.0,625.0,12769.0,132496.0,145265.0,113.0,364.0,381.13645850272576,0.29648173896539437,1.2697896844160224,107.2464102137132
317.0,633.0,436.0,633.0,317.0,633.0,14161.0,132496.0,146657.0,119.0,364.0,382.95822226451804,0.3107388563074224,1.2548260548419161,108.10376303450663
312.0,641.0,448.0,641.0,312.0,641.0,18496.0,128164.0,146660.0,136.0,358.0,382.96213912082743,0.3551264892979172,1.2077469540286483,110.80119681437779
308.0,649.0,453.0,649.0,308.0,649.0,21025.0,123904.0,144929.0,145.0,352.0,380.69541631072997,0.3808819171115225,1.1800464055442457,112.38832133273158
305.0,655.0,458.0,655.0,305.0,655.0,23409.0,121801.0,145210.0,153.0,349.0,381.064299036265,0.40150704326526093,1.1576345705379736,113.67242488973451
304.0,664.0,461.0,664.0,304.0,664.0,24649.0,114921.0,139570.0,157.0,339.0,373.5906851087163,0.42024602394546434,1.137079896147899,114.85012098155144
305.0,675.0,467.0,675.0,305.0,675.0,26244.0,109561.0,135805.0,162.0,331.0,368.517299458248,0.43959944414591634,1.1156436590762013,116.07832689440158
305.0,681.0,471.0,681.0,305.0,681.0,27556.0,114244.0,141800.0,166.0,338.0,376.5634076752546,0.4408288129343601,1.1142744879205233,116.15677462305298
307.0,689.0,474.0,689.0,307.0,689.0,27889.0,107584.0,135473.0,167.0,328.0,368.06657006579667,0.45372227086569306,1.0998584459793919,116.9827529835634
303.0,694.0,474.0,694.0,303.0,694.0,29241.0,108241.0,137482.0,171.0,329.0,370.78565236535246,0.46118289342950547,1.0914684589959807,117.46346382788255
300.0,710.0,481.0,710.0,300.0,710.0,32761.0,103041.0,135802.0,181.0,321.0,368.51322907054504,0.4911628286900683,1.057372129233347,119.41703962016777
302.0,720.0,485.0,720.0,302.0,720.0,33489.0,99225.0,132714.0,183.0,315.0,364.2993274767331,0.5023341691776463,1.0445001811768586,120.15454791791618
300.0,734.0,485.0,734.0,300.0,734.0,34225.0,94864.0,129089.0,185.0,308.0,359.2895768040036,0.5149050012684323,1.0298994995915904,120.99110535076642
300.0,742.0,488.0,742.0,300.0,742.0,35344.0,96100.0,131444.0,188.0,310.0,362.55206522649956,0.5185462117904349,1.0256464928379203,121.23478468799235
300.0,755.0,491.0,755.0,300.0,755.0,36481.0,91809.0,128290.0,191.0,303.0,358.1759344232943,0.5332574906450168,1.0083497383350104,122.22581572028298
304.0,763.0,499.0,763.0,304.0,763.0,38025.0,90000.0,128025.0,195.0,300.0,357.80581325629686,0.5449883505954142,0.9944211062037128,123.02386755579664
306.0,777.0,502.0,777.0,306.0,777.0,38416.0,87616.0,126032.0,196.0,296.0,355.00985901802784,0.5520973432741959,0.9859187130748626,123.51101879784079
307.0,786.0,507.0,786.0,307.0,786.0,40000.0,87025.0,127025.0,200.0,295.0,356.4056677439347,0.5611583038676399,0.9750117791718377,124.13594007791227
309.0,798.0,513.0,798.0,309.0,798.0,41616.0,82369.0,123985.0,204.0,287.0,352.115038020247,0.579356113692224,0.9528578304252892,125.40526784063866
305.0,809.0,519.0,809.0,305.0,809.0,45796.0,80656.0,126452.0,214.0,284.0,355.60089988637543,0.6017982521089769,0.9250455030119004,126.99879681986184
309.0,818.0,526.0,818.0,309.0,818.0,47089.0,78400.0,125489.0,217.0,280.0,354.24426600863984,0.612571665435814,0.9114862584620387,127.77568430595466
310.0,831.0,524.0,831.0,310.0,831.0,45796.0,76176.0,121972.0,214.0,276.0,349.2448997480135,0.6127505373862434,0.9112599373161915,127.78865155242627
309.0,836.0,527.0,836.0,309.0,836.0,47524.0,75625.0,123149.0,218.0,275.0,350.9259181080816,0.6212137341558746,0.9005057334726472,128.40482204468472
312.0,846.0,529.0,846.0,312.0,846.0,47089.0,74529.0,121618.0,217.0,273.0,348.7377237982722,0.6222441255753677,0.8991901705411565,128.48019824834302
314.0,859.0,535.0,859.0,314.0,859.0,48841.0,71824.0,120665.0,221.0,268.0,347.3686802231888,0.6362116465364831,0.8812183439018622,129.50990806491535
315.0,864.0,538.0,864.0,315.0,864.0,49729.0,72361.0,122090.0,223.0,269.0,349.4137948049561,0.6382117801745043,0.8786230871126789,129.65860532568823
319.0,872.0,541.0,872.0,319.0,872.0,49284.0,74529.0,123813.0,222.0,273.0,351.8707148939792,0.6309135446719116,0.8880662070140326,129.11755440990467
323.0,874.0,542.0,874.0,323.0,874.0,47961.0,77284.0,125245.0,219.0,278.0,353.89970330589426,0.6188193941793353,0.9035574503582757,128.22997154686942
327.0,881.0,550.0,881.0,327.0,881.0,49729.0,76729.0,126458.0,223.0,277.0,355.60933621039817,0.6270926471628429,0.8929811737904109,128.83594755717118
329.0,887.0,553.0,887.0,329.0,887.0,50176.0,77284.0,127460.0,224.0,278.0,357.0154058300566,0.6274239048009782,0.8925558363028668,128.86031760007614
334.0,892.0,554.0,892.0,334.0,892.0,48400.0,75076.0,123476.0,220.0,274.0,351.3915195334116,0.6260822694074197,0.8942776086664478,128.76166731036068
342.0,899.0,556.0,899.0,342.0,899.0,45796.0,77284.0,123080.0,214.0,278.0,350.8275929855005,0.6099862276478478,0.914753116278168,127.58850714082112
347.0,900.0,556.0,900.0,347.0,900.0,43681.0,77284.0,120965.0,209.0,278.0,347.80023001717524,0.6009196715875635,0.9261451322522151,126.93579270536262
353.0,902.0,562.0,902.0,353.0,902.0,43681.0,85264.0,128945.0,209.0,292.0,359.0891254271006,0.5820282074858586,0.949575653030659,125.5933227529642
359.0,904.0,567.0,904.0,359.0,904.0,43264.0,86436.0,129700.0,208.0,294.0,360.1388621073821,0.5775549985993483,0.9550658545950333,125.27875737464943
364.0,906.0,566.0,906.0,364.0,906.0,40804.0,91809.0,132613.0,202.0,303.0,364.1606788218629,0.5547001962252291,0.982793723247329,123.69006752597979
371.0,906.0,574.0,906.0,371.0,906.0,41209.0,95481.0,136690.0,203.0,309.0,369.7161073039691,0.549069937688973,0.9895453085795654,123.30323018142022
382.0,907.0,578.0,907.0,382.0,907.0,38416.0,94249.0,132665.0,196.0,307.0,364.2320688791694,0.5381184600332959,1.002593115813722,122.55564589500278
388.0,907.0,579.0,907.0,388.0,907.0,36481.0,100489.0,136970.0,191.0,317.0,370.0945825056076,0.5160842904181285,1.0285232605284567,121.06995804068502
399.0,908.0,584.0,908.0,399.0,908.0,34225.0,99856.0,134081.0,185.0,316.0,366.17072520888394,0.5052288106714862,1.0411492435336929,120.34654250228108
409.0,907.0,590.0,907.0,409.0,907.0,32761.0,100489.0,133250.0,181.0,317.0,365.0342449688796,0.4958438899764893,1.0519900018659119,119.72541280312365
419.0,910.0,591.0,910.0,419.0,910.0,29584.0,101124.0,130708.0,172.0,318.0,361.53561373673824,0.4757484282730895,1.0749815992575267,118.40809130832014
424.0,906.0,595.0,906.0,424.0,906.0,29241.0,104329.0,133570.0,171.0,323.0,365.47229717175554,0.46788772041903276,1.0838970949836275,117.89727103094762
435.0,908.0,595.0,908.0,435.0,908.0,25600.0,106276.0,131876.0,160.0,326.0,363.1473530125202,0.44059249963604635,1.114537745877995,116.14169105316662
445.0,902.0,601.0,902.0,445.0,902.0,24336.0,109561.0,133897.0,156.0,331.0,365.9193900300994,0.42632340414419667,1.1303719258629932,115.2344593679757
454.0,903.0,602.0,903.0,454.0,903.0,21904.0,111556.0,133460.0,148.0,334.0,365.3217759729086,0.40512230514004544,1.1536837254958454,113.89879163615865
466.0,899.0,603.0,899.0,466.0,899.0,18769.0,114244.0,133013.0,137.0,338.0,364.7094734168555,0.3756414625495944,1.1857074970331962,112.06396468297727
471.0,897.0,604.0,897.0,471.0,897.0,17689.0,114921.0,132610.0,133.0,339.0,364.156559737704,0.3652275276760021,1.1969191233526082,111.42158581339717
482.0,898.0,606.0,898.0,482.0,898.0,15376.0,114244.0,129620.0,124.0,338.0,360.02777670618696,0.3444178700167195,1.2191776802200784,110.1462644468392
492.0,895.0,607.0,895.0,492.0,895.0,13225.0,115600.0,128825.0,115.0,340.0,358.92199709686224,0.3204038786426483,1.2446405145514434,108.68735150521117
503.0,890.0,613.0,890.0,503.0,890.0,12100.0,119025.0,131125.0,110.0,345.0,362.1118611699981,0.30377353463260093,1.2621454597180315,107.68439202655775
504.0,890.0,609.0,890.0,504.0,890.0,11025.0,122500.0,133525.0,105.0,350.0,365.41072781186926,0.28734788556634544,1.2793395323170296,106.69924423399361
513.0,892.0,614.0,892.0,513.0,892.0,10201.0,120409.0,130610.0,101.0,347.0,361.4000553403389,0.2794686899117543,1.2875556209611758,106.22849703057868
519.0,891.0,609.0,891.0,519.0,891.0,8100.0,120409.0,128509.0,90.0,347.0,358.48151974683435,0.25105896689893387,1.3170222206555873,104.54018523148741
520.0,891.0,605.0,891.0,520.0,891.0,7225.0,119716.0,126941.0,85.0,346.0,356.2878050116226,0.23857117421469753,1.3299020521197036,103.80222524775375
530.0,890.0,611.0,890.0,530.0,890.0,6561.0,120409.0,126970.0,81.0,347.0,356.32850012313077,0.22731833118038583,1.3414732939463214,103.1392419273633
536.0,891.0,611.0,891.0,536.0,891.0,5625.0,119716.0,125341.0,75.0,346.0,354.0353089735542,0.211843276924682,1.3573356671600265,102.23039488915663
537.0,886.0,608.0,886.0,537.0,886.0,5041.0,123201.0,128242.0,71.0,351.0,358.10892197765753,0.19826370035100577,1.3712101899451101,101.43544329081324
543.0,885.0,613.0,885.0,543.0,885.0,4900.0,123904.0,128804.0,70.0,352.0,358.8927416373867,0.19504434578597768,1.374493662684753,101.24731416068545
552.0,881.0,612.0,881.0,552.0,881.0,3600.0,126736.0,130336.0,60.0,356.0,361.0207750254824,0.16619542184453218,1.4038261577699678,99.5666859897144
552.0,886.0,617.0,886.0,552.0,886.0,4225.0,127449.0,131674.0,65.0,357.0,362.86912241192414,0.1791279444444239,1.3906963394550316,100.31896916493382
558.0,886.0,618.0,886.0,558.0,886.0,3600.0,127449.0,131049.0,60.0,357.0,362.00690601147375,0.16574269441726702,1.4042852524030336,99.54038180484262
564.0,884.0,619.0,884.0,564.0,884.0,3025.0,128881.0,131906.0,55.0,359.0,363.1886562105155,0.15143644786119168,1.418775007527872,98.71017999001133
564.0,883.0,615.0,883.0,564.0,883.0,2601.0,129600.0,132201.0,51.0,360.0,363.5945544146667,0.14026612714841794,1.4300661328046713,98.06324616569725
570.0,883.0,620.0,883.0,570.0,883.0,2500.0,129600.0,132100.0,50.0,360.0,363.45563690772497,0.1375683712746877,1.4327903031373772,97.90716270295846
575.0,878.0,621.0,878.0,575.0,878.0,2116.0,133225.0,135341.0,46.0,365.0,367.8872109764078,0.12503832323475342,1.4454298693428949,97.18296890450611
581.0,876.0,622.0,876.0,581.0,876.0,1681.0,134689.0,136370.0,41.0,367.0,369.2830892418444,0.11102593428844774,1.4595410195679122,96.37445955253753
583.0,880.0,618.0,880.0,583.0,880.0,1225.0,131769.0,132994.0,35.0,363.0,364.6834243559748,0.0959736518373695,1.4746747262763906,95.5073620297529
584.0,878.0,615.0,878.0,584.0,878.0,961.0,134689.0,135650.0,31.0,367.0,368.30693721405794,0.08416892778205524,1.4865276996682066,94.82823667972097
589.0,878.0,620.0,878.0,589.0,878.0,961.0,135424.0,136385.0,31.0,368.0,369.3033983055125,0.08394182166272601,1.486755612351645,94.81517824486245
594.0,878.0,620.0,878.0,594.0,878.0,676.0,134689.0,135365.0,26.0,367.0,367.9198282234868,0.07066756941462457,1.5000698069481235,94.05233108686835
595.0,878.0,621.0,878.0,595.0,878.0,676.0,135424.0,136100.0,26.0,368.0,368.9173349139343,0.07047649307687211,1.5002613608903184,94.04135585443149
596.0,878.0,622.0,878.0,596.0,878.0,676.0,135424.0,136100.0,26.0,368.0,368.9173349139343,0.07047649307687211,1.5002613608903184,94.04135585443149
597.0,877.0,618.0,877.0,597.0,877.0,441.0,136161.0,136602.0,21.0,369.0,369.59707791052676,0.056818631031178624,1.5139470794620589,93.25722194066695
598.0,877.0,618.0,877.0,598.0,877.0,400.0,136161.0,136561.0,20.0,369.0,369.5416079415145,0.054121104552766086,1.5166487663892945,93.10242668217069
599.0,877.0,619.0,877.0,599.0,877.0,400.0,136161.0,136561.0,20.0,369.0,369.5416079415145,0.054121104552766086,1.5166487663892945,93.10242668217069
600.0,878.0,620.0,878.0,600.0,878.0,400.0,135424.0,135824.0,20.0,368.0,368.5430775363987,0.054267740242725696,1.5165019148865906,93.11084065349077
601.0,878.0,621.0,878.0,601.0,878.0,400.0,135424.0,135824.0,20.0,368.0,368.5430775363987,0.054267740242725696,1.5165019148865906,93.11084065349077
606.0,878.0,621.0,878.0,606.0,878.0,225.0,135424.0,135649.0,15.0,368.0,368.3055796482046,0.04072705065811816,1.530058008781365,92.33413368663713
601.0,878.0,622.0,878.0,601.0,878.0,441.0,135424.0,135865.0,21.0,368.0,368.5986977730659,0.056972529004779636,1.5137929317898087,93.26605395170866
602.0,877.0,618.0,877.0,602.0,877.0,256.0,136161.0,136417.0,16.0,369.0,369.34672057566723,0.04331972942676261,1.5274630369538056,92.48281462031164
603.0,877.0,618.0,877.0,603.0,877.0,225.0,136161.0,136386.0,15.0,369.0,369.30475220338013,0.04061686157707318,1.5301682891135235,92.32781508904115
594.0,883.0,625.0,883.0,594.0,883.0,961.0,134689.0,135650.0,31.0,367.0,368.30693721405794,0.08416892778205524,1.4865276996682066,94.82823667972097
593.0,883.0,624.0,883.0,593.0,883.0,961.0,134689.0,135650.0,31.0,367.0,368.30693721405794,0.08416892778205524,1.4865276996682066,94.82823667972097
593.0,883.0,624.0,883.0,593.0,883.0,961.0,134689.0,135650.0,31.0,367.0,368.30693721405794,0.08416892778205524,1.4865276996682066,94.82823667972097
592.0,882.0,623.0,882.0,592.0,882.0,961.0,134689.0,135650.0,31.0,367.0,368.30693721405794,0.08416892778205524,1.4865276996682066,94.82823667972097
588.0,882.0,624.0,882.0,588.0,882.0,1296.0,131769.0,133065.0,36.0,363.0,364.7807560713695,0.09868941659015747,1.4719460047266302,95.66370625802057
592.0,882.0,624.0,882.0,592.0,882.0,1024.0,134689.0,135713.0,32.0,367.0,368.3924537772184,0.08686388570638766,1.4838228323325346,94.98321416219777
587.0,882.0,623.0,882.0,587.0,882.0,1296.0,131044.0,132340.0,36.0,362.0,363.78565117387467,0.09895937314689048,1.471674720201025,95.67924971638496
586.0,882.0,623.0,882.0,586.0,882.0,1369.0,134689.0,136058.0,37.0,367.0,368.8604072003391,0.10030894961275741,1.470318394739379,95.7569614409834
587.0,882.0,623.0,882.0,587.0,882.0,1296.0,134689.0,135985.0,36.0,367.0,368.76144050049487,0.09762408984827602,1.4730165009835627,95.60237134051378
586.0,882.0,623.0,882.0,586.0,882.0,1369.0,131044.0,132413.0,37.0,362.0,363.88597115030416,0.10168020460650581,1.4689400923407532,95.83593235131742
586.0,882.0,622.0,882.0,586.0,882.0,1296.0,131044.0,132340.0,36.0,362.0,363.78565117387467,0.09895937314689048,1.471674720201025,95.67924971638496
586.0,882.0,623.0,882.0,586.0,882.0,1369.0,131044.0,132413.0,37.0,362.0,363.88597115030416,0.10168020460650581,1.4689400923407532,95.83593235131742
586.0,881.0,622.0,881.0,586.0,881.0,1296.0,131769.0,133065.0,36.0,363.0,364.7807560713695,0.09868941659015747,1.4719460047266302,95.66370625802057
586.0,882.0,622.0,882.0,586.0,882.0,1296.0,131044.0,132340.0,36.0,362.0,363.78565117387467,0.09895937314689048,1.471674720201025,95.67924971638496
586.0,882.0,627.0,882.0,586.0,882.0,1681.0,131044.0,132725.0,41.0,362.0,364.3144246389374,0.11254015001089798,1.4580172536977716,96.46176490586267
580.0,882.0,627.0,882.0,580.0,882.0,2209.0,131044.0,133253.0,47.0,362.0,365.03835414925925,0.12875359387792532,1.4416843175023122,97.39757321691896
580.0,882.0,626.0,882.0,580.0,882.0,2116.0,130321.0,132437.0,46.0,361.0,363.9189470198,0.1264017726383926,1.4440555153707062,97.26171358666956
580.0,882.0,626.0,882.0,580.0,882.0,2116.0,131044.0,133160.0,46.0,362.0,364.91094804075146,0.12605815267253354,1.4444019061157491,97.2418668589162
579.0,882.0,626.0,882.0,579.0,882.0,2209.0,130321.0,132530.0,47.0,361.0,364.04670030093666,0.12910431535610067,1.4413306442058487,97.4178372041328
578.0,882.0,625.0,882.0,578.0,882.0,2209.0,133956.0,136165.0,47.0,366.0,369.00542001439493,0.1273694028617968,1.4430800003697717,97.31760647907481
573.0,882.0,629.0,882.0,573.0,882.0,3136.0,133956.0,137092.0,56.0,366.0,370.25936855129,0.15124532896793572,1.418968353451069,98.69910208462608
573.0,884.0,624.0,884.0,573.0,884.0,2601.0,128881.0,131482.0,51.0,359.0,362.60446770551516,0.14064912195571466,1.4296793032337778,98.0854098675003
573.0,883.0,629.0,883.0,573.0,883.0,3136.0,133225.0,136361.0,56.0,365.0,369.2709032675063,0.15165018284539092,1.418558775193323,98.72256919017525
568.0,884.0,629.0,884.0,568.0,884.0,3721.0,128881.0,132602.0,61.0,359.0,364.1455752854894,0.1675154227870986,1.4024873890207161,99.64339178879054
567.0,885.0,628.0,885.0,567.0,885.0,3721.0,128164.0,131885.0,61.0,358.0,363.1597444651596,0.16797015894434345,1.4020261170012243,99.6698207287149
562.0,885.0,628.0,885.0,562.0,885.0,4356.0,128164.0,132520.0,66.0,358.0,364.0329655402104,0.1813022617390121,1.388485829489592,100.44562205652511
556.0,887.0,627.0,887.0,556.0,887.0,5041.0,126736.0,131777.0,71.0,356.0,363.0110191165001,0.19558634934223354,1.373941015406772,101.27897851727315
555.0,887.0,627.0,887.0,555.0,887.0,5184.0,126736.0,131920.0,72.0,356.0,363.2079294288603,0.19823355760216757,1.3712409430896095,101.43368126542667
550.0,890.0,631.0,890.0,550.0,890.0,6561.0,125316.0,131877.0,81.0,354.0,363.1487298614715,0.22304910726494528,1.3458550617437257,102.8881851257657
545.0,894.0,630.0,894.0,545.0,894.0,7225.0,122500.0,129725.0,85.0,350.0,360.17356926904006,0.2359973281007393,1.3325515686161515,103.65041913475699
540.0,896.0,629.0,896.0,540.0,896.0,7921.0,121801.0,129722.0,89.0,349.0,360.16940458623077,0.2471059420003896,1.3211038938672717,104.3063225831063
530.0,900.0,629.0,900.0,530.0,900.0,9801.0,117649.0,127450.0,99.0,343.0,357.0014005574768,0.27730983644715734,1.2898033307086614,106.09971274847733
520.0,900.0,628.0,900.0,520.0,900.0,11664.0,118336.0,130000.0,108.0,344.0,360.5551275463989,0.2995381059616237,1.266587832455657,107.42986281766782
516.0,904.0,629.0,904.0,516.0,904.0,12769.0,112896.0,125665.0,113.0,336.0,354.4925951271761,0.31876547367501606,1.2463695968067463,108.58828238955135
507.0,907.0,629.0,907.0,507.0,907.0,14884.0,111556.0,126440.0,122.0,334.0,355.58402663786796,0.3430975264933557,1.2205837096013068,110.06570489742342
494.0,912.0,631.0,912.0,494.0,912.0,18769.0,107584.0,126353.0,137.0,328.0,355.4616716328218,0.38541426807196166,1.175139593807762,112.66946093609735
484.0,917.0,629.0,917.0,484.0,917.0,21025.0,105625.0,126650.0,145.0,325.0,355.8791929854849,0.40744163429052754,1.1511454646597927,114.04422326936782
468.0,916.0,628.0,916.0,468.0,916.0,25600.0,106276.0,131876.0,160.0,326.0,363.1473530125202,0.44059249963604635,1.114537745877995,116.14169105316662
460.0,921.0,625.0,921.0,460.0,921.0,27225.0,102400.0,129625.0,165.0,320.0,360.0347205478938,0.4582891331950047,1.0947269964721353,117.27676338311369
445.0,925.0,624.0,925.0,445.0,925.0,32041.0,97969.0,130010.0,179.0,313.0,360.568994784632,0.49643758223559065,1.0513062153139205,119.76459088664055
435.0,927.0,617.0,927.0,435.0,927.0,33124.0,96721.0,129845.0,182.0,311.0,360.34011711159775,0.5050783727853272,1.0413235572663337,120.3365550610896
420.0,929.0,616.0,929.0,420.0,929.0,38416.0,95481.0,133897.0,196.0,309.0,365.9193900300994,0.5356370975145035,1.0055343058710784,122.3871281179704
410.0,926.0,614.0,926.0,410.0,926.0,41616.0,97969.0,139585.0,204.0,313.0,373.6107600163571,0.5460228179484676,0.9931868159867095,123.09458717592523
401.0,928.0,608.0,928.0,401.0,928.0,42849.0,94249.0,137098.0,207.0,307.0,370.2674708909763,0.559055321554159,0.9775503256075998,123.99049208104512
389.0,923.0,606.0,923.0,389.0,923.0,47089.0,96721.0,143810.0,217.0,311.0,379.22288960451743,0.5722228429468067,0.9615825669129726,124.90537726253059
373.0,923.0,599.0,923.0,373.0,923.0,51076.0,93636.0,144712.0,226.0,306.0,380.41030480259076,0.5940953679403609,0.9346557580492049,126.44816976617994
366.0,919.0,597.0,919.0,366.0,919.0,53361.0,93636.0,146997.0,231.0,306.0,383.40187792967316,0.6025009612560426,0.9241653377680773,127.049226573607
358.0,911.0,588.0,911.0,358.0,911.0,52900.0,96721.0,149621.0,230.0,311.0,386.8087382673768,0.5946091110305148,0.9340169368293749,126.48477152593959
351.0,912.0,583.0,912.0,351.0,912.0,53824.0,91809.0,145633.0,232.0,303.0,381.61891986640285,0.6079363153200542,0.9173374758612203,127.44043424396804
343.0,903.0,572.0,903.0,343.0,903.0,52441.0,93025.0,145466.0,229.0,305.0,381.4000524383813,0.6004194245279949,0.9267708342006996,126.89994262448134
337.0,897.0,573.0,897.0,337.0,897.0,55696.0,91809.0,147505.0,236.0,303.0,384.0637967838156,0.6144812449813938,0.9090680701317743,127.91423629134661
330.0,890.0,572.0,890.0,330.0,890.0,58564.0,90000.0,148564.0,242.0,300.0,385.4400083022,0.6278538677548559,0.8920035428877121,128.89196168181738
326.0,884.0,561.0,884.0,326.0,884.0,55225.0,86436.0,141661.0,235.0,294.0,376.3787985527346,0.624370981850281,0.8964703223068662,128.63603407308395
320.0,875.0,556.0,875.0,320.0,875.0,55696.0,84100.0,139796.0,236.0,290.0,373.8930328315841,0.6311965703471761,0.8877013600379289,129.1384586018035
320.0,869.0,543.0,869.0,320.0,869.0,49729.0,82944.0,132673.0,223.0,288.0,364.2430507230028,0.6122285642989126,0.9119202626663303,127.75081769675782
313.0,855.0,535.0,855.0,313.0,855.0,49284.0,86436.0,135720.0,222.0,294.0,368.40195439221003,0.6026026663356221,0.9240379005316064,127.05652818940959
314.0,845.0,531.0,845.0,314.0,845.0,47089.0,83521.0,130610.0,217.0,289.0,361.4000553403389,0.6004426308005018,0.9267418146270052,126.9016053235773
308.0,834.0,527.0,834.0,308.0,834.0,47961.0,81796.0,129757.0,219.0,286.0,360.2179895563241,0.6079651942695575,0.9173011032309131,127.44251824217443
309.0,820.0,526.0,820.0,309.0,820.0,47089.0,81796.0,128885.0,217.0,286.0,359.0055709874152,0.6044474446542972,0.9217242449947496,127.18909088691856
311.0,803.0,524.0,803.0,311.0,803.0,45369.0,87025.0,132394.0,213.0,295.0,363.85986313414674,0.5853902053535149,0.9454350642502948,125.83056101477828
308.0,792.0,516.0,792.0,308.0,792.0,43264.0,88804.0,132068.0,208.0,298.0,363.4116123626211,0.5723537523959263,0.9614229314636485,124.91452370003753
312.0,776.0,512.0,776.0,312.0,776.0,40000.0,91204.0,131204.0,200.0,302.0,362.22092705971585,0.5521492135296422,0.9858565008066836,123.51458329824139
313.0,758.0,506.0,758.0,313.0,758.0,37249.0,97344.0,134593.0,193.0,312.0,366.86918649567724,0.5260730721037922,1.016819919864991,121.74051006690544
308.0,741.0,499.0,741.0,308.0,741.0,36481.0,96100.0,132581.0,191.0,310.0,364.1167395218188,0.5245570424771828,1.0186015818142706,121.63842835669266
310.0,723.0,491.0,723.0,310.0,723.0,32761.0,101124.0,133885.0,181.0,318.0,365.90299260869676,0.49466662928762833,1.053345126179598,119.64776989923388
308.0,705.0,492.0,705.0,308.0,705.0,33856.0,108241.0,142097.0,184.0,329.0,376.95755729259497,0.4881186129322748,1.06086350894097,119.21699829824334
306.0,693.0,485.0,693.0,306.0,693.0,32041.0,108241.0,140282.0,179.0,329.0,374.54238745434407,0.4779165349391055,1.072515021289526,118.54941581572652
306.0,677.0,480.0,677.0,306.0,677.0,30276.0,112896.0,143172.0,174.0,336.0,378.38076061026146,0.4598542476614527,1.0929652718027816,117.37770277133174
304.0,662.0,479.0,662.0,304.0,662.0,30625.0,118336.0,148961.0,175.0,344.0,385.9546605496557,0.453421134365302,1.1001963385026272,116.96339316805299
311.0,649.0,477.0,649.0,311.0,649.0,27556.0,122500.0,150056.0,166.0,350.0,387.3706235635325,0.42853017214604144,1.127930944722087,115.37431728522066
311.0,638.0,474.0,638.0,311.0,638.0,26569.0,122500.0,149069.0,163.0,350.0,386.0945480060551,0.4221763835873789,1.1349515170016777,114.97206812383357
308.0,626.0,466.0,626.0,308.0,626.0,24964.0,125316.0,150280.0,158.0,354.0,387.6596445337069,0.40757402073679594,1.1510004951044153,114.05252941304883
308.0,618.0,459.0,618.0,308.0,618.0,22801.0,129600.0,152401.0,151.0,360.0,390.3857067055606,0.38679694826503536,1.1736406794821246,112.75534240080808
311.0,608.0,451.0,608.0,311.0,608.0,19600.0,136161.0,155761.0,140.0,369.0,394.66568130507625,0.3547306153832517,1.2081703968584034,110.77693532736775
312.0,609.0,451.0,609.0,312.0,609.0,19321.0,130321.0,149642.0,139.0,361.0,386.8358825135021,0.3593255080082917,1.2032512977450252,111.05877894557086
315.0,603.0,443.0,603.0,315.0,603.0,16384.0,133225.0,149609.0,128.0,365.0,386.79322641432077,0.3309261674166197,1.2335114537991254,109.32499971626368
314.0,598.0,430.0,598.0,314.0,598.0,13456.0,140625.0,154081.0,116.0,375.0,392.531527396208,0.29551766394273227,1.2707989883885753,107.18858135584013
319.0,594.0,428.0,594.0,319.0,594.0,11881.0,143641.0,155522.0,109.0,379.0,394.3627771481482,0.2763952541064811,1.290755116084806,106.04517946342197
317.0,594.0,426.0,594.0,317.0,594.0,11881.0,143641.0,155522.0,109.0,379.0,394.3627771481482,0.2763952541064811,1.290755116084806,106.04517946342197
316.0,592.0,419.0,592.0,316.0,592.0,10609.0,148996.0,159605.0,103.0,386.0,399.50594488693156,0.2578184412979164,1.3100326967387304,104.94065545272906
320.0,596.0,418.0,596.0,320.0,596.0,9604.0,148996.0,158600.0,98.0,386.0,398.24615503479754,0.24607896086639444,1.322163599541597,104.24560592044139
320.0,593.0,419.0,593.0,320.0,593.0,9801.0,150544.0,160345.0,99.0,388.0,400.4310177795921,0.24723359481230858,1.3209721534382826,104.31387075367861
324.0,595.0,418.0,595.0,324.0,595.0,8836.0,151321.0,160157.0,94.0,389.0,400.1962018810274,0.23488478790696984,1.3336962885268557,103.58483151514905
323.0,594.0,412.0,594.0,323.0,594.0,7921.0,158404.0,166325.0,89.0,398.0,407.82962128810607,0.21822838595906469,1.3507975944707473,102.60499886040208
328.0,597.0,411.0,597.0,328.0,597.0,6889.0,155236.0,162125.0,83.0,394.0,402.6474885057648,0.20613564561898834,1.3631721904089973,101.89598673996062
328.0,598.0,404.0,598.0,328.0,598.0,5776.0,159201.0,164977.0,76.0,399.0,406.17360820220705,0.1871121078899952,1.382574821490126,100.7842978675626
334.0,591.0,404.0,591.0,334.0,591.0,4900.0,157609.0,162509.0,70.0,397.0,403.1240503864784,0.17364381989338123,1.3962678265929678,99.99974646631865
332.0,596.0,390.0,596.0,332.0,596.0,3364.0,158404.0,161768.0,58.0,398.0,402.20392837464925,0.1442054537716338,1.4260863400881458,98.29127149169106
331.0,596.0,389.0,596.0,331.0,596.0,3364.0,161604.0,164968.0,58.0,402.0,406.1625290447163,0.1427999774780172,1.4275065154311095,98.20990143837071
330.0,597.0,380.0,597.0,330.0,597.0,2500.0,160000.0,162500.0,50.0,400.0,403.11288741492746,0.12403473458920847,1.446441332248135,97.1250163489018
335.0,595.0,385.0,595.0,335.0,595.0,2500.0,156816.0,159316.0,50.0,396.0,399.1440842603082,0.1252680472332685,1.4451983248087599,97.19623542908137
335.0,594.0,385.0,594.0,335.0,594.0,2500.0,164025.0,166525.0,50.0,405.0,408.0747480548141,0.12252657200264647,1.4479610879170017,97.03794076318466
334.0,594.0,384.0,594.0,334.0,594.0,2500.0,164836.0,167336.0,50.0,406.0,409.0672316380279,0.12222929663611773,1.4482606146557828,97.02077914520119
334.0,595.0,383.0,595.0,334.0,595.0,2401.0,164025.0,166426.0,49.0,405.0,407.9534287146022,0.12011174940823853,1.4503938808348853,96.89855199656061
332.0,598.0,389.0,598.0,332.0,598.0,3249.0,161604.0,164853.0,57.0,402.0,406.02093542082287,0.14038684961139258,1.4299442038898333,98.07023217791807
332.0,595.0,382.0,595.0,332.0,595.0,2500.0,164025.0,166525.0,50.0,405.0,408.0747480548141,0.12252657200264647,1.4479610879170017,97.03794076318466
332.0,593.0,381.0,593.0,332.0,593.0,2401.0,165649.0,168050.0,49.0,407.0,409.93901985539264,0.11952997306107849,1.4509798789978554,96.86497677502001
331.0,590.0,373.0,590.0,331.0,590.0,1764.0,168921.0,170685.0,42.0,411.0,413.14041196668234,0.10166035271172429,1.4689600476408782,95.83478899684134
330.0,596.0,372.0,596.0,330.0,596.0,1764.0,164025.0,165789.0,42.0,405.0,407.1719538475115,0.10315052302381629,1.4674620015730022,95.9206207140468
336.0,592.0,371.0,592.0,336.0,592.0,1225.0,168100.0,169325.0,35.0,410.0,411.4911906711977,0.08505649888375562,1.4856369341751898,94.87927378300672
336.0,591.0,370.0,591.0,336.0,591.0,1156.0,168921.0,170077.0,34.0,411.0,412.4039282063157,0.08244344361092172,1.4882592027669173,94.72902885995103
336.0,591.0,364.0,591.0,336.0,591.0,784.0,168921.0,169705.0,28.0,411.0,411.9526671839861,0.06796897369642385,1.5027749103686336,93.89734007772671
337.0,595.0,364.0,595.0,337.0,595.0,729.0,165649.0,166378.0,27.0,407.0,407.89459422747933,0.06619357153074289,1.5045543208679117,93.79538736609682
338.0,595.0,365.0,595.0,338.0,595.0,729.0,164836.0,165565.0,27.0,406.0,406.8967928111501,0.06635589288739198,1.504391641847108,93.80470818740419
338.0,590.0,365.0,590.0,338.0,590.0,729.0,168921.0,169650.0,27.0,411.0,411.8859065323794,0.06555213366563069,1.5051971549638579,93.75855568547199
338.0,595.0,365.0,595.0,338.0,595.0,729.0,164025.0,164754.0,27.0,405.0,405.89900221606854,0.06651901052377393,1.5042281630190728,93.81407483429035
337.0,594.0,364.0,594.0,337.0,594.0,729.0,164836.0,165565.0,27.0,406.0,406.8967928111501,0.06635589288739198,1.504391641847108,93.80470818740419
337.0,593.0,364.0,593.0,337.0,593.0,729.0,165649.0,166378.0,27.0,407.0,407.89459422747933,0.06619357153074289,1.5045543208679117,93.79538736609682
336.0,594.0,363.0,594.0,336.0,594.0,729.0,164836.0,165565.0,27.0,406.0,406.8967928111501,0.06635589288739198,1.504391641847108,93.80470818740419
336.0,593.0,363.0,593.0,336.0,593.0,729.0,165649.0,166378.0,27.0,407.0,407.89459422747933,0.06619357153074289,1.5045543208679117,93.79538736609682
336.0,594.0,364.0,594.0,336.0,594.0,784.0,164836.0,165620.0,28.0,406.0,406.96437190496175,0.06880209161537815,1.501939837493852,93.94518622903756
337.0,593.0,364.0,593.0,337.0,593.0,729.0,165649.0,166378.0,27.0,407.0,407.89459422747933,0.06619357153074289,1.5045543208679117,93.79538736609682
336.0,588.0,364.0,588.0,336.0,588.0,784.0,170569.0,171353.0,28.0,413.0,413.94806437523056,0.06764133573679161,1.503103304100928,93.8785245028477
337.0,588.0,364.0,588.0,337.0,588.0,729.0,170569.0,171298.0,27.0,413.0,413.8816255887666,0.06523604415052539,1.5055139225162644,93.74040624163241
337.0,594.0,364.0,594.0,337.0,594.0,729.0,164836.0,165565.0,27.0,406.0,406.8967928111501,0.06635589288739198,1.504391641847108,93.80470818740419
337.0,594.0,364.0,594.0,337.0,594.0,729.0,165649.0,166378.0,27.0,407.0,407.89459422747933,0.06619357153074289,1.5045543208679117,93.79538736609682
337.0,593.0,364.0,593.0,337.0,593.0,729.0,166464.0,167193.0,27.0,408.0,408.8924063858364,0.06603204065013239,1.5047162059281038,93.78611203538159
337.0,593.0,364.0,593.0,337.0,593.0,729.0,166464.0,167193.0,27.0,408.0,408.8924063858364,0.06603204065013239,1.5047162059281038,93.78611203538159
337.0,590.0,364.0,590.0,337.0,590.0,729.0,169744.0,170473.0,27.0,412.0,412.88376088192183,0.06539370776493574,1.505355921522758,93.7494590317192
337.0,591.0,364.0,591.0,337.0,591.0,729.0,168921.0,169650.0,27.0,411.0,411.8859065323794,0.06555213366563069,1.5051971549638579,93.75855568547199
337.0,597.0,364.0,597.0,337.0,597.0,729.0,164025.0,164754.0,27.0,405.0,405.89900221606854,0.06651901052377393,1.5042281630190728,93.81407483429035
337.0,592.0,364.0,592.0,337.0,592.0,729.0,168921.0,169650.0,27.0,411.0,411.8859065323794,0.06555213366563069,1.5051971549638579,93.75855568547199
337.0,592.0,364.0,592.0,337.0,592.0,729.0,168921.0,169650.0,27.0,411.0,411.8859065323794,0.06555213366563069,1.5051971549638579,93.75855568547199
338.0,591.0,365.0,591.0,338.0,591.0,729.0,168921.0,169650.0,27.0,411.0,411.8859065323794,0.06555213366563069,1.5051971549638579,93.75855568547199
338.0,593.0,365.0,593.0,338.0,593.0,729.0,167281.0,168010.0,27.0,409.0,409.89022920777217,0.06587129449800516,1.5048773028175404,93.77688186352418
338.0,594.0,365.0,594.0,338.0,594.0,729.0,167281.0,168010.0,27.0,409.0,409.89022920777217,0.06587129449800516,1.5048773028175404,93.77688186352418
338.0,593.0,365.0,593.0,338.0,593.0,729.0,168100.0,168829.0,27.0,410.0,410.8880626155985,0.06571132738226938,1.5050376172699993,93.76769652200333
338.0,593.0,365.0,593.0,338.0,593.0,729.0,168100.0,168829.0,27.0,410.0,410.8880626155985,0.06571132738226938,1.5050376172699993,93.76769652200333
338.0,593.0,365.0,593.0,338.0,593.0,729.0,168100.0,168829.0,27.0,410.0,410.8880626155985,0.06571132738226938,1.5050376172699993,93.76769652200333
339.0,593.0,366.0,593.0,339.0,593.0,729.0,168100.0,168829.0,27.0,410.0,410.8880626155985,0.06571132738226938,1.5050376172699993,93.76769652200333
339.0,593.0,366.0,593.0,339.0,593.0,729.0,167281.0,168010.0,27.0,409.0,409.89022920777217,0.06587129449800516,1.5048773028175404,93.77688186352418
333.0,591.0,367.0,591.0,333.0,591.0,1156.0,168921.0,170077.0,34.0,411.0,412.4039282063157,0.08244344361092172,1.4882592027669173,94.72902885995103
333.0,596.0,367.0,596.0,333.0,596.0,1156.0,165649.0,166805.0,34.0,407.0,408.4176783637065,0.08324811045451887,1.4874517602203599,94.77529191006806
333.0,596.0,367.0,596.0,333.0,596.0,1156.0,165649.0,166805.0,34.0,407.0,408.4176783637065,0.08324811045451887,1.4874517602203599,94.77529191006806
333.0,595.0,367.0,595.0,333.0,595.0,1156.0,166464.0,167620.0,34.0,408.0,409.41421567893804,0.08304547985373996,1.4876550949064553,94.76364169072617
333.0,594.0,368.0,594.0,333.0,594.0,1225.0,167281.0,168506.0,35.0,409.0,410.4948233534742,0.08526295097724472,1.4854297293710037,94.89114574378142
333.0,593.0,368.0,593.0,333.0,593.0,1225.0,168100.0,169325.0,35.0,410.0,411.4911906711977,0.08505649888375562,1.4856369341751898,94.87927378300672
333.0,592.0,368.0,592.0,333.0,592.0,1225.0,168921.0,170146.0,35.0,411.0,412.4875755704649,0.08485104054733153,1.4858431379605255,94.86745917638737
333.0,592.0,368.0,592.0,333.0,592.0,1225.0,168921.0,170146.0,35.0,411.0,412.4875755704649,0.08485104054733153,1.4858431379605255,94.86745917638737
333.0,591.0,368.0,591.0,333.0,591.0,1225.0,169744.0,170969.0,35.0,412.0,413.48397792417546,0.0846465688361407,1.4860483479460946,94.85570151030032
333.0,596.0,368.0,596.0,333.0,596.0,1225.0,165649.0,166874.0,35.0,407.0,408.5021419772484,0.08567886530678051,1.4850122874793121,94.91506340236731
340.0,588.0,368.0,588.0,340.0,588.0,784.0,172225.0,173009.0,28.0,415.0,415.94350577933056,0.06731683416366349,1.5034285470052624,93.85988945711276
340.0,588.0,374.0,588.0,340.0,588.0,1156.0,166464.0,167620.0,34.0,408.0,409.41421567893804,0.08304547985373996,1.4876550949064553,94.76364169072617
340.0,587.0,375.0,587.0,340.0,587.0,1225.0,167281.0,168506.0,35.0,409.0,410.4948233534742,0.08526295097724472,1.4854297293710037,94.89114574378142
333.0,589.0,375.0,589.0,333.0,589.0,1764.0,171396.0,173160.0,42.0,414.0,416.1249812255929,0.10093121512748267,1.4696929550585982,95.79279649503215
340.0,587.0,375.0,587.0,340.0,587.0,1225.0,167281.0,168506.0,35.0,409.0,410.4948233534742,0.08526295097724472,1.4854297293710037,94.89114574378142
340.0,594.0,375.0,594.0,340.0,594.0,1225.0,167281.0,168506.0,35.0,409.0,410.4948233534742,0.08526295097724472,1.4854297293710037,94.89114574378142
340.0,594.0,375.0,594.0,340.0,594.0,1225.0,167281.0,168506.0,35.0,409.0,410.4948233534742,0.08526295097724472,1.4854297293710037,94.89114574378142
341.0,595.0,368.0,595.0,341.0,595.0,729.0,166464.0,167193.0,27.0,408.0,408.8924063858364,0.06603204065013239,1.5047162059281038,93.78611203538159
340.0,594.0,375.0,594.0,340.0,594.0,1225.0,167281.0,168506.0,35.0,409.0,410.4948233534742,0.08526295097724472,1.4854297293710037,94.89114574378142
340.0,592.0,375.0,592.0,340.0,592.0,1225.0,168921.0,170146.0,35.0,411.0,412.4875755704649,0.08485104054733153,1.4858431379605255,94.86745917638737
340.0,591.0,375.0,591.0,340.0,591.0,1225.0,169744.0,170969.0,35.0,412.0,413.48397792417546,0.0846465688361407,1.4860483479460946,94.85570151030032
340.0,592.0,375.0,592.0,340.0,592.0,1225.0,168921.0,170146.0,35.0,411.0,412.4875755704649,0.08485104054733153,1.4858431379605255,94.86745917638737
340.0,590.0,375.0,590.0,340.0,590.0,1225.0,169744.0,170969.0,35.0,412.0,413.48397792417546,0.0846465688361407,1.4860483479460946,94.85570151030032
340.0,589.0,375.0,589.0,340.0,589.0,1225.0,170569.0,171794.0,35.0,413.0,414.48039760644895,0.0844430766861806,1.4862525712818986,94.84400037508067
340.0,595.0,376.0,595.0,340.0,595.0,1296.0,165649.0,166945.0,36.0,407.0,408.58903558465687,0.08810809117402527,1.482573837825185,95.05477627610394
340.0,593.0,375.0,593.0,340.0,593.0,1225.0,167281.0,168506.0,35.0,409.0,410.4948233534742,0.08526295097724472,1.4854297293710037,94.89114574378142
341.0,595.0,376.0,595.0,341.0,595.0,1225.0,165649.0,166874.0,35.0,407.0,408.5021419772484,0.08567886530678051,1.4850122874793121,94.91506340236731
341.0,593.0,376.0,593.0,341.0,593.0,1225.0,167281.0,168506.0,35.0,409.0,410.4948233534742,0.08526295097724472,1.4854297293710037,94.89114574378142
340.0,594.0,376.0,594.0,340.0,594.0,1296.0,166464.0,167760.0,36.0,408.0,409.5851559810243,0.08789381029635715,1.4827889532671559,95.04245106917091
340.0,595.0,376.0,595.0,340.0,595.0,1296.0,171396.0,172692.0,36.0,414.0,415.56226970214703,0.086629616364842,1.4840579881189115,94.9697407281103
340.0,595.0,376.0,595.0,340.0,595.0,1296.0,165649.0,166945.0,36.0,407.0,408.58903558465687,0.08810809117402527,1.482573837825185,95.05477627610394
341.0,593.0,376.0,593.0,341.0,593.0,1225.0,167281.0,168506.0,35.0,409.0,410.4948233534742,0.08526295097724472,1.4854297293710037,94.89114574378142
341.0,593.0,383.0,593.0,341.0,593.0,1764.0,167281.0,169045.0,42.0,409.0,411.1508239077237,0.10215229438388826,1.4684655315122763,95.86312268391137
342.0,593.0,384.0,593.0,342.0,593.0,1764.0,167281.0,169045.0,42.0,409.0,411.1508239077237,0.10215229438388826,1.4684655315122763,95.86312268391137
342.0,593.0,384.0,593.0,342.0,593.0,1764.0,167281.0,169045.0,42.0,409.0,411.1508239077237,0.10215229438388826,1.4684655315122763,95.86312268391137
342.0,593.0,384.0,593.0,342.0,593.0,1764.0,167281.0,169045.0,42.0,409.0,411.1508239077237,0.10215229438388826,1.4684655315122763,95.86312268391137
342.0,591.0,385.0,591.0,342.0,591.0,1849.0,168921.0,170770.0,43.0,411.0,413.2432697576574,0.10405493119153988,1.4665527002029182,95.97271984485808
342.0,593.0,384.0,593.0,342.0,593.0,1764.0,167281.0,169045.0,42.0,409.0,411.1508239077237,0.10215229438388826,1.4684655315122763,95.86312268391137
342.0,592.0,385.0,592.0,342.0,592.0,1849.0,168100.0,169949.0,43.0,410.0,412.24871133819204,0.10430596583411647,1.46630029205843,95.98718176625198
342.0,592.0,392.0,592.0,342.0,592.0,2500.0,168100.0,170600.0,50.0,410.0,413.03752856126766,0.12105437531103976,1.449444326224133,96.9529574681739
342.0,594.0,385.0,594.0,342.0,594.0,1849.0,167281.0,169130.0,43.0,409.0,411.254179310071,0.10455820794851918,1.46604666310534,96.00171363482636
343.0,596.0,392.0,596.0,343.0,596.0,2401.0,165649.0,168050.0,49.0,407.0,409.93901985539264,0.11952997306107849,1.4509798789978554,96.86497677502001
344.0,596.0,393.0,596.0,344.0,596.0,2401.0,165649.0,168050.0,49.0,407.0,409.93901985539264,0.11952997306107849,1.4509798789978554,96.86497677502001
344.0,590.0,393.0,590.0,344.0,590.0,2401.0,170569.0,172970.0,49.0,413.0,415.8966217703626,0.11781773987828965,1.4527042983758027,96.76617482255305
347.0,596.0,395.0,596.0,347.0,596.0,2304.0,163216.0,165520.0,48.0,404.0,406.8414924758781,0.11798206645023049,1.4525388176558172,96.77565616939901
347.0,594.0,396.0,594.0,347.0,594.0,2401.0,165649.0,168050.0,49.0,407.0,409.93901985539264,0.11952997306107849,1.4509798789978554,96.86497677502001
342.0,597.0,397.0,597.0,342.0,597.0,3025.0,159201.0,162226.0,55.0,399.0,402.772888859218,0.136553381623519,1.433814962933153,97.84845402122377
342.0,603.0,404.0,603.0,342.0,603.0,3844.0,155236.0,159080.0,62.0,394.0,398.84834210511644,0.15544755601280627,1.414715826199424,98.94275394840972
336.0,601.0,404.0,601.0,336.0,601.0,4624.0,156816.0,161440.0,68.0,396.0,401.7959681231259,0.16924012532440882,1.4007377052028402,99.74364128703716
336.0,598.0,411.0,598.0,336.0,598.0,5625.0,160801.0,166426.0,75.0,401.0,407.9534287146022,0.1838445144003651,1.3859001159643776,100.5937725285498
337.0,600.0,412.0,600.0,337.0,600.0,5625.0,155236.0,160861.0,75.0,394.0,401.07480599010455,0.18699753482359205,1.3826914531667605,100.7776153647339
338.0,600.0,412.0,600.0,338.0,600.0,5476.0,156025.0,161501.0,74.0,395.0,401.8718701277809,0.18413829257686198,1.3856012352510838,100.6108971319994
332.0,605.0,412.0,605.0,332.0,605.0,6400.0,148225.0,154625.0,80.0,385.0,393.2238548206352,0.20344645681908372,1.3659196097577881,101.73857120672233
333.0,602.0,420.0,602.0,333.0,602.0,7569.0,145161.0,152730.0,87.0,381.0,390.8068576675696,0.22261635970063876,1.3462989706498203,102.8627510189582
327.0,607.0,420.0,607.0,327.0,607.0,8649.0,142884.0,151533.0,93.0,378.0,389.27239819951274,0.2389072547402525,1.3295559640108332,103.82205463573169
328.0,608.0,425.0,608.0,328.0,608.0,9409.0,142884.0,152293.0,97.0,378.0,390.24735745421776,0.2485602993772473,1.3196027032906386,104.39233446739217
322.0,609.0,426.0,609.0,322.0,609.0,10816.0,137641.0,148457.0,104.0,371.0,385.3011808961919,0.26991871594605815,1.2974877136901861,105.65943003547382
324.0,614.0,433.0,614.0,324.0,614.0,11881.0,130321.0,142202.0,109.0,361.0,377.09680454758563,0.28905044722076223,1.2775615306346177,106.80111622636298
324.0,617.0,441.0,617.0,324.0,617.0,13689.0,133225.0,146914.0,117.0,365.0,383.29362113137233,0.3052490142013053,1.2605964138011563,107.77314581986667
319.0,619.0,448.0,619.0,319.0,619.0,16641.0,127449.0,144090.0,129.0,357.0,379.5918861092792,0.3398386654736416,1.2240509787793343,109.86704500708665
314.0,621.0,455.0,621.0,314.0,621.0,19881.0,127449.0,147330.0,141.0,357.0,383.83590243748694,0.36734448003587633,1.1946440585964817,111.55193742204219
310.0,628.0,461.0,628.0,310.0,628.0,22801.0,124609.0,147410.0,151.0,353.0,383.94009949469984,0.3932905164079755,1.1665885349311884,113.15940052009289
305.0,637.0,464.0,637.0,305.0,637.0,25281.0,121104.0,146385.0,159.0,348.0,382.602927328059,0.4155744471439108,1.1422220483273158,114.55549736405685
299.0,643.0,471.0,643.0,299.0,643.0,29584.0,119716.0,149300.0,172.0,346.0,386.39358172723314,0.44514196957189617,1.1094635284743757,116.43242229472584
295.0,650.0,471.0,650.0,295.0,650.0,30976.0,115600.0,146576.0,176.0,340.0,382.85245199684954,0.4597071249825724,1.0931309444321473,117.36821042888823
294.0,657.0,481.0,657.0,294.0,657.0,34969.0,110224.0,145193.0,187.0,332.0,381.04199243652926,0.49075955855744396,1.0578350295200412,119.3905173874048
289.0,669.0,482.0,669.0,289.0,669.0,37249.0,106929.0,144178.0,193.0,327.0,379.7077823800824,0.5082856052889893,1.03760343965501,120.54970209951072
290.0,675.0,486.0,675.0,290.0,675.0,38416.0,106276.0,144692.0,196.0,326.0,380.38401648860065,0.5152687586857997,1.0294751135135178,121.01542088192409
292.0,680.0,490.0,680.0,292.0,680.0,39204.0,103684.0,142888.0,198.0,322.0,378.0052909682614,0.5238021920085365,1.0194879647030748,121.58764235813157
288.0,694.0,492.0,694.0,288.0,694.0,41616.0,95481.0,137097.0,204.0,309.0,370.26612051334104,0.5509550798684258,0.9872880750087898,123.4325601384009
289.0,702.0,501.0,702.0,289.0,702.0,44944.0,95481.0,140425.0,212.0,309.0,374.73323845103465,0.56573577747281,0.9694710474329301,124.45340062196587
286.0,709.0,501.0,709.0,286.0,709.0,46225.0,93025.0,139250.0,215.0,305.0,373.1621631409058,0.5761570202893698,0.9567772897869561,125.18069936124209
290.0,719.0,507.0,719.0,290.0,719.0,47089.0,90000.0,137089.0,217.0,300.0,370.25531731495767,0.5860820624364159,0.9445814484660588,125.87946959654076
287.0,732.0,507.0,732.0,287.0,732.0,48400.0,84681.0,133081.0,220.0,291.0,364.8026863936174,0.6030657344519191,0.9234575175439577,127.08978168510305
291.0,744.0,515.0,744.0,291.0,744.0,50176.0,80656.0,130832.0,224.0,284.0,361.7070637961056,0.6192856662768103,0.9029637375350918,128.26398878588066
287.0,755.0,515.0,755.0,287.0,755.0,51984.0,80089.0,132073.0,228.0,283.0,363.4184915493432,0.627375891160572,0.8926174952363977,128.85678480341556
288.0,764.0,521.0,764.0,288.0,764.0,54289.0,76176.0,130465.0,233.0,276.0,361.19939091864484,0.6450730700497777,0.8696774211317835,130.1711542313273
294.0,777.0,524.0,777.0,294.0,777.0,52900.0,71824.0,124724.0,230.0,268.0,353.16285195359944,0.6512576244293631,0.8615558041302287,130.63648860833808
291.0,788.0,521.0,788.0,291.0,788.0,52900.0,71824.0,124724.0,230.0,268.0,353.16285195359944,0.6512576244293631,0.8615558041302287,130.63648860833808
296.0,797.0,526.0,797.0,296.0,797.0,52900.0,68644.0,121544.0,230.0,262.0,348.6316107297214,0.6597221620798718,0.8503473323654709,131.27868673525023
293.0,810.0,524.0,810.0,293.0,810.0,53361.0,66564.0,119925.0,231.0,258.0,346.30189141845585,0.6670480460092834,0.8405568793256272,131.83963837395433
295.0,824.0,527.0,824.0,295.0,824.0,53824.0,64516.0,118340.0,232.0,254.0,344.0058139043583,0.6744072065726815,0.8306347711766164,132.40813329476498
298.0,831.0,535.0,831.0,298.0,831.0,56169.0,66049.0,122218.0,237.0,257.0,349.5969107414995,0.6779236106443846,0.8258618949451089,132.6815989589687
300.0,846.0,541.0,846.0,300.0,846.0,58081.0,62500.0,120581.0,241.0,250.0,347.2477501726973,0.6940289746445961,0.803726049839745,133.94988945946136
300.0,851.0,543.0,851.0,300.0,851.0,59049.0,64009.0,123058.0,243.0,253.0,350.7962371519968,0.6927098248625464,0.8055567226815759,133.84499963195523
302.0,863.0,549.0,863.0,302.0,863.0,61009.0,61009.0,122018.0,247.0,247.0,349.31074990615446,0.7071067811865476,0.7853981633974483,135.0
306.0,872.0,552.0,872.0,306.0,872.0,60516.0,62500.0,123016.0,246.0,250.0,350.736368231183,0.7013814998445,0.7934625047042153,134.53794727856922
305.0,878.0,556.0,878.0,305.0,878.0,63001.0,63001.0,126002.0,251.0,251.0,354.9676041556469,0.7071067811865475,0.7853981633974484,135.0
309.0,884.0,556.0,884.0,309.0,884.0,61009.0,63504.0,124513.0,247.0,252.0,352.8639964632266,0.6999864040414814,0.7954178681564483,134.42591320534217
313.0,893.0,562.0,893.0,313.0,893.0,62001.0,62500.0,124501.0,249.0,250.0,352.8469923352047,0.7056883164911605,0.787402168730756,134.88517895227977
314.0,899.0,563.0,899.0,314.0,899.0,62001.0,64009.0,126010.0,249.0,253.0,354.9788726107513,0.7014501966516711,0.7933661222589699,134.54346958590094
317.0,906.0,569.0,906.0,317.0,906.0,63504.0,63504.0,127008.0,252.0,252.0,356.38181771801993,0.7071067811865475,0.7853981633974484,135.0
324.0,910.0,569.0,910.0,324.0,910.0,60025.0,64516.0,124541.0,245.0,254.0,352.9036695757073,0.6942404432760961,0.8034322802125518,133.96672121924865
328.0,909.0,574.0,909.0,328.0,909.0,60516.0,70225.0,130741.0,246.0,265.0,361.58124951385406,0.6803450132736334,0.822563038969267,132.87060948360593
337.0,914.0,580.0,914.0,337.0,914.0,59049.0,70756.0,129805.0,243.0,266.0,360.2846097184835,0.6744667783335888,0.8305540869747583,132.41275615900486
346.0,916.0,586.0,916.0,346.0,916.0,57600.0,72361.0,129961.0,240.0,269.0,360.50104022041324,0.6657401039765712,0.8423110948569315,131.7391292276543
351.0,912.0,587.0,912.0,351.0,912.0,55696.0,77841.0,133537.0,236.0,279.0,365.4271473221441,0.6458195613801868,0.8687000894834458,130.22715120996162
360.0,914.0,595.0,914.0,360.0,914.0,55225.0,85264.0,140489.0,235.0,292.0,374.81862280308326,0.6269699147885213,0.8931387261752755,128.8269204704662
371.0,918.0,597.0,918.0,371.0,918.0,51076.0,85264.0,136340.0,226.0,292.0,369.2424677633926,0.6120639409896341,0.9121284503891691,127.73888941889271
377.0,921.0,603.0,921.0,377.0,921.0,51076.0,88209.0,139285.0,226.0,297.0,373.20905669610966,0.60555872357627,0.9203285568634948,127.26905792635596
387.0,915.0,607.0,915.0,387.0,915.0,48400.0,93636.0,142036.0,220.0,306.0,376.87663764154973,0.5837453904724221,0.9474623348632606,125.71440696472445
402.0,915.0,613.0,915.0,402.0,915.0,44521.0,93636.0,138157.0,211.0,306.0,371.6947672486122,0.5676700846823336,0.9671233642541929,124.58791295974136
413.0,917.0,610.0,917.0,413.0,917.0,38809.0,94864.0,133673.0,197.0,308.0,365.6131835697395,0.5388208326531062,1.001759582425121,122.60340384025284
424.0,914.0,616.0,914.0,424.0,914.0,36864.0,97344.0,134208.0,192.0,312.0,366.34410053936995,0.5240974256643347,1.0191413442663497,121.6075022462489
433.0,916.0,617.0,916.0,433.0,916.0,33856.0,96100.0,129956.0,184.0,310.0,360.4941053609615,0.5104105650098257,1.0351341645637997,120.69118114069386
448.0,912.0,618.0,912.0,448.0,912.0,28900.0,101761.0,130661.0,170.0,319.0,361.47060738046184,0.47030103286120967,1.081164468389725,118.05383900176345
459.0,909.0,620.0,909.0,459.0,909.0,25921.0,103041.0,128962.0,161.0,321.0,359.1127956506145,0.44832710488166233,1.1059033884254086,116.63640329400715
468.0,909.0,624.0,909.0,468.0,909.0,24336.0,103684.0,128020.0,156.0,322.0,357.7988261579403,0.4359991945058483,1.119648066813452,115.84889123160758
479.0,906.0,627.0,906.0,479.0,906.0,21904.0,105625.0,127529.0,148.0,325.0,357.1120272407526,0.41443577564029654,1.143473584649103,114.48378961491112
493.0,903.0,627.0,903.0,493.0,903.0,17956.0,106929.0,124885.0,134.0,327.0,353.3907186104355,0.3791836993537923,1.181882370597492,112.28312828384705
504.0,901.0,628.0,901.0,504.0,901.0,15376.0,107584.0,122960.0,124.0,328.0,350.65652710308984,0.3536223923290757,1.209355435901344,110.70903759164902
516.0,895.0,631.0,895.0,516.0,895.0,13225.0,113569.0,126794.0,115.0,337.0,356.0814513562873,0.32295981596899725,1.2419410962030946,108.84201678371173
523.0,894.0,633.0,894.0,523.0,894.0,12100.0,116281.0,128381.0,110.0,341.0,358.3029444478513,0.3070027799227583,1.2587542052323635,107.87869659584133
535.0,891.0,636.0,891.0,535.0,891.0,10201.0,119025.0,129226.0,101.0,345.0,359.4801802603309,0.2809612477852245,1.2860007713874682,106.31758334892984
544.0,890.0,636.0,890.0,544.0,890.0,8464.0,119716.0,128180.0,92.0,346.0,358.0223456713282,0.25696720082510677,1.3109136182626344,104.89018236732713
553.0,891.0,639.0,891.0,553.0,891.0,7396.0,119025.0,126421.0,86.0,345.0,355.557309023454,0.24187380716824777,1.3264997918023438,103.9971604047433
560.0,886.0,641.0,886.0,560.0,886.0,6561.0,122500.0,129061.0,81.0,350.0,359.25060890693004,0.22546934644440483,1.3433715660332635,103.03047894841403
567.0,884.0,634.0,884.0,567.0,884.0,4489.0,126025.0,130514.0,67.0,355.0,361.2672141227321,0.18545829065252048,1.3842581035983432,100.68785290703185
578.0,888.0,635.0,888.0,578.0,888.0,3249.0,123201.0,126450.0,57.0,351.0,355.59808773389096,0.16029332543164715,1.4098085130240892,99.22392228210533
585.0,882.0,637.0,882.0,585.0,882.0,2704.0,127449.0,130153.0,52.0,357.0,360.7672379803909,0.14413725672846825,1.4261552571257068,98.28732283630228
592.0,885.0,634.0,885.0,592.0,885.0,1764.0,126025.0,127789.0,42.0,355.0,357.4758733117523,0.11749044658846691,1.4530338807359204,96.74729114431635
600.0,884.0,637.0,884.0,600.0,884.0,1369.0,126736.0,128105.0,37.0,356.0,357.9175882797603,0.1033757524401946,1.4672355616246306,95.93359476740166
601.0,883.0,638.0,883.0,601.0,883.0,1369.0,127449.0,128818.0,37.0,357.0,358.91224554199874,0.10308926613558629,1.4675235867760528,95.91709214183155
606.0,884.0,637.0,884.0,606.0,884.0,961.0,127449.0,128410.0,31.0,357.0,358.34341071101056,0.08650919501628632,1.4841788632543074,94.96281509300404
612.0,883.0,638.0,883.0,612.0,883.0,676.0,128164.0,128840.0,26.0,358.0,358.9428923937623,0.07243492084940872,1.498297913783468,94.15385308695119
618.0,883.0,639.0,883.0,618.0,883.0,441.0,128164.0,128605.0,21.0,358.0,358.6153928653928,0.05855855721140895,1.5122042505980968,93.35707867898556
625.0,878.0,640.0,878.0,625.0,878.0,225.0,131769.0,131994.0,15.0,363.0,363.30978516962625,0.0412870795456187,1.5294975084252904,92.3662479914558
631.0,877.0,642.0,877.0,631.0,877.0,121.0,133225.0,133346.0,11.0,365.0,365.1657158058516,0.030123309839548,1.5406684593762587,91.72619964881765
632.0,876.0,643.0,876.0,632.0,876.0,121.0,133225.0,133346.0,11.0,365.0,365.1657158058516,0.030123309839548,1.5406684593762587,91.72619964881765
638.0,877.0,643.0,877.0,638.0,877.0,25.0,132496.0,132521.0,5.0,364.0,364.0343390396021,0.013734968006565079,1.557060926902878,90.78698044373712
638.0,879.0,643.0,879.0,638.0,879.0,25.0,131769.0,131794.0,5.0,363.0,363.03443362854716,0.013772798216479776,1.557023093114296,90.78914816014584
644.0,878.0,644.0,878.0,644.0,878.0,0.0,131769.0,131769.0,0.0,363.0,363.0,nan,nan,nan
643.0,880.0,643.0,880.0,643.0,880.0,0.0,134689.0,134689.0,0.0,367.0,367.0,nan,nan,nan
649.0,879.0,644.0,879.0,649.0,879.0,25.0,134689.0,134714.0,5.0,367.0,367.03405836516043,0.013622713985374959,1.5571731914275648,89.21945183971648
649.0,875.0,644.0,875.0,649.0,875.0,25.0,137641.0,137666.0,5.0,371.0,371.03369119259236,0.013475865180676143,1.5573200537137422,89.22786642888408
649.0,876.0,644.0,876.0,649.0,876.0,25.0,136900.0,136925.0,5.0,370.0,370.0337822415678,0.013512279797026393,1.5572836357815685,89.22577983507195
656.0,874.0,640.0,874.0,656.0,874.0,256.0,138384.0,138640.0,16.0,372.0,372.34392703520757,0.04297102447030671,1.5278120669271256,87.53718332408316
655.0,875.0,644.0,875.0,655.0,875.0,121.0,137641.0,137762.0,11.0,371.0,371.16303695276554,0.029636571815743248,1.5411554148329878,88.3017008436638
656.0,879.0,645.0,879.0,656.0,879.0,121.0,133956.0,134077.0,11.0,366.0,366.16526323505894,0.030041080092675462,1.5407507263548557,88.27851390184925
655.0,874.0,645.0,874.0,655.0,874.0,100.0,137641.0,137741.0,10.0,371.0,371.13474641967974,0.026944391751161947,1.5438486737056323,88.45601321020249
655.0,878.0,645.0,878.0,655.0,878.0,100.0,134689.0,134789.0,10.0,367.0,367.1362145035545,0.02723784689429809,1.5435551108145447,88.4391932955215
661.0,873.0,645.0,873.0,661.0,873.0,256.0,138384.0,138640.0,16.0,372.0,372.34392703520757,0.04297102447030671,1.5278120669271256,87.53718332408316
661.0,872.0,645.0,872.0,661.0,872.0,256.0,138384.0,138640.0,16.0,372.0,372.34392703520757,0.04297102447030671,1.5278120669271256,87.53718332408316
660.0,873.0,644.0,873.0,660.0,873.0,256.0,137641.0,137897.0,16.0,371.0,371.3448532025185,0.043086634598579344,1.5276963496250124,87.53055321105543
660.0,873.0,645.0,873.0,660.0,873.0,225.0,137641.0,137866.0,15.0,371.0,371.3031106791323,0.040398261066448476,1.5303870691922943,87.68472008611396
660.0,874.0,644.0,874.0,660.0,874.0,256.0,136900.0,137156.0,16.0,370.0,370.3457843691487,0.04320286790156012,1.5275800079883195,87.52388732629129
660.0,874.0,644.0,874.0,660.0,874.0,256.0,136900.0,137156.0,16.0,370.0,370.3457843691487,0.04320286790156012,1.5275800079883195,87.52388732629129
660.0,874.0,644.0,874.0,660.0,874.0,256.0,137641.0,137897.0,16.0,371.0,371.3448532025185,0.043086634598579344,1.5276963496250124,87.53055321105543
661.0,873.0,645.0,873.0,661.0,873.0,256.0,138384.0,138640.0,16.0,372.0,372.34392703520757,0.04297102447030671,1.5278120669271256,87.53718332408316
662.0,877.0,646.0,877.0,662.0,877.0,256.0,139129.0,139385.0,16.0,373.0,373.34300582708124,0.04285603252310721,1.5279271649037702,87.5437779523754
662.0,877.0,646.0,877.0,662.0,877.0,256.0,139129.0,139385.0,16.0,373.0,373.34300582708124,0.04285603252310721,1.5279271649037702,87.5437779523754
661.0,872.0,645.0,872.0,661.0,872.0,256.0,139129.0,139385.0,16.0,373.0,373.34300582708124,0.04285603252310721,1.5279271649037702,87.5437779523754
660.0,872.0,644.0,872.0,660.0,872.0,256.0,139129.0,139385.0,16.0,373.0,373.34300582708124,0.04285603252310721,1.5279271649037702,87.5437779523754
660.0,872.0,644.0,872.0,660.0,872.0,256.0,138384.0,138640.0,16.0,372.0,372.34392703520757,0.04297102447030671,1.5278120669271256,87.53718332408316
660.0,872.0,645.0,872.0,660.0,872.0,225.0,138384.0,138609.0,15.0,372.0,372.3022965279693,0.040289840110812,1.5304955784911152,87.69093721097431
560.0,875.0,622.0,875.0,560.0,875.0,3844.0,137641.0,141485.0,62.0,371.0,376.14491888100787,0.1648300877875569,1.4052105864710367,99.48736406810637
559.0,870.0,622.0,870.0,559.0,870.0,3969.0,142129.0,146098.0,63.0,377.0,382.227680839575,0.16482322751093942,1.4052175418799102,99.48696555253314
560.0,870.0,622.0,870.0,560.0,870.0,3844.0,142129.0,145973.0,62.0,377.0,382.06413074247104,0.16227642170835155,1.4077991090555566,99.33905264883909
564.0,870.0,627.0,870.0,564.0,870.0,3969.0,142129.0,146098.0,63.0,377.0,382.227680839575,0.16482322751093942,1.4052175418799102,99.48696555253314
560.0,870.0,622.0,870.0,560.0,870.0,3844.0,142129.0,145973.0,62.0,377.0,382.06413074247104,0.16227642170835155,1.4077991090555566,99.33905264883909
564.0,870.0,627.0,870.0,564.0,870.0,3969.0,142129.0,146098.0,63.0,377.0,382.227680839575,0.16482322751093942,1.4052175418799102,99.48696555253314
564.0,875.0,627.0,875.0,564.0,875.0,3969.0,138384.0,142353.0,63.0,372.0,377.2969652674137,0.16697722430751066,1.403033276251686,99.61211475436588
564.0,870.0,627.0,870.0,564.0,870.0,3969.0,142129.0,146098.0,63.0,377.0,382.227680839575,0.16482322751093942,1.4052175418799102,99.48696555253314
564.0,870.0,627.0,870.0,564.0,870.0,3969.0,142129.0,146098.0,63.0,377.0,382.227680839575,0.16482322751093942,1.4052175418799102,99.48696555253314
563.0,870.0,626.0,870.0,563.0,870.0,3969.0,142129.0,146098.0,63.0,377.0,382.227680839575,0.16482322751093942,1.4052175418799102,99.48696555253314
563.0,869.0,625.0,869.0,563.0,869.0,3844.0,138384.0,142228.0,62.0,372.0,377.13127687848964,0.1643989873053573,1.4056476493802699,99.46232220802561
563.0,870.0,626.0,870.0,563.0,870.0,3969.0,137641.0,141610.0,63.0,371.0,376.31104156003715,0.16741469965597303,1.4025895549378105,99.63753811293094
563.0,870.0,625.0,870.0,563.0,870.0,3844.0,137641.0,141485.0,62.0,371.0,376.14491888100787,0.1648300877875569,1.4052105864710367,99.48736406810637
563.0,870.0,626.0,870.0,563.0,870.0,3969.0,141376.0,145345.0,63.0,376.0,381.24139334547607,0.16524963212195118,1.4047852088868973,99.51173640837703
563.0,870.0,625.0,870.0,563.0,870.0,3844.0,141376.0,145220.0,62.0,376.0,381.0774199555781,0.16269659852118054,1.4073732732066844,99.36345124574484
557.0,870.0,625.0,870.0,557.0,870.0,4624.0,137641.0,142265.0,68.0,371.0,377.18032822510776,0.18028511804946631,1.3895200155366336,100.38636756079832
558.0,871.0,630.0,871.0,558.0,871.0,5184.0,140625.0,145809.0,72.0,375.0,381.849446771892,0.18855598877693577,1.381104774772516,100.8685253401687
558.0,871.0,625.0,871.0,558.0,871.0,4489.0,136900.0,141389.0,67.0,370.0,376.01728683665596,0.1781832972724607,1.3916564329707264,100.26395985854663
557.0,870.0,630.0,870.0,557.0,870.0,5329.0,141376.0,146705.0,73.0,376.0,383.020887158912,0.19059012823421542,1.379033067857853,100.98722540276695
557.0,870.0,630.0,870.0,557.0,870.0,5329.0,141376.0,146705.0,73.0,376.0,383.020887158912,0.19059012823421542,1.379033067857853,100.98722540276695
557.0,872.0,630.0,872.0,557.0,872.0,5329.0,136161.0,141490.0,73.0,369.0,376.1515651967967,0.19407070647654365,1.3754862696566441,101.19044197048082
557.0,871.0,630.0,871.0,557.0,871.0,5329.0,136900.0,142229.0,73.0,370.0,377.13260267444394,0.19356586909304296,1.37600086508983,101.16095782400257
557.0,871.0,630.0,871.0,557.0,871.0,5329.0,136900.0,142229.0,73.0,370.0,377.13260267444394,0.19356586909304296,1.37600086508983,101.16095782400257
552.0,872.0,630.0,872.0,552.0,872.0,6084.0,136161.0,142245.0,78.0,369.0,377.1538147758816,0.20681217302906088,1.3624807642054708,101.93560254326744
552.0,873.0,630.0,873.0,552.0,873.0,6084.0,136161.0,142245.0,78.0,369.0,377.1538147758816,0.20681217302906088,1.3624807642054708,101.93560254326744
551.0,873.0,629.0,873.0,551.0,873.0,6084.0,135424.0,141508.0,78.0,368.0,376.1754909613331,0.20735003176487535,1.3619309884002506,101.96710237658496
551.0,874.0,629.0,874.0,551.0,874.0,6084.0,135424.0,141508.0,78.0,368.0,376.1754909613331,0.20735003176487535,1.3619309884002506,101.96710237658496
546.0,874.0,629.0,874.0,546.0,874.0,6889.0,135424.0,142313.0,83.0,368.0,377.24395290050705,0.22001678055231838,1.3489646542611227,102.71001859851339
546.0,876.0,629.0,876.0,546.0,876.0,6889.0,130321.0,137210.0,83.0,361.0,370.4186820342624,0.22407077187408922,1.3448068674756364,102.94824223343701
540.0,876.0,633.0,876.0,540.0,876.0,8649.0,134689.0,143338.0,93.0,367.0,378.6000528261981,0.2456418040773307,1.3226145996701957,104.21976551651282
536.0,877.0,634.0,877.0,536.0,877.0,9604.0,130321.0,139925.0,98.0,361.0,374.0655022853618,0.2619862013504767,1.3057166100494564,105.18794900403705
531.0,883.0,629.0,883.0,531.0,883.0,9604.0,126736.0,136340.0,98.0,356.0,369.2424677633926,0.26540825759727493,1.302168985199012,105.39121293526325
520.0,880.0,632.0,880.0,520.0,880.0,12544.0,128881.0,141425.0,112.0,359.0,376.06515392947534,0.297820733534391,1.2683873467088735,107.32675824578487
516.0,885.0,628.0,885.0,516.0,885.0,12544.0,124609.0,137153.0,112.0,353.0,370.34173407813495,0.30242338276779296,1.2635622590384872,107.60321540507863
511.0,888.0,626.0,888.0,511.0,888.0,13225.0,123904.0,137129.0,115.0,352.0,370.3093301552096,0.3105511814995303,1.255023497951054,108.09245037765909
506.0,893.0,632.0,893.0,506.0,893.0,15876.0,120409.0,136285.0,126.0,347.0,369.16798344385177,0.341308037670509,1.2224881789983482,109.95658683876113
495.0,895.0,630.0,895.0,495.0,895.0,18225.0,119716.0,137941.0,135.0,346.0,371.40409259996045,0.3634854938052839,1.198789744983072,111.31440708890572
483.0,899.0,628.0,899.0,483.0,899.0,21025.0,114921.0,135946.0,145.0,339.0,368.7085569931894,0.3932645371251266,1.166616791101622,113.15778156078184
472.0,906.0,626.0,906.0,472.0,906.0,23716.0,110224.0,133940.0,154.0,332.0,365.9781414237741,0.4207901581249904,1.1364801565945692,114.88448352676428
461.0,910.0,628.0,910.0,461.0,910.0,27889.0,108241.0,136130.0,167.0,329.0,368.95799218881274,0.45262605373930603,1.1010881859357802,116.91229407416375
451.0,913.0,627.0,913.0,451.0,913.0,30976.0,104329.0,135305.0,176.0,323.0,367.8382796827976,0.47847113723936563,1.0718835386956882,118.5855971031894
441.0,916.0,626.0,916.0,441.0,916.0,34225.0,103041.0,137266.0,185.0,321.0,370.49426446302783,0.4993329661071216,1.0479676044887551,119.95587919635923
430.0,919.0,618.0,919.0,430.0,919.0,35344.0,101124.0,136468.0,188.0,318.0,369.4157549428557,0.5089117003931828,1.0368762707520254,120.5913658086449
419.0,919.0,621.0,919.0,419.0,919.0,40804.0,100489.0,141293.0,202.0,317.0,375.88961145527816,0.537391813564481,1.0034549893723268,122.5062641776208
404.0,920.0,616.0,920.0,404.0,920.0,44944.0,97344.0,142288.0,212.0,312.0,377.2108163878655,0.5620199389563948,0.9739704228091957,124.19560540246076
394.0,922.0,614.0,922.0,394.0,922.0,48400.0,99225.0,147625.0,220.0,315.0,384.2199890687625,0.5725886373929061,0.9611364600828151,124.93093730111059
379.0,923.0,607.0,923.0,379.0,923.0,51984.0,95481.0,147465.0,228.0,309.0,384.0117185711915,0.5937318810174053,0.9351075590617134,126.42228347498346
369.0,922.0,604.0,922.0,369.0,922.0,55225.0,96721.0,151946.0,235.0,311.0,389.8025141016923,0.6028693800027489,0.9237036480162697,127.07567944783001
356.0,923.0,601.0,923.0,356.0,923.0,60025.0,93636.0,153661.0,245.0,306.0,391.9961734507111,0.6250061010628867,0.8956569782179213,128.6826352566724
350.0,924.0,597.0,924.0,350.0,924.0,61009.0,92416.0,153425.0,247.0,304.0,391.69503443367773,0.6305926250944658,0.8884797719201485,129.0938588862295
344.0,922.0,596.0,922.0,344.0,922.0,63504.0,92416.0,155920.0,252.0,304.0,394.8670662387533,0.6381894605705865,0.8786520785022282,129.65694424142484
336.0,917.0,592.0,917.0,336.0,917.0,65536.0,91809.0,157345.0,256.0,303.0,396.6673669461606,0.6453770119051581,0.8692795876007466,130.1939484136045
328.0,917.0,587.0,917.0,328.0,917.0,67081.0,90601.0,157682.0,259.0,301.0,397.09192890311937,0.6522419146504225,0.8602580111082152,130.71084667118097
320.0,915.0,584.0,915.0,320.0,915.0,69696.0,88209.0,157905.0,264.0,297.0,397.37262110014575,0.6643638388299198,0.8441539861131709,131.6335393365702
318.0,908.0,577.0,908.0,318.0,908.0,67081.0,85849.0,152930.0,259.0,293.0,391.0626548265636,0.6622979637747987,0.8469146501553239,131.4753649383013
311.0,901.0,572.0,901.0,311.0,901.0,68121.0,83521.0,151642.0,261.0,289.0,389.4123778207365,0.6702406365730615,0.8362633416057126,132.08563996448567
309.0,893.0,571.0,893.0,309.0,893.0,68644.0,81796.0,150440.0,262.0,286.0,387.86595622714816,0.6754910963275247,0.8291658151927027,132.49229827293374
302.0,884.0,564.0,884.0,302.0,884.0,68644.0,80089.0,148733.0,262.0,283.0,385.6591759572174,0.6793563237532422,0.8239112206160392,132.7933643652289
302.0,876.0,560.0,876.0,302.0,876.0,66564.0,80656.0,147220.0,258.0,284.0,383.6925852814985,0.6724133066337904,0.8333318977961074,132.2535993226558
297.0,866.0,556.0,866.0,297.0,866.0,67081.0,81225.0,148306.0,259.0,285.0,385.1051804377604,0.6725435365621077,0.8331559391617381,132.26368100977402
295.0,856.0,541.0,856.0,295.0,856.0,60516.0,79524.0,140040.0,246.0,282.0,374.2191871083042,0.6573687519897374,0.8534746216554479,131.0995062576181
295.0,845.0,535.0,845.0,295.0,845.0,57600.0,76176.0,133776.0,240.0,276.0,365.7540156990761,0.6561787149247867,0.8550527371260164,131.00908690157024
296.0,835.0,528.0,835.0,296.0,835.0,53824.0,78400.0,132224.0,232.0,280.0,363.6261816756324,0.638017864750323,0.8788749445560379,129.6441749571448
296.0,822.0,525.0,822.0,296.0,822.0,52441.0,76729.0,129170.0,229.0,277.0,359.4022815731698,0.6371690212917541,0.8799768050307819,129.5810430023297
293.0,807.0,523.0,807.0,293.0,807.0,52900.0,81225.0,134125.0,230.0,285.0,366.23080154459973,0.6280192682591459,0.8917910180963524,128.9041384554042
293.0,797.0,519.0,797.0,293.0,797.0,51076.0,81796.0,132872.0,226.0,286.0,364.51611761347397,0.6200000194220388,0.9020535988385175,128.31613589196587
290.0,785.0,512.0,785.0,290.0,785.0,49284.0,80656.0,129940.0,222.0,284.0,360.4719129141687,0.615859355602166,0.9073200727211003,128.01438916557802
292.0,765.0,502.0,765.0,292.0,765.0,44100.0,93636.0,137736.0,210.0,306.0,371.1280102606108,0.5658424969124141,0.9693416199346234,124.46081627137177
297.0,748.0,503.0,748.0,297.0,748.0,42436.0,93025.0,135461.0,206.0,305.0,368.05026830583887,0.559706153586662,0.9767651602604609,124.0354787416561
292.0,740.0,499.0,740.0,292.0,740.0,42849.0,94864.0,137713.0,207.0,308.0,371.09702235399305,0.5578056075118294,0.9790568198647429,123.90417631825014
292.0,727.0,498.0,727.0,292.0,727.0,42436.0,94864.0,137300.0,206.0,308.0,370.5401462729781,0.5559451575545046,0.9812967183775806,123.7758395869269
297.0,710.0,487.0,710.0,297.0,710.0,36100.0,104329.0,140429.0,190.0,323.0,374.7385755430044,0.5070201265633938,1.039072259536091,120.46554491945987
294.0,694.0,487.0,694.0,294.0,694.0,37249.0,106929.0,144178.0,193.0,327.0,379.7077823800824,0.5082856052889893,1.03760343965501,120.54970209951072
300.0,679.0,481.0,679.0,300.0,679.0,32761.0,115600.0,148361.0,181.0,340.0,385.17658288115075,0.46991434070603655,1.0816025923292276,118.0287363491263
299.0,663.0,472.0,663.0,299.0,663.0,29929.0,123904.0,153833.0,173.0,352.0,392.21550198838395,0.44108404467175716,1.113990116186615,116.17306792321875
299.0,655.0,466.0,655.0,299.0,655.0,27889.0,120409.0,148298.0,167.0,347.0,385.094793524919,0.43365945945772344,1.1222462930077437,115.70002383645433
300.0,639.0,468.0,639.0,300.0,639.0,28224.0,129600.0,157824.0,168.0,360.0,397.27068857392436,0.4228854653311239,1.1341691669813552,115.01689347810003
304.0,632.0,462.0,632.0,304.0,632.0,24964.0,128881.0,153845.0,158.0,359.0,392.23079940259663,0.402824052166858,1.1561961076757044,113.75484274072886
307.0,624.0,454.0,624.0,307.0,624.0,21609.0,128164.0,149773.0,147.0,358.0,387.0051679241506,0.37983988893091636,1.1811731197439401,112.32376536437162
306.0,618.0,453.0,618.0,306.0,618.0,21609.0,127449.0,149058.0,147.0,357.0,386.08030252785494,0.38074980525429486,1.1801892830972098,112.38013505195957
310.0,612.0,446.0,612.0,310.0,612.0,18496.0,130321.0,148817.0,136.0,361.0,385.7680650339009,0.3525434382134469,1.2105086673967234,110.64296229416223
313.0,607.0,439.0,607.0,313.0,607.0,15876.0,132496.0,148372.0,126.0,364.0,385.19086178153293,0.3271105638831663,1.237552025683224,109.09349200048561
317.0,598.0,436.0,598.0,317.0,598.0,14161.0,138384.0,152545.0,119.0,372.0,390.5700961415249,0.30468282435243016,1.2611909241951667,107.7390828834132
322.0,593.0,433.0,593.0,322.0,593.0,12321.0,144400.0,156721.0,111.0,380.0,395.8800323330289,0.2803879734621793,1.2865980547309355,106.2833615341757
326.0,590.0,426.0,590.0,326.0,590.0,10000.0,145161.0,155161.0,100.0,381.0,393.90481083632375,0.2538684404175816,1.3141186900386037,104.7065452815276
325.0,588.0,426.0,588.0,325.0,588.0,10201.0,150544.0,160745.0,101.0,388.0,400.930168483241,0.25191419339206406,1.3161385950976063,104.59081324662962
331.0,587.0,418.0,587.0,331.0,587.0,7569.0,155236.0,162805.0,87.0,394.0,403.4910160090309,0.21561818367240368,1.3534714661330671,102.45179729919151
331.0,592.0,411.0,592.0,331.0,592.0,6400.0,155236.0,161636.0,80.0,394.0,402.0397990249224,0.19898527507482117,1.370473946034075,101.47762695960776
336.0,585.0,403.0,585.0,336.0,585.0,4489.0,165649.0,170138.0,67.0,407.0,412.47787819469784,0.1624329534792037,1.407640472569226,99.34814184998262
334.0,590.0,403.0,590.0,334.0,590.0,4761.0,158404.0,163165.0,69.0,398.0,403.93687625667457,0.17081876910924856,1.3991357349158007,99.83542742338989
339.0,587.0,402.0,587.0,339.0,587.0,3969.0,164025.0,167994.0,63.0,405.0,409.8707113224852,0.1537070062818706,1.4164775508687775,98.84181456019168
338.0,588.0,400.0,588.0,338.0,588.0,3844.0,166464.0,170308.0,62.0,408.0,412.68389840167015,0.15023605292119893,1.4199892955047289,98.64060641382396
337.0,587.0,392.0,587.0,337.0,587.0,3025.0,167281.0,170306.0,55.0,409.0,412.68147523241214,0.13327470046729223,1.4371238982502834,97.6588659928704
336.0,592.0,392.0,592.0,336.0,592.0,3136.0,167281.0,170417.0,56.0,409.0,412.8159396147392,0.13565367667794526,1.434723118645741,97.79642053175178
337.0,592.0,385.0,592.0,337.0,592.0,2304.0,167281.0,169585.0,48.0,409.0,411.80699362686886,0.11655945805401247,1.4539713104088143,96.6935803804692
336.0,589.0,385.0,589.0,336.0,589.0,2401.0,168921.0,171322.0,49.0,411.0,413.91061837068156,0.11838304654488857,1.4521350076110184,96.79879278069097
342.0,590.0,377.0,590.0,342.0,590.0,1225.0,172225.0,173450.0,35.0,415.0,416.473288459176,0.08403900314829149,1.4866580862637258,94.82076607809265
342.0,590.0,377.0,590.0,342.0,590.0,1225.0,171396.0,172621.0,35.0,414.0,415.4768344926104,0.08424055710047657,1.4864558150496783,94.83235536497456
341.0,592.0,376.0,592.0,341.0,592.0,1225.0,164836.0,166061.0,35.0,406.0,407.50582817918075,0.08588834215301201,1.484802035600656,94.92710994764901
341.0,589.0,375.0,589.0,341.0,589.0,1156.0,173889.0,175045.0,34.0,417.0,418.3837950972767,0.08126509773662434,1.4894415161899202,94.6612872907513
340.0,589.0,368.0,589.0,340.0,589.0,784.0,168100.0,168884.0,28.0,410.0,410.9549853694441,0.0681339830318114,1.5026095176214325,93.90681638410342
340.0,588.0,368.0,588.0,340.0,588.0,784.0,174724.0,175508.0,28.0,418.0,418.9367494025799,0.06683586493648287,1.50391060189923,93.83226974619478
341.0,591.0,368.0,591.0,341.0,591.0,729.0,171396.0,172125.0,27.0,414.0,414.87950057817994,0.06507913734559685,1.5056711634605107,93.73139699916045
348.0,594.0,367.0,594.0,348.0,594.0,361.0,168100.0,168461.0,19.0,410.0,410.440007796511,0.04629178354713381,1.524487993948035,92.65327202841222
347.0,591.0,360.0,591.0,347.0,591.0,169.0,172225.0,172394.0,13.0,415.0,415.2035645319052,0.031309943147178956,1.539481265801391,91.79422083012263
347.0,595.0,360.0,595.0,347.0,595.0,169.0,168921.0,169090.0,13.0,411.0,411.2055447096987,0.03161435969735693,1.5391766984721411,91.81167125266622
344.0,595.0,358.0,595.0,344.0,595.0,196.0,173889.0,174085.0,14.0,417.0,417.2349458039199,0.03355423638598891,1.5372357908381904,91.92287706851631
340.0,595.0,360.0,595.0,340.0,595.0,400.0,175561.0,175961.0,20.0,419.0,419.47705539159114,0.047678412306316864,1.523099831977408,92.73280785060969
344.0,595.0,358.0,595.0,344.0,595.0,196.0,175561.0,175757.0,14.0,419.0,419.23382497122054,0.03339425200474,1.5373958649282597,91.91370549874594
343.0,598.0,356.0,598.0,343.0,598.0,169.0,178084.0,178253.0,13.0,422.0,422.2001894836145,0.03079108044906391,1.5400003788130217,91.76447784546586
343.0,597.0,357.0,597.0,343.0,597.0,196.0,173889.0,174085.0,14.0,417.0,417.2349458039199,0.03355423638598891,1.5372357908381904,91.92287706851631
344.0,598.0,357.0,598.0,344.0,598.0,169.0,178084.0,178253.0,13.0,422.0,422.2001894836145,0.03079108044906391,1.5400003788130217,91.76447784546586
343.0,596.0,356.0,596.0,343.0,596.0,169.0,174724.0,174893.0,13.0,418.0,418.2021042510427,0.03108544856148362,1.5397058697172405,91.78135197368233
342.0,590.0,349.0,590.0,342.0,590.0,49.0,179776.0,179825.0,7.0,424.0,424.05777908204914,0.01650718450479268,1.554288392532249,90.9458349617291
342.0,592.0,349.0,592.0,342.0,592.0,49.0,178084.0,178133.0,7.0,422.0,422.0580528789849,0.016585396137452885,1.5542101701909903,90.95031677174687
342.0,592.0,355.0,592.0,342.0,592.0,169.0,177241.0,177410.0,13.0,421.0,421.2006647668068,0.030864148818941936,1.5399272756983968,91.76866634540312
341.0,592.0,354.0,592.0,341.0,592.0,169.0,178084.0,178253.0,13.0,422.0,422.2001894836145,0.03079108044906391,1.5400003788130217,91.76447784546586
341.0,592.0,354.0,592.0,341.0,592.0,169.0,178084.0,178253.0,13.0,422.0,422.2001894836145,0.03079108044906391,1.5400003788130217,91.76447784546586
340.0,595.0,353.0,595.0,340.0,595.0,169.0,175561.0,175730.0,13.0,419.0,419.2016221342661,0.031011330380387295,1.5397800236492594,91.77710326634335
332.0,594.0,352.0,594.0,332.0,594.0,400.0,170569.0,170969.0,20.0,413.0,413.48397792417546,0.04836946790636611,1.5224079780920512,92.77244815828037
339.0,589.0,352.0,589.0,339.0,589.0,169.0,174724.0,174893.0,13.0,418.0,418.2021042510427,0.03108544856148362,1.5397058697172405,91.78135197368233
333.0,589.0,352.0,589.0,333.0,589.0,361.0,179776.0,180137.0,19.0,424.0,424.42549405048703,0.04476639661457254,1.5260149644778327,92.56578306161394
333.0,590.0,352.0,590.0,333.0,590.0,361.0,178929.0,179290.0,19.0,423.0,423.42649893458486,0.044872014500290665,1.5259092403514245,92.57184060784984
333.0,591.0,352.0,591.0,333.0,591.0,361.0,173056.0,173417.0,19.0,416.0,416.4336681873837,0.0456255136206963,1.5251549686503565,92.6150571929272
332.0,590.0,352.0,590.0,332.0,590.0,400.0,178929.0,179329.0,20.0,423.0,423.4725492874361,0.04722856306424908,1.5235501885731142,92.70700431839985
332.0,589.0,352.0,589.0,332.0,589.0,400.0,178929.0,179329.0,20.0,423.0,423.4725492874361,0.04722856306424908,1.5235501885731142,92.70700431839985
332.0,596.0,352.0,596.0,332.0,596.0,400.0,168100.0,168500.0,20.0,410.0,410.48751503547584,0.0487225537134096,1.522054475484965,92.79270236571328
332.0,591.0,352.0,591.0,332.0,591.0,400.0,178084.0,178484.0,20.0,422.0,422.47366781848075,0.047340228571578484,1.5234383980243529,92.71340944503334
332.0,591.0,352.0,591.0,332.0,591.0,400.0,178084.0,178484.0,20.0,422.0,422.47366781848075,0.047340228571578484,1.5234383980243529,92.71340944503334
332.0,590.0,358.0,590.0,332.0,590.0,676.0,173056.0,173732.0,26.0,416.0,416.8117080889163,0.06237828615518054,1.5083775167989393,93.57633437499734
331.0,595.0,357.0,595.0,331.0,595.0,676.0,173889.0,174565.0,26.0,417.0,417.8097653238852,0.062229277910354396,1.5085268150958293,93.56778021269706
331.0,596.0,350.0,596.0,331.0,596.0,361.0,173056.0,173417.0,19.0,416.0,416.4336681873837,0.0456255136206963,1.5251549686503565,92.6150571929272
324.0,594.0,357.0,594.0,324.0,594.0,1089.0,174724.0,175813.0,33.0,418.0,419.3006081560102,0.07870248542001067,1.492012365805753,94.51398845800125
331.0,589.0,357.0,589.0,331.0,589.0,676.0,178929.0,179605.0,26.0,423.0,423.79830108201236,0.0613499391895121,1.5094078373057138,93.51730135841339
330.0,589.0,350.0,589.0,330.0,589.0,400.0,178084.0,178484.0,20.0,422.0,422.47366781848075,0.047340228571578484,1.5234383980243529,92.71340944503334
327.0,593.0,353.0,593.0,327.0,593.0,676.0,174724.0,175400.0,26.0,418.0,418.80783182743846,0.062080978492094645,1.508675401806512,93.5592668212832
327.0,593.0,352.0,593.0,327.0,593.0,625.0,174724.0,175349.0,25.0,418.0,418.74694028732915,0.05970192876596518,1.5110588748894938,93.42270387304532
327.0,594.0,353.0,594.0,327.0,594.0,676.0,173889.0,174565.0,26.0,417.0,417.8097653238852,0.062229277910354396,1.5085268150958293,93.56778021269706
327.0,593.0,353.0,593.0,327.0,593.0,676.0,174724.0,175400.0,26.0,418.0,418.80783182743846,0.062080978492094645,1.508675401806512,93.5592668212832
326.0,593.0,352.0,593.0,326.0,593.0,676.0,174724.0,175400.0,26.0,418.0,418.80783182743846,0.062080978492094645,1.508675401806512,93.5592668212832
326.0,593.0,352.0,593.0,326.0,593.0,676.0,174724.0,175400.0,26.0,418.0,418.80783182743846,0.062080978492094645,1.508675401806512,93.5592668212832
333.0,593.0,358.0,593.0,333.0,593.0,625.0,174724.0,175349.0,25.0,418.0,418.74694028732915,0.05970192876596518,1.5110588748894938,93.42270387304532
333.0,592.0,358.0,592.0,333.0,592.0,625.0,175561.0,176186.0,25.0,419.0,419.74516078211076,0.05955994812046796,1.511201108641173,93.41455447936978
333.0,592.0,352.0,592.0,333.0,592.0,361.0,175561.0,175922.0,19.0,419.0,419.4305663634924,0.04529951206163161,1.525481307630556,92.59635934667115
333.0,591.0,352.0,591.0,333.0,591.0,361.0,176400.0,176761.0,19.0,420.0,420.42954225410944,0.045191876617738526,1.5255890534181293,92.59018596778289
333.0,592.0,352.0,592.0,333.0,592.0,361.0,175561.0,175922.0,19.0,419.0,419.4305663634924,0.04529951206163161,1.525481307630556,92.59635934667115
326.0,591.0,352.0,591.0,326.0,591.0,676.0,176400.0,177076.0,26.0,420.0,420.80399237649823,0.06178648603870064,1.5089704606962449,93.5423611921937
326.0,591.0,352.0,591.0,326.0,591.0,676.0,176400.0,177076.0,26.0,420.0,420.80399237649823,0.06178648603870064,1.5089704606962449,93.5423611921937
327.0,591.0,353.0,591.0,327.0,591.0,676.0,176400.0,177076.0,26.0,420.0,420.80399237649823,0.06178648603870064,1.5089704606962449,93.5423611921937
327.0,591.0,353.0,591.0,327.0,591.0,676.0,177241.0,177917.0,26.0,421.0,421.80208629166356,0.06164028307347388,1.5091169428694433,93.53396838189552
331.0,594.0,357.0,594.0,331.0,594.0,676.0,174724.0,175400.0,26.0,418.0,418.80783182743846,0.062080978492094645,1.508675401806512,93.5592668212832
325.0,595.0,357.0,595.0,325.0,595.0,1024.0,173889.0,174913.0,32.0,417.0,418.226015450976,0.07651365246969197,1.4942078208155625,94.38819815182832
331.0,593.0,358.0,593.0,331.0,593.0,729.0,170569.0,171298.0,27.0,413.0,413.8816255887666,0.06523604415052539,1.5055139225162644,93.74040624163241
325.0,593.0,358.0,593.0,325.0,593.0,1089.0,175561.0,176650.0,33.0,419.0,420.2975136733502,0.07851581064942291,1.4921996200323888,94.50325958111902
325.0,593.0,357.0,593.0,325.0,593.0,1024.0,175561.0,176585.0,32.0,419.0,420.2201803816661,0.0761505550993194,1.4945719806428763,94.36733333065501
325.0,592.0,357.0,592.0,325.0,592.0,1024.0,176400.0,177424.0,32.0,420.0,421.2172835960082,0.07597029192821864,1.4947527675157795,94.3569750058463
331.0,592.0,357.0,592.0,331.0,592.0,676.0,176400.0,177076.0,26.0,420.0,420.80399237649823,0.06178648603870064,1.5089704606962449,93.5423611921937
331.0,591.0,351.0,591.0,331.0,591.0,400.0,177241.0,177641.0,20.0,421.0,421.4747916542578,0.0474524227688718,1.5233260775971091,92.7198449314675
325.0,592.0,358.0,592.0,325.0,592.0,1089.0,176400.0,177489.0,33.0,420.0,421.2944338583172,0.07833001660567397,1.4923859880562549,94.49258147991532
325.0,593.0,358.0,593.0,325.0,593.0,1089.0,175561.0,176650.0,33.0,419.0,420.2975136733502,0.07851581064942291,1.4921996200323888,94.50325958111902
332.0,592.0,351.0,592.0,332.0,592.0,361.0,176400.0,176761.0,19.0,420.0,420.42954225410944,0.045191876617738526,1.5255890534181293,92.59018596778289
332.0,592.0,351.0,592.0,332.0,592.0,361.0,176400.0,176761.0,19.0,420.0,420.42954225410944,0.045191876617738526,1.5255890534181293,92.59018596778289
332.0,592.0,351.0,592.0,332.0,592.0,361.0,176400.0,176761.0,19.0,420.0,420.42954225410944,0.045191876617738526,1.5255890534181293,92.59018596778289
326.0,593.0,352.0,593.0,326.0,593.0,676.0,175561.0,176237.0,26.0,419.0,419.80590753346956,0.06193338286438267,1.5088232819997258,93.55079391033848
326.0,593.0,352.0,593.0,326.0,593.0,676.0,176400.0,177076.0,26.0,420.0,420.80399237649823,0.06178648603870064,1.5089704606962449,93.5423611921937
326.0,593.0,352.0,593.0,326.0,593.0,676.0,176400.0,177076.0,26.0,420.0,420.80399237649823,0.06178648603870064,1.5089704606962449,93.5423611921937
327.0,593.0,360.0,593.0,327.0,593.0,1089.0,170569.0,171658.0,33.0,413.0,414.3163042893678,0.07964929127421463,1.4910625782106464,94.56840727863474
327.0,594.0,360.0,594.0,327.0,594.0,1089.0,170569.0,171658.0,33.0,413.0,414.3163042893678,0.07964929127421463,1.4910625782106464,94.56840727863474
334.0,587.0,360.0,587.0,334.0,587.0,676.0,176400.0,177076.0,26.0,420.0,420.80399237649823,0.06178648603870064,1.5089704606962449,93.5423611921937
334.0,587.0,354.0,587.0,334.0,587.0,400.0,176400.0,176800.0,20.0,420.0,420.47592083257274,0.047565149415449405,1.5232132235179132,92.72631099390627
327.0,593.0,360.0,593.0,327.0,593.0,1089.0,171396.0,172485.0,33.0,414.0,415.31313487536124,0.07945811781248759,1.4912543595078749,94.557419019714
327.0,593.0,360.0,593.0,327.0,593.0,1089.0,171396.0,172485.0,33.0,414.0,415.31313487536124,0.07945811781248759,1.4912543595078749,94.557419019714
334.0,592.0,360.0,592.0,334.0,592.0,676.0,177241.0,177917.0,26.0,421.0,421.80208629166356,0.06164028307347388,1.5091169428694433,93.53396838189552
334.0,592.0,354.0,592.0,334.0,592.0,400.0,177241.0,177641.0,20.0,421.0,421.4747916542578,0.0474524227688718,1.5233260775971091,92.7198449314675
334.0,591.0,354.0,591.0,334.0,591.0,400.0,178084.0,178484.0,20.0,422.0,422.47366781848075,0.047340228571578484,1.5234383980243529,92.71340944503334
334.0,597.0,353.0,597.0,334.0,597.0,361.0,172225.0,172586.0,19.0,415.0,415.4347120788055,0.04573522492842585,1.5250451426960348,92.62134975659083
334.0,597.0,353.0,597.0,334.0,597.0,361.0,172225.0,172586.0,19.0,415.0,415.4347120788055,0.04573522492842585,1.5250451426960348,92.62134975659083
334.0,597.0,354.0,597.0,334.0,597.0,400.0,172225.0,172625.0,20.0,415.0,415.4816482108446,0.048136903485688005,1.5226408137349812,92.75910765862027
334.0,595.0,360.0,595.0,334.0,595.0,676.0,173889.0,174565.0,26.0,417.0,417.8097653238852,0.062229277910354396,1.5085268150958293,93.56778021269706
334.0,596.0,360.0,596.0,334.0,596.0,676.0,173889.0,174565.0,26.0,417.0,417.8097653238852,0.062229277910354396,1.5085268150958293,93.56778021269706
334.0,596.0,354.0,596.0,334.0,596.0,400.0,173889.0,174289.0,20.0,417.0,417.4793408062248,0.04790656218191909,1.5228714210930332,92.74589483027923
335.0,591.0,361.0,591.0,335.0,591.0,676.0,178084.0,178760.0,26.0,422.0,422.8001892147164,0.061494769073521076,1.5092627334458533,93.52561519717446
335.0,597.0,355.0,597.0,335.0,597.0,400.0,173056.0,173456.0,20.0,416.0,416.48049174000937,0.0480214569389366,1.522756393947134,92.75248540026868
335.0,596.0,355.0,596.0,335.0,596.0,400.0,174724.0,175124.0,20.0,418.0,418.4781953698424,0.04779221527258884,1.5229858991299217,92.73933572191858
336.0,596.0,356.0,596.0,336.0,596.0,400.0,173889.0,174289.0,20.0,417.0,417.4793408062248,0.04790656218191909,1.5228714210930332,92.74589483027923
336.0,596.0,362.0,596.0,336.0,596.0,676.0,174724.0,175400.0,26.0,418.0,418.80783182743846,0.062080978492094645,1.508675401806512,93.5592668212832
336.0,597.0,356.0,597.0,336.0,597.0,400.0,173889.0,174289.0,20.0,417.0,417.4793408062248,0.04790656218191909,1.5228714210930332,92.74589483027923
336.0,597.0,356.0,597.0,336.0,597.0,400.0,174724.0,175124.0,20.0,418.0,418.4781953698424,0.04779221527258884,1.5229858991299217,92.73933572191858
336.0,596.0,356.0,596.0,336.0,596.0,400.0,175561.0,175961.0,20.0,419.0,419.47705539159114,0.047678412306316864,1.523099831977408,92.73280785060969
337.0,597.0,356.0,597.0,337.0,597.0,361.0,174724.0,175085.0,19.0,418.0,418.43159536535956,0.045407660918649985,1.5253730473733196,92.60256220249981
337.0,597.0,356.0,597.0,337.0,597.0,361.0,174724.0,175085.0,19.0,418.0,418.43159536535956,0.045407660918649985,1.5253730473733196,92.60256220249981
337.0,591.0,357.0,591.0,337.0,591.0,400.0,174724.0,175124.0,20.0,418.0,418.4781953698424,0.04779221527258884,1.5229858991299217,92.73933572191858
337.0,592.0,364.0,592.0,337.0,592.0,729.0,173889.0,174618.0,27.0,417.0,417.8731865051884,0.06461290379937971,1.5061383803709154,93.70462744207711
337.0,593.0,363.0,593.0,337.0,593.0,676.0,178084.0,178760.0,26.0,422.0,422.8001892147164,0.061494769073521076,1.5092627334458533,93.52561519717446
337.0,598.0,364.0,598.0,337.0,598.0,729.0,168921.0,169650.0,27.0,411.0,411.8859065323794,0.06555213366563069,1.5051971549638579,93.75855568547199
338.0,592.0,364.0,592.0,338.0,592.0,676.0,173889.0,174565.0,26.0,417.0,417.8097653238852,0.062229277910354396,1.5085268150958293,93.56778021269706
338.0,593.0,364.0,593.0,338.0,593.0,676.0,173056.0,173732.0,26.0,416.0,416.8117080889163,0.06237828615518054,1.5083775167989393,93.57633437499734
338.0,594.0,364.0,594.0,338.0,594.0,676.0,178084.0,178760.0,26.0,422.0,422.8001892147164,0.061494769073521076,1.5092627334458533,93.52561519717446
338.0,593.0,364.0,593.0,338.0,593.0,676.0,173056.0,173732.0,26.0,416.0,416.8117080889163,0.06237828615518054,1.5083775167989393,93.57633437499734
338.0,595.0,364.0,595.0,338.0,595.0,676.0,177241.0,177917.0,26.0,421.0,421.80208629166356,0.06164028307347388,1.5091169428694433,93.53396838189552
338.0,595.0,365.0,595.0,338.0,595.0,729.0,172225.0,172954.0,27.0,415.0,415.87738577614437,0.064922981925575,1.505827649818839,93.72243099127687
339.0,596.0,358.0,596.0,339.0,596.0,361.0,171396.0,171757.0,19.0,414.0,414.43576100524916,0.04584546457553249,1.5249347872940051,92.62767265537359
339.0,594.0,358.0,594.0,339.0,594.0,361.0,173056.0,173417.0,19.0,416.0,416.4336681873837,0.0456255136206963,1.5251549686503565,92.6150571929272
339.0,593.0,365.0,593.0,339.0,593.0,676.0,173889.0,174565.0,26.0,417.0,417.8097653238852,0.062229277910354396,1.5085268150958293,93.56778021269706
339.0,593.0,365.0,593.0,339.0,593.0,676.0,173889.0,174565.0,26.0,417.0,417.8097653238852,0.062229277910354396,1.5085268150958293,93.56778021269706
339.0,591.0,359.0,591.0,339.0,591.0,400.0,174724.0,175124.0,20.0,418.0,418.4781953698424,0.04779221527258884,1.5229858991299217,92.73933572191858
339.0,590.0,366.0,590.0,339.0,590.0,729.0,175561.0,176290.0,27.0,419.0,419.86902719776793,0.06430576739656098,1.5064461568470737,93.68699314895983
340.0,592.0,367.0,592.0,340.0,592.0,729.0,174724.0,175453.0,27.0,418.0,418.8711018917395,0.06445897049966068,1.506292635233005,93.69578928951
340.0,591.0,367.0,591.0,340.0,591.0,729.0,169744.0,170473.0,27.0,412.0,412.88376088192183,0.06539370776493574,1.505355921522758,93.7494590317192
340.0,592.0,367.0,592.0,340.0,592.0,729.0,174724.0,175453.0,27.0,418.0,418.8711018917395,0.06445897049966068,1.506292635233005,93.69578928951
336.0,592.0,363.0,592.0,336.0,592.0,729.0,174724.0,175453.0,27.0,418.0,418.8711018917395,0.06445897049966068,1.506292635233005,93.69578928951
337.0,592.0,363.0,592.0,337.0,592.0,676.0,168921.0,169597.0,26.0,411.0,411.82156330138906,0.0631341394354624,1.5076201706850276,93.61972711095513
337.0,592.0,363.0,592.0,337.0,592.0,676.0,168921.0,169597.0,26.0,411.0,411.82156330138906,0.0631341394354624,1.5076201706850276,93.61972711095513
337.0,592.0,363.0,592.0,337.0,592.0,676.0,168921.0,169597.0,26.0,411.0,411.82156330138906,0.0631341394354624,1.5076201706850276,93.61972711095513
337.0,592.0,363.0,592.0,337.0,592.0,676.0,174724.0,175400.0,26.0,418.0,418.80783182743846,0.062080978492094645,1.508675401806512,93.5592668212832
337.0,592.0,363.0,592.0,337.0,592.0,676.0,168921.0,169597.0,26.0,411.0,411.82156330138906,0.0631341394354624,1.5076201706850276,93.61972711095513
337.0,591.0,364.0,591.0,337.0,591.0,729.0,175561.0,176290.0,27.0,419.0,419.86902719776793,0.06430576739656098,1.5064461568470737,93.68699314895983
337.0,598.0,364.0,598.0,337.0,598.0,729.0,169744.0,170473.0,27.0,412.0,412.88376088192183,0.06539370776493574,1.505355921522758,93.7494590317192
337.0,597.0,364.0,597.0,337.0,597.0,729.0,169744.0,170473.0,27.0,412.0,412.88376088192183,0.06539370776493574,1.505355921522758,93.7494590317192
337.0,597.0,364.0,597.0,337.0,597.0,729.0,169744.0,170473.0,27.0,412.0,412.88376088192183,0.06539370776493574,1.505355921522758,93.7494590317192
338.0,598.0,364.0,598.0,338.0,598.0,676.0,169744.0,170420.0,26.0,412.0,412.8195731793734,0.06298150981494957,1.5077731046634126,93.61096463944952
332.0,598.0,365.0,598.0,332.0,598.0,1089.0,169744.0,170833.0,33.0,412.0,413.3194890154588,0.07984138391007675,1.4908698718566418,94.57944853940455
332.0,599.0,366.0,599.0,332.0,599.0,1156.0,169744.0,170900.0,34.0,412.0,413.40053217188773,0.08224469335192618,1.4884586302899645,94.71760250456168
332.0,599.0,365.0,599.0,332.0,599.0,1089.0,169744.0,170833.0,33.0,412.0,413.3194890154588,0.07984138391007675,1.4908698718566418,94.57944853940455
333.0,599.0,373.0,599.0,333.0,599.0,1600.0,164025.0,165625.0,40.0,405.0,406.97051490249265,0.0982872186934322,1.4723501675822634,95.64054943215683
333.0,594.0,373.0,594.0,333.0,594.0,1600.0,168100.0,169700.0,40.0,410.0,411.9465984809196,0.09709996428542596,1.473543128543331,95.57219780396379
334.0,595.0,373.0,595.0,334.0,595.0,1521.0,167281.0,168802.0,39.0,409.0,410.85520563819074,0.09492395244066681,1.4757292402749669,95.44694282819701
327.0,596.0,373.0,596.0,327.0,596.0,2116.0,167281.0,169397.0,46.0,409.0,411.5786680575173,0.11176478172958078,1.4587975448481656,96.41705751615368
329.0,595.0,375.0,595.0,329.0,595.0,2116.0,167281.0,169397.0,46.0,409.0,411.5786680575173,0.11176478172958078,1.4587975448481656,96.41705751615368
328.0,596.0,375.0,596.0,328.0,596.0,2209.0,167281.0,169490.0,47.0,409.0,411.6916321714591,0.11416311706919925,1.4563837584676602,96.5553572884028
328.0,601.0,374.0,601.0,328.0,601.0,2116.0,162409.0,164525.0,46.0,403.0,405.6168142471414,0.11340752746007295,1.4571442874576788,96.51178218707739
328.0,599.0,381.0,599.0,328.0,599.0,2809.0,159201.0,162010.0,53.0,399.0,402.5046583581363,0.13167549467922487,1.438737324420635,97.56642348275331
322.0,601.0,382.0,601.0,322.0,601.0,3600.0,157609.0,161209.0,60.0,397.0,401.50840588959034,0.14943647286054387,1.4207980052550395,98.59427075828008
322.0,603.0,382.0,603.0,322.0,603.0,3600.0,155236.0,158836.0,60.0,394.0,398.5423440489103,0.1505486202305184,1.4196731322777518,98.65872123236697
323.0,604.0,390.0,604.0,323.0,604.0,4489.0,149769.0,154258.0,67.0,387.0,392.75692228145385,0.17058897297292466,1.3993689541565721,99.82206494519244
317.0,606.0,390.0,606.0,317.0,606.0,5329.0,143641.0,148970.0,73.0,379.0,385.9663197741482,0.18913567391765332,1.3805144680851233,100.90234742197465
314.0,603.0,399.0,603.0,314.0,603.0,7225.0,144400.0,151625.0,85.0,380.0,389.39054944875073,0.2182898381081208,1.3507346241613314,102.60860679336623
309.0,607.0,400.0,607.0,309.0,607.0,8281.0,137641.0,145922.0,91.0,371.0,381.99738218998306,0.2382215277976485,1.330262078848992,103.78159723565362
311.0,609.0,407.0,609.0,311.0,609.0,9216.0,137641.0,146857.0,96.0,371.0,383.2192583887193,0.25050933088185817,1.3175900012274315,104.50765380103121
308.0,613.0,409.0,613.0,308.0,613.0,10201.0,134689.0,144890.0,101.0,367.0,380.64419081341566,0.26533965954969274,1.302240134256167,105.38713639457194
305.0,618.0,419.0,618.0,305.0,618.0,12996.0,131044.0,144040.0,114.0,362.0,379.52602018833966,0.30037466190968287,1.2657108961121952,107.48010756904982
300.0,621.0,426.0,621.0,300.0,621.0,15876.0,133956.0,149832.0,126.0,366.0,387.0813867909435,0.3255129393965166,1.2392421649189584,108.99665415548856
300.0,629.0,433.0,629.0,300.0,629.0,17689.0,129600.0,147289.0,133.0,360.0,383.7824904812621,0.34655046360561786,1.2169051542418632,110.27647059422478
295.0,636.0,447.0,636.0,295.0,636.0,23104.0,126025.0,149129.0,152.0,355.0,386.17224136387637,0.39360674776407817,1.1662445608979335,113.1791087804605
295.0,645.0,451.0,645.0,295.0,645.0,24336.0,121801.0,146137.0,156.0,349.0,382.2786941486538,0.4080792426776928,1.150447166416133,114.08423281157091
292.0,650.0,455.0,650.0,292.0,650.0,26569.0,123201.0,149770.0,163.0,351.0,387.00129198750744,0.42118722437045947,1.1360424086241683,114.90956463795868
288.0,663.0,455.0,663.0,288.0,663.0,27889.0,119025.0,146914.0,167.0,345.0,383.29362113137233,0.43569731086852975,1.1199834855639073,115.82967315283695
289.0,669.0,458.0,669.0,289.0,669.0,28561.0,119025.0,147586.0,169.0,345.0,384.16923354167756,0.43991029276857907,1.1152975478965033,116.09815760424058
290.0,684.0,465.0,684.0,290.0,684.0,30625.0,110889.0,141514.0,175.0,333.0,376.18346587802074,0.46519854239618436,1.0869374394022107,117.72307212749666
287.0,692.0,466.0,692.0,287.0,692.0,32041.0,112225.0,144266.0,179.0,335.0,379.8236432872498,0.4712713470146654,1.0800646472810431,118.11685410951031
285.0,702.0,472.0,702.0,285.0,702.0,34969.0,106276.0,141245.0,187.0,326.0,375.8257574994029,0.49757100536223114,1.050000049029694,119.83942870206903
291.0,712.0,479.0,712.0,291.0,712.0,35344.0,105625.0,140969.0,188.0,325.0,375.45838650907774,0.5007212696671368,1.0463645002943154,120.04773030082035
286.0,726.0,481.0,726.0,286.0,726.0,38025.0,101124.0,139149.0,195.0,318.0,373.026808688062,0.5227506320144024,1.020721954119707,121.51693997259474
288.0,739.0,487.0,739.0,288.0,739.0,39601.0,96100.0,135701.0,199.0,310.0,368.37616643860116,0.5402086729005803,1.0001112689858107,122.69784524364002
292.0,753.0,489.0,753.0,292.0,753.0,38809.0,92416.0,131225.0,197.0,304.0,362.2499137335991,0.543823455938419,0.995809833467426,122.94429934469113
294.0,762.0,496.0,762.0,294.0,762.0,40804.0,91809.0,132613.0,202.0,303.0,364.1606788218629,0.5547001962252291,0.982793723247329,123.69006752597979
296.0,774.0,497.0,774.0,296.0,774.0,40401.0,90601.0,131002.0,201.0,301.0,361.9419843013518,0.5553376196132251,0.9820274398724095,123.73397232927371
297.0,788.0,508.0,788.0,297.0,788.0,44521.0,83521.0,128042.0,211.0,289.0,357.8295683701949,0.5896661948900449,0.9401508540754719,126.13332395585573
299.0,801.0,509.0,801.0,299.0,801.0,44100.0,81225.0,125325.0,210.0,285.0,354.0127116361784,0.5931990380498501,0.9357695914045828,126.38435181583588
303.0,808.0,511.0,808.0,303.0,808.0,43264.0,82944.0,126208.0,208.0,288.0,355.2576529787923,0.5854905538443584,0.9453112865556677,125.83765295427828
303.0,820.0,513.0,820.0,303.0,820.0,44100.0,80089.0,124189.0,210.0,283.0,352.40459701882435,0.5959059608657219,0.9324030055903645,126.57724297435921
311.0,829.0,517.0,829.0,311.0,829.0,42436.0,80656.0,123092.0,206.0,284.0,350.8446949862574,0.5871543818214753,0.943257374167859,125.95533346558935
311.0,839.0,520.0,839.0,311.0,839.0,43681.0,75625.0,119306.0,209.0,275.0,345.4070062983668,0.6050832675335579,0.9209258773829491,127.23483398157467
313.0,848.0,531.0,848.0,313.0,848.0,47524.0,75076.0,122600.0,218.0,274.0,350.14282800023193,0.6226030709955184,0.8987315601628523,128.50647468746075
320.0,856.0,531.0,856.0,320.0,856.0,44521.0,76729.0,121250.0,211.0,277.0,348.209706929603,0.6059566858733709,0.9198283837683496,127.29771573373377
323.0,864.0,543.0,864.0,323.0,864.0,48400.0,76176.0,124576.0,220.0,276.0,352.95325469529246,0.6233120025764541,0.8978252942276383,128.55839990066497
327.0,871.0,547.0,871.0,327.0,871.0,48400.0,76176.0,124576.0,220.0,276.0,352.95325469529246,0.6233120025764541,0.8978252942276383,128.55839990066497
332.0,878.0,552.0,878.0,332.0,878.0,48400.0,78400.0,126800.0,220.0,280.0,356.08987629529713,0.6178215519319035,0.9048270894157868,128.15722658736905
335.0,887.0,553.0,887.0,335.0,887.0,47524.0,74529.0,122053.0,218.0,273.0,349.3608449726443,0.6239966588616129,0.8969494388704551,128.6085827160955
337.0,893.0,559.0,893.0,337.0,893.0,49284.0,76176.0,125460.0,222.0,276.0,354.2033314354906,0.6267586448165064,0.8934098880974948,128.8113840367584
346.0,894.0,568.0,894.0,346.0,894.0,49284.0,78961.0,128245.0,222.0,281.0,358.11311062288684,0.6199158685194813,0.9021608473021553,128.30999100764018
350.0,901.0,571.0,901.0,350.0,901.0,48841.0,78400.0,127241.0,221.0,280.0,356.70856451731015,0.6195533889102218,0.9026227157229147,128.2835278964403
357.0,902.0,571.0,902.0,357.0,902.0,45796.0,81796.0,127592.0,214.0,286.0,357.2002239640955,0.5991037676995143,0.9284150383621954,126.80573666536978
361.0,905.0,569.0,905.0,361.0,905.0,43264.0,87025.0,130289.0,208.0,295.0,360.95567594927775,0.5762480378040339,0.9566659270790753,125.18707997439881
371.0,907.0,573.0,907.0,371.0,907.0,40804.0,88804.0,129608.0,202.0,298.0,360.01111093964863,0.5610937936686704,0.9750897154198288,124.1314746598313
377.0,911.0,579.0,911.0,377.0,911.0,40804.0,89401.0,130205.0,202.0,299.0,360.83929941180185,0.5598059865687491,0.9766446846837022,124.04238148373878
383.0,912.0,580.0,912.0,383.0,912.0,38809.0,91809.0,130618.0,197.0,303.0,361.41112323778856,0.5450856028866187,0.9943051103800827,123.03051362693179
393.0,913.0,588.0,913.0,393.0,913.0,38025.0,94249.0,132274.0,195.0,307.0,363.69492710237245,0.5361636510951708,1.0049106350097465,122.42286182613002
404.0,916.0,589.0,916.0,404.0,916.0,34225.0,94864.0,129089.0,185.0,308.0,359.2895768040036,0.5149050012684323,1.0298994995915904,120.99110535076642
414.0,915.0,595.0,915.0,414.0,915.0,32761.0,95481.0,128242.0,181.0,309.0,358.10892197765753,0.5054328135708739,1.0409128351158565,120.36008770686448
424.0,915.0,596.0,915.0,424.0,915.0,29584.0,95481.0,125065.0,172.0,309.0,353.6453025278294,0.48636302750399124,1.0628738731245844,119.10181291523799
434.0,910.0,601.0,910.0,434.0,910.0,27889.0,99225.0,127114.0,167.0,315.0,356.5305036038291,0.46840311926176076,1.083313834623988,117.93068938791225
449.0,911.0,601.0,911.0,449.0,911.0,23104.0,101761.0,124865.0,152.0,319.0,353.3624201864143,0.4301532684766345,1.126133778292931,115.47728733669389
460.0,906.0,607.0,906.0,460.0,906.0,21609.0,104329.0,125938.0,147.0,323.0,354.8774436337142,0.4142275104746461,1.1437024157913953,114.4706785562366
471.0,904.0,608.0,904.0,471.0,904.0,18769.0,105625.0,124394.0,137.0,325.0,352.6953359487477,0.38843723190007906,1.1718612831598665,112.85729430015456
481.0,898.0,609.0,898.0,481.0,898.0,16384.0,108900.0,125284.0,128.0,330.0,353.9547993741574,0.3616280955261018,1.20078274401782,111.20021665564101
491.0,900.0,611.0,900.0,491.0,900.0,14400.0,107584.0,121984.0,120.0,328.0,349.26207924708916,0.3435815312635321,1.220068378546693,110.09523119190482
502.0,891.0,613.0,891.0,502.0,891.0,12321.0,116281.0,128602.0,111.0,341.0,358.61121008691293,0.30952741263469724,1.2561003290897648,108.0307524981627
508.0,891.0,613.0,891.0,508.0,891.0,11025.0,115600.0,126625.0,105.0,340.0,355.8440669731617,0.2950730663943295,1.2712643377249735,107.1619188028653
519.0,889.0,615.0,889.0,519.0,889.0,9216.0,116281.0,125497.0,96.0,341.0,354.25555747228583,0.2709908086833903,1.2963741202459664,105.72323423992104
531.0,884.0,617.0,884.0,531.0,884.0,7396.0,119025.0,126421.0,86.0,345.0,355.557309023454,0.24187380716824777,1.3264997918023438,103.9971604047433
537.0,888.0,618.0,888.0,537.0,888.0,6561.0,118336.0,124897.0,81.0,344.0,353.4076965771968,0.22919704574771962,1.3395436375654206,103.2498030938994
543.0,888.0,619.0,888.0,543.0,888.0,5776.0,118336.0,124112.0,76.0,344.0,352.29533065313257,0.21572809341270846,1.3533589073919492,102.45824644000488
554.0,882.0,620.0,882.0,554.0,882.0,4356.0,125316.0,129672.0,66.0,354.0,360.0999861149678,0.1832824286167243,1.3864719178951976,100.56101069119637
559.0,887.0,620.0,887.0,559.0,887.0,3721.0,121801.0,125522.0,61.0,349.0,354.290840976732,0.17217492789774425,1.3977591819214932,99.9142981002398
569.0,886.0,619.0,886.0,569.0,886.0,2500.0,122500.0,125000.0,50.0,350.0,353.5533905932738,0.1414213562373095,1.4288992721907328,98.13010235415597
575.0,885.0,621.0,885.0,575.0,885.0,2116.0,123904.0,126020.0,46.0,352.0,354.9929576766277,0.12958003533665194,1.4408508943316407,97.44532484714684
582.0,885.0,623.0,885.0,582.0,885.0,1681.0,123904.0,125585.0,41.0,352.0,354.37973982720854,0.11569510158789305,1.454841554679864,96.6437190565926
587.0,883.0,618.0,883.0,587.0,883.0,961.0,126025.0,126986.0,31.0,355.0,356.3509506090871,0.08699289267227646,1.4836933351631527,94.99063380346225
596.0,881.0,621.0,881.0,596.0,881.0,625.0,127449.0,128074.0,25.0,357.0,357.8742796010912,0.06985693419450693,1.5008824505958014,94.0057700356083
598.0,882.0,619.0,882.0,598.0,882.0,441.0,127449.0,127890.0,21.0,357.0,357.6171136844544,0.058722021951470346,1.512040504079174,93.36646066342979
602.0,882.0,617.0,882.0,602.0,882.0,225.0,128164.0,128389.0,15.0,358.0,358.3141080113927,0.04186271113702023,1.5289213786985154,92.39925779325202
606.0,881.0,616.0,881.0,606.0,881.0,100.0,125316.0,125416.0,10.0,354.0,354.1412147717348,0.028237323369564877,1.542555249590109,91.61809453273744
611.0,877.0,622.0,877.0,611.0,877.0,121.0,128164.0,128285.0,11.0,358.0,358.16895454519783,0.0307117628717089,1.540079733920348,91.75993113273324
611.0,882.0,617.0,882.0,611.0,882.0,36.0,124609.0,124645.0,6.0,353.0,353.0509878190401,0.01699471239852574,1.5538007962205163,90.97377217249755
612.0,882.0,622.0,882.0,612.0,882.0,100.0,124609.0,124709.0,10.0,353.0,353.1416146533852,0.028317251734308286,1.5424752892506077,91.6226759227193
580.0,880.0,621.0,880.0,580.0,880.0,1681.0,136161.0,137842.0,41.0,369.0,371.2707906636341,0.11043152607484653,1.460139105621001,96.3401917459099
575.0,879.0,621.0,879.0,575.0,879.0,2116.0,136900.0,139016.0,46.0,370.0,372.848494699925,0.12337450909389241,1.4471066681446374,97.08689541007367
579.0,880.0,621.0,880.0,579.0,880.0,1764.0,132496.0,134260.0,42.0,364.0,366.41506519246724,0.11462410798513051,1.4559197213779975,96.581944655178
580.0,879.0,621.0,879.0,580.0,879.0,1681.0,136900.0,138581.0,41.0,370.0,372.2646907779463,0.11013668772700297,1.460435753491267,96.32319507494212
574.0,879.0,626.0,879.0,574.0,879.0,2704.0,136900.0,139604.0,52.0,370.0,373.63618668431997,0.1391728153031764,1.4311702750995472,97.99998347221897
574.0,879.0,621.0,879.0,574.0,879.0,2209.0,136900.0,139109.0,47.0,370.0,372.97318938497443,0.12601441963563678,1.4444459906993417,97.23934099833477
580.0,879.0,621.0,879.0,580.0,879.0,1681.0,136900.0,138581.0,41.0,370.0,372.2646907779463,0.11013668772700297,1.460435753491267,96.32319507494212
575.0,879.0,622.0,879.0,575.0,879.0,2209.0,136900.0,139109.0,47.0,370.0,372.97318938497443,0.12601441963563678,1.4444459906993417,97.23934099833477
575.0,879.0,622.0,879.0,575.0,879.0,2209.0,136161.0,138370.0,47.0,369.0,371.9811823197512,0.12635047748087236,1.4441072251164697,97.25875083647762
575.0,879.0,622.0,879.0,575.0,879.0,2209.0,132496.0,134705.0,47.0,364.0,367.02179771779225,0.12805778918923746,1.4423859303506057,97.35737376185958
580.0,879.0,622.0,879.0,580.0,879.0,1764.0,136161.0,137925.0,42.0,369.0,371.3825520941984,0.11309093484108272,1.4574629300294928,96.49352531253925
580.0,879.0,622.0,879.0,580.0,879.0,1764.0,132496.0,134260.0,42.0,364.0,366.41506519246724,0.11462410798513051,1.4559197213779975,96.581944655178
580.0,878.0,622.0,878.0,580.0,878.0,1764.0,137641.0,139405.0,42.0,371.0,373.36978988664845,0.1124890152809385,1.458068715204519,96.45881637871865
575.0,878.0,622.0,878.0,575.0,878.0,2209.0,137641.0,139850.0,47.0,371.0,373.9652390263031,0.12568013038424203,1.4447829589757208,97.22003413826843
575.0,879.0,622.0,879.0,575.0,879.0,2209.0,136900.0,139109.0,47.0,370.0,372.97318938497443,0.12601441963563678,1.4444459906993417,97.23934099833477
575.0,878.0,622.0,878.0,575.0,878.0,2209.0,136900.0,139109.0,47.0,370.0,372.97318938497443,0.12601441963563678,1.4444459906993417,97.23934099833477
575.0,878.0,622.0,878.0,575.0,878.0,2209.0,137641.0,139850.0,47.0,371.0,373.9652390263031,0.12568013038424203,1.4447829589757208,97.22003413826843
575.0,879.0,622.0,879.0,575.0,879.0,2209.0,133225.0,135434.0,47.0,365.0,368.01358670570846,0.12771267610177872,1.4427339006332245,97.33743653326955
575.0,879.0,622.0,879.0,575.0,879.0,2209.0,133225.0,135434.0,47.0,365.0,368.01358670570846,0.12771267610177872,1.4427339006332245,97.33743653326955
575.0,879.0,621.0,879.0,575.0,879.0,2116.0,133225.0,135341.0,46.0,365.0,367.8872109764078,0.12503832323475342,1.4454298693428949,97.18296890450611
575.0,880.0,621.0,880.0,575.0,880.0,2116.0,132496.0,134612.0,46.0,364.0,366.8950803703969,0.12537644264284206,1.4450890680284456,97.20249538147655
574.0,879.0,621.0,879.0,574.0,879.0,2209.0,133225.0,135434.0,47.0,365.0,368.01358670570846,0.12771267610177872,1.4427339006332245,97.33743653326955
574.0,879.0,621.0,879.0,574.0,879.0,2209.0,133225.0,135434.0,47.0,365.0,368.01358670570846,0.12771267610177872,1.4427339006332245,97.33743653326955
575.0,880.0,622.0,880.0,575.0,880.0,2209.0,132496.0,134705.0,47.0,364.0,367.02179771779225,0.12805778918923746,1.4423859303506057,97.35737376185958
570.0,880.0,622.0,880.0,570.0,880.0,2704.0,132496.0,135200.0,52.0,364.0,367.6955262170047,0.1414213562373095,1.4288992721907328,98.13010235415597
570.0,879.0,622.0,879.0,570.0,879.0,2704.0,133225.0,135929.0,52.0,365.0,368.68550283405506,0.14104161839909704,1.4292828548339835,98.10812468760324
570.0,880.0,622.0,880.0,570.0,880.0,2704.0,132496.0,135200.0,52.0,364.0,367.6955262170047,0.1414213562373095,1.4288992721907328,98.13010235415597
570.0,880.0,622.0,880.0,570.0,880.0,2704.0,132496.0,135200.0,52.0,364.0,367.6955262170047,0.1414213562373095,1.4288992721907328,98.13010235415597
569.0,881.0,626.0,881.0,569.0,881.0,3249.0,131769.0,135018.0,57.0,363.0,367.4479554984624,0.15512400912035695,1.4150433460436043,98.9239884436314
568.0,881.0,626.0,881.0,568.0,881.0,3364.0,131769.0,135133.0,58.0,363.0,367.6044069376753,0.15777830435485907,1.412355956621949,99.07796451540035
569.0,881.0,621.0,881.0,569.0,881.0,2704.0,131769.0,134473.0,52.0,363.0,366.705603993176,0.14180312336041548,1.4285136185268592,98.15219868144969
569.0,881.0,621.0,881.0,569.0,881.0,2704.0,131769.0,134473.0,52.0,363.0,366.705603993176,0.14180312336041548,1.4285136185268592,98.15219868144969
569.0,881.0,621.0,881.0,569.0,881.0,2704.0,131769.0,134473.0,52.0,363.0,366.705603993176,0.14180312336041548,1.4285136185268592,98.15219868144969
569.0,881.0,621.0,881.0,569.0,881.0,2704.0,131769.0,134473.0,52.0,363.0,366.705603993176,0.14180312336041548,1.4285136185268592,98.15219868144969
569.0,881.0,621.0,881.0,569.0,881.0,2704.0,131769.0,134473.0,52.0,363.0,366.705603993176,0.14180312336041548,1.4285136185268592,98.15219868144969
569.0,882.0,621.0,882.0,569.0,882.0,2704.0,131044.0,133748.0,52.0,362.0,365.7157366042648,0.14218693590499873,1.4281258771399825,98.17441462646026
569.0,882.0,620.0,882.0,569.0,882.0,2601.0,130321.0,132922.0,51.0,361.0,364.5846952355515,0.1398851917441291,1.4304508613257576,98.04120284518069
563.0,882.0,625.0,882.0,563.0,882.0,3844.0,130321.0,134165.0,62.0,361.0,366.28540784475706,0.16926691228245022,1.4007105261198693,99.74519853378243
563.0,883.0,625.0,883.0,563.0,883.0,3844.0,133225.0,137069.0,62.0,365.0,370.22830793984406,0.16746423401549826,1.4025393112559958,99.64041686384613
559.0,879.0,625.0,879.0,559.0,879.0,4356.0,133225.0,137581.0,66.0,365.0,370.91912865205535,0.17793636106028926,1.3919073793919814,100.24958168772481
559.0,880.0,625.0,880.0,559.0,880.0,4356.0,132496.0,136852.0,66.0,364.0,369.935129448394,0.1784096581971327,1.3914263859589255,100.27714058141241
552.0,880.0,629.0,880.0,552.0,880.0,5929.0,131769.0,137698.0,77.0,363.0,371.076811455526,0.20750420835506328,1.361773383988632,101.97613244420336
552.0,885.0,629.0,885.0,552.0,885.0,5929.0,128881.0,134810.0,77.0,359.0,367.16481312892716,0.20971508501540978,1.3595127710140489,102.10565602675948
546.0,885.0,628.0,885.0,546.0,885.0,6724.0,128164.0,134888.0,82.0,358.0,367.27101709772853,0.22326836636330688,1.3456301303515947,102.9010727452148
546.0,886.0,627.0,886.0,546.0,886.0,6561.0,128164.0,134725.0,81.0,358.0,367.0490430446591,0.2206789570355716,1.348285792253858,102.74891452640144
536.0,887.0,633.0,887.0,536.0,887.0,9409.0,127449.0,136858.0,97.0,357.0,369.94323888942745,0.2622023862125303,1.3054925940974866,105.20078417262853
530.0,890.0,632.0,890.0,530.0,890.0,10404.0,125316.0,135720.0,102.0,354.0,368.40195439221003,0.2768714953433939,1.2902595350565746,106.07357416474639
520.0,895.0,631.0,895.0,520.0,895.0,12321.0,119716.0,132037.0,111.0,346.0,363.3689584981084,0.3054746350893312,1.26035947590486,107.78672136133115
516.0,897.0,631.0,897.0,516.0,897.0,13225.0,119716.0,132941.0,115.0,346.0,364.6107513499842,0.31540485181582945,1.2499130748694272,108.38525605176254
506.0,898.0,626.0,898.0,506.0,898.0,14400.0,116281.0,130681.0,120.0,341.0,361.4982710885351,0.33195179506297173,1.2324243811002102,109.38728439393542
497.0,904.0,627.0,904.0,497.0,904.0,16900.0,111556.0,128456.0,130.0,334.0,358.4075892053627,0.3627155336978977,1.1996161041561226,111.267060195928
487.0,905.0,627.0,905.0,487.0,905.0,19600.0,111556.0,131156.0,140.0,334.0,362.154663092994,0.38657516875338654,1.173881166109261,112.74156353204381
475.0,907.0,624.0,907.0,475.0,907.0,22201.0,110224.0,132425.0,149.0,332.0,363.90245945857527,0.4094503791529372,1.14894478098029,114.17031315624665
463.0,909.0,621.0,909.0,463.0,909.0,24964.0,108900.0,133864.0,158.0,330.0,365.8742953529258,0.43184230760893355,1.1242619614112248,115.584534544037
453.0,912.0,619.0,912.0,453.0,912.0,27556.0,107584.0,135140.0,166.0,328.0,367.6139279189514,0.45156069287069656,1.102282576154791,116.84386055552272
443.0,913.0,619.0,913.0,443.0,913.0,30976.0,104329.0,135305.0,176.0,323.0,367.8382796827976,0.47847113723936563,1.0718835386956882,118.5855971031894
432.0,915.0,612.0,915.0,432.0,915.0,32400.0,103684.0,136084.0,180.0,322.0,368.8956492017763,0.487942865115074,1.061064863768607,119.20546151643515
422.0,914.0,607.0,914.0,422.0,914.0,34225.0,103684.0,137909.0,185.0,322.0,371.36101033899615,0.4981675373812752,1.0493122074563996,119.87883912119243
411.0,914.0,606.0,914.0,411.0,914.0,38025.0,103041.0,141066.0,195.0,321.0,375.5875397294218,0.5191865527287741,1.0248974293076074,121.27770286686645
400.0,913.0,600.0,913.0,400.0,913.0,40000.0,100489.0,140489.0,200.0,317.0,374.81862280308326,0.5335914168412946,1.007954955448875,122.24843511348254
389.0,912.0,594.0,912.0,389.0,912.0,42025.0,101124.0,143149.0,205.0,318.0,378.35036672375514,0.5418258260858951,0.9981884014005402,122.80801744083854
378.0,912.0,588.0,912.0,378.0,912.0,44100.0,97969.0,142069.0,210.0,313.0,376.9204160031664,0.5571467903671099,0.9798503910552363,123.8587080382917
372.0,908.0,581.0,908.0,372.0,908.0,43681.0,100489.0,144170.0,209.0,317.0,379.6972478172577,0.5504385433433229,0.9879069000156866,123.39710407724856
360.0,904.0,575.0,904.0,360.0,904.0,46225.0,97344.0,143569.0,215.0,312.0,378.90500128660216,0.5674245504016847,0.9674215813331913,124.57082637973603
358.0,900.0,574.0,900.0,358.0,900.0,46656.0,98596.0,145252.0,216.0,314.0,381.11940386183437,0.566751516221162,0.9682387103962429,124.5240083331057
350.0,894.0,564.0,894.0,350.0,894.0,45796.0,94864.0,140660.0,214.0,308.0,375.04666376332426,0.5705956636239967,0.963565324147622,124.79177364118615
345.0,889.0,562.0,889.0,345.0,889.0,47089.0,91809.0,138898.0,217.0,303.0,372.6902198877776,0.5822530037556173,0.9492991808231609,125.6091634436065
341.0,882.0,555.0,882.0,341.0,882.0,45796.0,90601.0,136397.0,214.0,301.0,369.3196447523473,0.5794438585672875,0.952750173727536,125.41143611505622
340.0,873.0,546.0,873.0,340.0,873.0,42436.0,89401.0,131837.0,206.0,299.0,363.0936518310393,0.5673467408784644,0.967516073184805,124.56541239544019
333.0,861.0,546.0,861.0,333.0,861.0,45369.0,90601.0,135970.0,213.0,301.0,368.7411015875502,0.5776410578667955,0.954960431320977,125.2847976833153
332.0,847.0,537.0,847.0,332.0,847.0,42025.0,93636.0,135661.0,205.0,306.0,368.32187010819763,0.5565784077382631,0.9805346909455435,123.81950054265582
331.0,840.0,531.0,840.0,331.0,840.0,40000.0,93025.0,133025.0,200.0,305.0,364.72592449673766,0.5483569622202409,0.9903981394010224,123.25436657471205
331.0,827.0,526.0,827.0,331.0,827.0,38025.0,94249.0,132274.0,195.0,307.0,363.69492710237245,0.5361636510951708,1.0049106350097465,122.42286182613002
331.0,813.0,523.0,813.0,331.0,813.0,36864.0,94864.0,131728.0,192.0,308.0,362.9435217771492,0.5290079267977398,1.013365235218956,121.93844891667189
328.0,800.0,517.0,800.0,328.0,800.0,35721.0,96721.0,132442.0,189.0,311.0,363.9258166165187,0.5193366102937288,1.0247218443921562,121.28776314146796
330.0,791.0,509.0,791.0,330.0,791.0,32041.0,94864.0,126905.0,179.0,308.0,356.23728047468586,0.5024740806506345,1.0443383651399898,120.16381929388629
335.0,776.0,504.0,776.0,335.0,776.0,28561.0,99856.0,128417.0,169.0,316.0,358.35317774508434,0.47160178978577016,1.0796899531151545,118.13832250382393
330.0,764.0,502.0,764.0,330.0,764.0,29584.0,98596.0,128180.0,172.0,314.0,358.0223456713282,0.48041694067302576,1.0696662811024291,118.71263660537647
332.0,744.0,493.0,744.0,332.0,744.0,25921.0,107584.0,133505.0,161.0,328.0,365.3833603217311,0.44063309248191984,1.114492527018747,116.14428190295592
332.0,729.0,486.0,729.0,332.0,729.0,23716.0,109561.0,133277.0,154.0,331.0,365.0712259272155,0.4218354914410677,1.1353275315137257,114.95052407925755
336.0,716.0,483.0,716.0,336.0,716.0,21609.0,115600.0,137209.0,147.0,340.0,370.41733220787603,0.3968496806664124,1.1627141933049094,113.38138394367053
333.0,701.0,480.0,701.0,333.0,701.0,21609.0,115600.0,137209.0,147.0,340.0,370.41733220787603,0.3968496806664124,1.1627141933049094,113.38138394367053
328.0,688.0,479.0,688.0,328.0,688.0,22801.0,122500.0,145301.0,151.0,350.0,381.1836827567518,0.3961344801224322,1.163493246526622,113.33674748205034
332.0,675.0,479.0,675.0,332.0,675.0,21609.0,121801.0,143410.0,147.0,349.0,378.69512803837335,0.388175049310654,1.1721457909536934,112.84099320432969
330.0,662.0,467.0,662.0,330.0,662.0,18769.0,129600.0,148369.0,137.0,360.0,385.18696758846863,0.3556714310915367,1.20716395067803,110.83460044581021
327.0,650.0,459.0,650.0,327.0,650.0,17424.0,128164.0,145588.0,132.0,358.0,381.55995597022496,0.34594825252129086,1.2175470728075763,110.23969136961831
332.0,639.0,454.0,639.0,332.0,639.0,14884.0,128881.0,143765.0,122.0,359.0,379.16355310076943,0.32176088393067764,1.2432076402289614,108.76944915646206
328.0,629.0,454.0,629.0,328.0,629.0,15876.0,133225.0,149101.0,126.0,365.0,386.1359864089334,0.3263099126600466,1.2383991640347929,109.04495454827703
329.0,615.0,453.0,615.0,329.0,615.0,15376.0,138384.0,153760.0,124.0,372.0,392.12242986087904,0.31622776601683794,1.2490457723982544,108.43494882292201
333.0,608.0,445.0,608.0,333.0,608.0,12544.0,137641.0,150185.0,112.0,371.0,387.5370949986594,0.28900459193561184,1.2776094302370145,106.79837178130529
331.0,602.0,438.0,602.0,331.0,602.0,11449.0,141376.0,152825.0,107.0,376.0,390.9283821878376,0.2737074228306796,1.2935507784323892,105.88499980996183
334.0,600.0,435.0,600.0,334.0,600.0,10201.0,141376.0,151577.0,101.0,376.0,389.32890979222185,0.25942075571501216,1.3083739502932978,105.03569462333468
334.0,597.0,426.0,597.0,334.0,597.0,8464.0,142129.0,150593.0,92.0,377.0,388.06313919258037,0.23707482290489856,1.3314426043429868,103.71395810724013
338.0,588.0,424.0,588.0,338.0,588.0,7396.0,148225.0,155621.0,86.0,385.0,394.4882761249059,0.21800394385553304,1.3510275738307065,102.59182201370129
337.0,586.0,417.0,586.0,337.0,586.0,6400.0,148996.0,155396.0,80.0,386.0,394.202993392998,0.20294112764446856,1.3664357054477256,101.709001101864
336.0,585.0,410.0,585.0,336.0,585.0,5476.0,155236.0,160712.0,74.0,394.0,400.88901207192,0.18458974372369255,1.3851419103668718,100.63721450929008
342.0,587.0,409.0,587.0,342.0,587.0,4489.0,152881.0,157370.0,67.0,391.0,396.6988782439396,0.16889384788933057,1.401089040261663,99.72351127097164
342.0,584.0,409.0,584.0,342.0,584.0,4489.0,160000.0,164489.0,67.0,400.0,405.5724349607601,0.1651986038116283,1.4048369483012904,99.50877195829784
341.0,586.0,402.0,586.0,341.0,586.0,3721.0,158404.0,162125.0,61.0,398.0,402.6474885057648,0.15149728171997937,1.4187134635958394,98.71370619757144
346.0,587.0,400.0,587.0,346.0,587.0,2916.0,161604.0,164520.0,54.0,402.0,405.6106507477337,0.13313259871369815,1.437267277703025,97.65065095535941
343.0,589.0,398.0,589.0,343.0,589.0,3025.0,162409.0,165434.0,55.0,403.0,406.73578647569235,0.1352229182402836,1.4351578831010676,97.77151036337925
343.0,590.0,397.0,590.0,343.0,590.0,2916.0,164836.0,167752.0,54.0,406.0,409.5753898856717,0.13184385911241758,1.4385674792240346,97.57615489568907
342.0,595.0,389.0,595.0,342.0,595.0,2209.0,165649.0,167858.0,47.0,407.0,409.70477175644413,0.11471675030414323,1.4558264638943548,96.58728791539875
340.0,592.0,388.0,592.0,340.0,592.0,2304.0,166464.0,168768.0,48.0,408.0,410.81382644696856,0.1168412475673972,1.4536875822280324,96.70983680775693
345.0,591.0,379.0,591.0,345.0,591.0,1156.0,168100.0,169256.0,34.0,410.0,411.40734072206345,0.08264315347491467,1.4880588090548896,94.74051057389117
344.0,589.0,372.0,589.0,344.0,589.0,784.0,169744.0,170528.0,28.0,412.0,412.95036021294374,0.06780475983980594,1.5029395039385927,93.88790956083308
345.0,586.0,372.0,586.0,345.0,586.0,729.0,173056.0,173785.0,27.0,416.0,416.8752811093505,0.06476757251749267,1.5059833870024284,93.71350790794394
345.0,585.0,372.0,585.0,345.0,585.0,729.0,173889.0,174618.0,27.0,417.0,417.8731865051884,0.06461290379937971,1.5061383803709154,93.70462744207711
344.0,592.0,372.0,592.0,344.0,592.0,784.0,168100.0,168884.0,28.0,410.0,410.9549853694441,0.0681339830318114,1.5026095176214325,93.90681638410342
344.0,588.0,371.0,588.0,344.0,588.0,729.0,172225.0,172954.0,27.0,415.0,415.87738577614437,0.064922981925575,1.505827649818839,93.72243099127687
343.0,593.0,370.0,593.0,343.0,593.0,729.0,167281.0,168010.0,27.0,409.0,409.89022920777217,0.06587129449800516,1.5048773028175404,93.77688186352418
342.0,588.0,370.0,588.0,342.0,588.0,784.0,171396.0,172180.0,28.0,414.0,414.9457795905388,0.0674786957168956,1.503266316569938,93.86918457636541
340.0,589.0,367.0,589.0,340.0,589.0,729.0,170569.0,171298.0,27.0,413.0,413.8816255887666,0.06523604415052539,1.5055139225162644,93.74040624163241
340.0,588.0,367.0,588.0,340.0,588.0,729.0,171396.0,172125.0,27.0,414.0,414.87950057817994,0.06507913734559685,1.5056711634605107,93.73139699916045
343.0,588.0,363.0,588.0,343.0,588.0,400.0,171396.0,171796.0,20.0,414.0,414.48281025876094,0.0482529058020863,1.5225246764612452,92.76576183424949
341.0,591.0,367.0,591.0,341.0,591.0,676.0,168921.0,169597.0,26.0,411.0,411.82156330138906,0.0631341394354624,1.5076201706850276,93.61972711095513
341.0,590.0,360.0,590.0,341.0,590.0,361.0,169744.0,170105.0,19.0,412.0,412.43787410954394,0.046067544211406686,1.5247124727694132,92.64041033935716
342.0,592.0,361.0,592.0,342.0,592.0,361.0,168100.0,168461.0,19.0,410.0,410.440007796511,0.04629178354713381,1.524487993948035,92.65327202841222
342.0,592.0,361.0,592.0,342.0,592.0,361.0,168921.0,169282.0,19.0,411.0,411.4389383614536,0.04617939195465328,1.524600505864941,92.64682557042856
335.0,587.0,361.0,587.0,335.0,587.0,676.0,173056.0,173732.0,26.0,416.0,416.8117080889163,0.06237828615518054,1.5083775167989393,93.57633437499734
338.0,591.0,364.0,591.0,338.0,591.0,676.0,169744.0,170420.0,26.0,412.0,412.8195731793734,0.06298150981494957,1.5077731046634126,93.61096463944952
337.0,590.0,363.0,590.0,337.0,590.0,676.0,169744.0,170420.0,26.0,412.0,412.8195731793734,0.06298150981494957,1.5077731046634126,93.61096463944952
337.0,590.0,363.0,590.0,337.0,590.0,676.0,169744.0,170420.0,26.0,412.0,412.8195731793734,0.06298150981494957,1.5077731046634126,93.61096463944952
337.0,589.0,363.0,589.0,337.0,589.0,676.0,170569.0,171245.0,26.0,413.0,413.81759266614074,0.0628296149336895,1.5079253009720623,93.60224443330641
337.0,590.0,363.0,590.0,337.0,590.0,676.0,169744.0,170420.0,26.0,412.0,412.8195731793734,0.06298150981494957,1.5077731046634126,93.61096463944952
337.0,590.0,363.0,590.0,337.0,590.0,676.0,168921.0,169597.0,26.0,411.0,411.82156330138906,0.0631341394354624,1.5076201706850276,93.61972711095513
336.0,591.0,362.0,591.0,336.0,591.0,676.0,168100.0,168776.0,26.0,410.0,410.8235631022155,0.06328750912841638,1.5074664936680444,93.62853215543642
336.0,592.0,362.0,592.0,336.0,592.0,676.0,167281.0,167957.0,26.0,409.0,409.82557265256156,0.06344162427863441,1.5073120681914438,93.63738008349493
336.0,592.0,362.0,592.0,336.0,592.0,676.0,166464.0,167140.0,26.0,408.0,408.8275920238261,0.06359649032319897,1.5071568887814164,93.64627120875683
336.0,591.0,362.0,591.0,336.0,591.0,676.0,168100.0,168776.0,26.0,410.0,410.8235631022155,0.06328750912841638,1.5074664936680444,93.62853215543642
335.0,591.0,361.0,591.0,335.0,591.0,676.0,168100.0,168776.0,26.0,410.0,410.8235631022155,0.06328750912841638,1.5074664936680444,93.62853215543642
335.0,591.0,361.0,591.0,335.0,591.0,676.0,168100.0,168776.0,26.0,410.0,410.8235631022155,0.06328750912841638,1.5074664936680444,93.62853215543642
335.0,590.0,361.0,590.0,335.0,590.0,676.0,168100.0,168776.0,26.0,410.0,410.8235631022155,0.06328750912841638,1.5074664936680444,93.62853215543642
335.0,591.0,361.0,591.0,335.0,591.0,676.0,168100.0,168776.0,26.0,410.0,410.8235631022155,0.06328750912841638,1.5074664936680444,93.62853215543642
335.0,590.0,361.0,590.0,335.0,590.0,676.0,168100.0,168776.0,26.0,410.0,410.8235631022155,0.06328750912841638,1.5074664936680444,93.62853215543642
335.0,590.0,361.0,590.0,335.0,590.0,676.0,168100.0,168776.0,26.0,410.0,410.8235631022155,0.06328750912841638,1.5074664936680444,93.62853215543642
335.0,590.0,361.0,590.0,335.0,590.0,676.0,168100.0,168776.0,26.0,410.0,410.8235631022155,0.06328750912841638,1.5074664936680444,93.62853215543642
329.0,591.0,361.0,591.0,329.0,591.0,1024.0,167281.0,168305.0,32.0,409.0,410.2499238269277,0.0780012332519039,1.4927157804486586,94.47368576771505
329.0,590.0,361.0,590.0,329.0,590.0,1024.0,168100.0,169124.0,32.0,410.0,411.2468844866791,0.07781213963466883,1.492905450538967,94.46281847204052
329.0,594.0,362.0,594.0,329.0,594.0,1089.0,164836.0,165925.0,33.0,406.0,407.3389252207552,0.08101361779288789,1.4896938280655216,94.64683088515831
329.0,593.0,362.0,593.0,329.0,593.0,1089.0,165649.0,166738.0,33.0,407.0,408.3356462519529,0.0808158687660548,1.489892227639666,94.63546342690265
329.0,590.0,362.0,590.0,329.0,590.0,1089.0,168100.0,169189.0,33.0,410.0,411.32590484918404,0.08022835326187325,1.490481657134572,94.60169160452399
329.0,594.0,362.0,594.0,329.0,594.0,1089.0,164836.0,165925.0,33.0,406.0,407.3389252207552,0.08101361779288789,1.4896938280655216,94.64683088515831
330.0,593.0,362.0,593.0,330.0,593.0,1024.0,165649.0,166673.0,32.0,407.0,408.2560471076944,0.07838218252174149,1.492333661258005,94.49557958461047
330.0,593.0,363.0,593.0,330.0,593.0,1089.0,165649.0,166738.0,33.0,407.0,408.3356462519529,0.0808158687660548,1.489892227639666,94.63546342690265
331.0,595.0,364.0,595.0,331.0,595.0,1089.0,164836.0,165925.0,33.0,406.0,407.3389252207552,0.08101361779288789,1.4896938280655216,94.64683088515831
331.0,595.0,364.0,595.0,331.0,595.0,1089.0,164836.0,165925.0,33.0,406.0,407.3389252207552,0.08101361779288789,1.4896938280655216,94.64683088515831
331.0,596.0,363.0,596.0,331.0,596.0,1024.0,164025.0,165049.0,32.0,405.0,406.2622305851234,0.07876685940977499,1.4919477913514967,94.51768830169449
331.0,595.0,363.0,595.0,331.0,595.0,1024.0,164836.0,165860.0,32.0,406.0,407.25913126656843,0.078574051612988,1.492141198580098,94.50660688376831
331.0,596.0,363.0,596.0,331.0,596.0,1024.0,164025.0,165049.0,32.0,405.0,406.2622305851234,0.07876685940977499,1.4919477913514967,94.51768830169449
331.0,595.0,364.0,595.0,331.0,595.0,1089.0,164836.0,165925.0,33.0,406.0,407.3389252207552,0.08101361779288789,1.4896938280655216,94.64683088515831
331.0,595.0,364.0,595.0,331.0,595.0,1089.0,164836.0,165925.0,33.0,406.0,407.3389252207552,0.08101361779288789,1.4896938280655216,94.64683088515831
332.0,595.0,364.0,595.0,332.0,595.0,1024.0,165649.0,166673.0,32.0,407.0,408.2560471076944,0.07838218252174149,1.492333661258005,94.49557958461047
331.0,594.0,364.0,594.0,331.0,594.0,1089.0,165649.0,166738.0,33.0,407.0,408.3356462519529,0.0808158687660548,1.489892227639666,94.63546342690265
332.0,594.0,364.0,594.0,332.0,594.0,1024.0,165649.0,166673.0,32.0,407.0,408.2560471076944,0.07838218252174149,1.492333661258005,94.49557958461047
332.0,594.0,364.0,594.0,332.0,594.0,1024.0,165649.0,166673.0,32.0,407.0,408.2560471076944,0.07838218252174149,1.492333661258005,94.49557958461047
338.0,594.0,364.0,594.0,338.0,594.0,676.0,166464.0,167140.0,26.0,408.0,408.8275920238261,0.06359649032319897,1.5071568887814164,93.64627120875683
338.0,594.0,364.0,594.0,338.0,594.0,676.0,166464.0,167140.0,26.0,408.0,408.8275920238261,0.06359649032319897,1.5071568887814164,93.64627120875683
332.0,595.0,364.0,595.0,332.0,595.0,1024.0,164836.0,165860.0,32.0,406.0,407.25913126656843,0.078574051612988,1.492141198580098,94.50660688376831
338.0,588.0,364.0,588.0,338.0,588.0,676.0,171396.0,172072.0,26.0,414.0,414.81562169233695,0.06267844950951207,1.5080767649283078,93.59356618786519
338.0,588.0,364.0,588.0,338.0,588.0,676.0,171396.0,172072.0,26.0,414.0,414.81562169233695,0.06267844950951207,1.5080767649283078,93.59356618786519
331.0,594.0,364.0,594.0,331.0,594.0,1089.0,165649.0,166738.0,33.0,407.0,408.3356462519529,0.0808158687660548,1.489892227639666,94.63546342690265
332.0,593.0,365.0,593.0,332.0,593.0,1089.0,166464.0,167553.0,33.0,408.0,409.332383277942,0.08061907962359424,1.4900896610033396,94.62415132842906
332.0,592.0,365.0,592.0,332.0,592.0,1089.0,167281.0,168370.0,33.0,409.0,410.3291361821629,0.08042324341635312,1.490286135182318,94.6128941871903
339.0,590.0,365.0,590.0,339.0,590.0,676.0,169744.0,170420.0,26.0,412.0,412.8195731793734,0.06298150981494957,1.5077731046634126,93.61096463944952
339.0,590.0,365.0,590.0,339.0,590.0,676.0,174724.0,175400.0,26.0,418.0,418.80783182743846,0.062080978492094645,1.508675401806512,93.5592668212832
339.0,597.0,365.0,597.0,339.0,597.0,676.0,168921.0,169597.0,26.0,411.0,411.82156330138906,0.0631341394354624,1.5076201706850276,93.61972711095513
339.0,591.0,366.0,591.0,339.0,591.0,729.0,174724.0,175453.0,27.0,418.0,418.8711018917395,0.06445897049966068,1.506292635233005,93.69578928951
339.0,598.0,366.0,598.0,339.0,598.0,729.0,168921.0,169650.0,27.0,411.0,411.8859065323794,0.06555213366563069,1.5051971549638579,93.75855568547199
335.0,593.0,368.0,593.0,335.0,593.0,1089.0,167281.0,168370.0,33.0,409.0,410.3291361821629,0.08042324341635312,1.490286135182318,94.6128941871903
336.0,592.0,369.0,592.0,336.0,592.0,1089.0,173056.0,174145.0,33.0,416.0,417.306841544684,0.07907850223075352,1.4916351733926358,94.53559999133722
336.0,592.0,369.0,592.0,336.0,592.0,1089.0,173056.0,174145.0,33.0,416.0,417.306841544684,0.07907850223075352,1.4916351733926358,94.53559999133722
336.0,592.0,369.0,592.0,336.0,592.0,1089.0,173056.0,174145.0,33.0,416.0,417.306841544684,0.07907850223075352,1.4916351733926358,94.53559999133722
337.0,592.0,370.0,592.0,337.0,592.0,1089.0,173889.0,174978.0,33.0,417.0,418.3037174111653,0.07889004717489315,1.4918242190535045,94.52476847283418
337.0,592.0,370.0,592.0,337.0,592.0,1089.0,168100.0,169189.0,33.0,410.0,411.32590484918404,0.08022835326187325,1.490481657134572,94.60169160452399
337.0,592.0,363.0,592.0,337.0,592.0,676.0,173056.0,173732.0,26.0,416.0,416.8117080889163,0.06237828615518054,1.5083775167989393,93.57633437499734
337.0,593.0,364.0,593.0,337.0,593.0,729.0,167281.0,168010.0,27.0,409.0,409.89022920777217,0.06587129449800516,1.5048773028175404,93.77688186352418
337.0,592.0,370.0,592.0,337.0,592.0,1089.0,168921.0,170010.0,33.0,411.0,412.3226891646881,0.08003440234359571,1.4906762337510824,94.59054318560602
337.0,592.0,370.0,592.0,337.0,592.0,1089.0,168921.0,170010.0,33.0,411.0,412.3226891646881,0.08003440234359571,1.4906762337510824,94.59054318560602
337.0,591.0,370.0,591.0,337.0,591.0,1089.0,169744.0,170833.0,33.0,412.0,413.3194890154588,0.07984138391007675,1.4908698718566418,94.57944853940455
337.0,592.0,370.0,592.0,337.0,592.0,1089.0,168921.0,170010.0,33.0,411.0,412.3226891646881,0.08003440234359571,1.4906762337510824,94.59054318560602
337.0,592.0,370.0,592.0,337.0,592.0,1089.0,168100.0,169189.0,33.0,410.0,411.32590484918404,0.08022835326187325,1.490481657134572,94.60169160452399
338.0,593.0,371.0,593.0,338.0,593.0,1089.0,167281.0,168370.0,33.0,409.0,410.3291361821629,0.08042324341635312,1.490286135182318,94.6128941871903
338.0,592.0,364.0,592.0,338.0,592.0,676.0,173889.0,174565.0,26.0,417.0,417.8097653238852,0.062229277910354396,1.5085268150958293,93.56778021269706
338.0,593.0,364.0,593.0,338.0,593.0,676.0,173056.0,173732.0,26.0,416.0,416.8117080889163,0.06237828615518054,1.5083775167989393,93.57633437499734
338.0,591.0,371.0,591.0,338.0,591.0,1089.0,168921.0,170010.0,33.0,411.0,412.3226891646881,0.08003440234359571,1.4906762337510824,94.59054318560602
338.0,590.0,371.0,590.0,338.0,590.0,1089.0,169744.0,170833.0,33.0,412.0,413.3194890154588,0.07984138391007675,1.4908698718566418,94.57944853940455
339.0,592.0,365.0,592.0,339.0,592.0,676.0,173056.0,173732.0,26.0,416.0,416.8117080889163,0.06237828615518054,1.5083775167989393,93.57633437499734
339.0,591.0,372.0,591.0,339.0,591.0,1089.0,173889.0,174978.0,33.0,417.0,418.3037174111653,0.07889004717489315,1.4918242190535045,94.52476847283418
339.0,591.0,372.0,591.0,339.0,591.0,1089.0,174724.0,175813.0,33.0,418.0,419.3006081560102,0.07870248542001067,1.492012365805753,94.51398845800125
339.0,590.0,373.0,590.0,339.0,590.0,1156.0,169744.0,170900.0,34.0,412.0,413.40053217188773,0.08224469335192618,1.4884586302899645,94.71760250456168
339.0,589.0,372.0,589.0,339.0,589.0,1089.0,169744.0,170833.0,33.0,412.0,413.3194890154588,0.07984138391007675,1.4908698718566418,94.57944853940455
340.0,597.0,373.0,597.0,340.0,597.0,1089.0,168921.0,170010.0,33.0,411.0,412.3226891646881,0.08003440234359571,1.4906762337510824,94.59054318560602
339.0,590.0,372.0,590.0,339.0,590.0,1089.0,174724.0,175813.0,33.0,418.0,419.3006081560102,0.07870248542001067,1.492012365805753,94.51398845800125
339.0,588.0,372.0,588.0,339.0,588.0,1089.0,176400.0,177489.0,33.0,420.0,421.2944338583172,0.07833001660567397,1.4923859880562549,94.49258147991532
339.0,588.0,372.0,588.0,339.0,588.0,1089.0,176400.0,177489.0,33.0,420.0,421.2944338583172,0.07833001660567397,1.4923859880562549,94.49258147991532
338.0,593.0,372.0,593.0,338.0,593.0,1156.0,172225.0,173381.0,34.0,415.0,416.39044177310313,0.08165413176925677,1.4890511849447832,94.68365162370974
339.0,590.0,373.0,590.0,339.0,590.0,1156.0,173889.0,175045.0,34.0,417.0,418.3837950972767,0.08126509773662434,1.4894415161899202,94.6612872907513
339.0,595.0,380.0,595.0,339.0,595.0,1681.0,169744.0,171425.0,41.0,412.0,414.03502267320334,0.09902543928599293,1.4716083279557368,95.68305371183236
339.0,591.0,380.0,591.0,339.0,591.0,1681.0,173056.0,174737.0,41.0,416.0,418.01554994999884,0.09808247565169344,1.4725559047060948,95.62876156327214
338.0,595.0,380.0,595.0,338.0,595.0,1764.0,169744.0,171508.0,42.0,412.0,414.13524361010377,0.1014161452038643,1.4692055238598218,95.82072424552504
338.0,592.0,379.0,592.0,338.0,592.0,1681.0,173056.0,174737.0,41.0,416.0,418.01554994999884,0.09808247565169344,1.4725559047060948,95.62876156327214
338.0,595.0,386.0,595.0,338.0,595.0,2304.0,171396.0,173700.0,48.0,414.0,416.77331968349415,0.11517052011979113,1.4553696664279718,96.61346048231476
339.0,596.0,387.0,596.0,339.0,596.0,2304.0,164836.0,167140.0,48.0,406.0,408.8275920238261,0.11740890521205966,1.4531159904068867,96.74258660671278
340.0,596.0,388.0,596.0,340.0,596.0,2304.0,165649.0,167953.0,48.0,407.0,409.8206924985609,0.11712439337154396,1.4534024788857927,96.72617202599234
333.0,596.0,389.0,596.0,333.0,596.0,3136.0,165649.0,168785.0,56.0,407.0,410.8345165635429,0.13630792385317655,1.4340627374894912,97.83425758487486
333.0,593.0,395.0,593.0,333.0,593.0,3844.0,163216.0,167060.0,62.0,404.0,408.72973955903916,0.15168947595271418,1.4185190221919923,98.72484686937447
333.0,596.0,402.0,596.0,333.0,596.0,4761.0,156025.0,160786.0,69.0,395.0,400.98129632191075,0.17207785159287403,1.3978577290548604,99.90865176541475
327.0,602.0,401.0,602.0,327.0,602.0,5476.0,146689.0,152165.0,74.0,383.0,390.0833244321013,0.18970305923159397,1.379936621590947,100.93545558729738
328.0,599.0,409.0,599.0,328.0,599.0,6561.0,150544.0,157105.0,81.0,388.0,396.36473102434326,0.20435723377977663,1.3649892879422643,101.79187472034079
324.0,598.0,410.0,598.0,324.0,598.0,7396.0,147456.0,154852.0,86.0,384.0,393.51238862328086,0.21854458077133102,1.350473578680085,102.62356359770261
325.0,599.0,409.0,599.0,325.0,599.0,7056.0,146689.0,153745.0,84.0,383.0,392.10330271498606,0.21422925902018816,1.3548936255939712,102.37031356428712
316.0,605.0,412.0,605.0,316.0,605.0,9216.0,142129.0,151345.0,96.0,377.0,389.03084710598466,0.2467670641393804,1.321453601597258,104.28628580611498
319.0,609.0,421.0,609.0,319.0,609.0,10404.0,136161.0,146565.0,102.0,369.0,382.8380858796575,0.26643117224252083,1.3011078650539836,105.45201064112969
314.0,617.0,422.0,617.0,314.0,617.0,11664.0,131769.0,143433.0,108.0,363.0,378.7254942567242,0.28516696561967053,1.2816157044103822,106.56882917959905
310.0,625.0,425.0,625.0,310.0,625.0,13225.0,131044.0,144269.0,115.0,362.0,379.82759246795115,0.3027689464390437,1.2631996980943687,107.62398861699289
312.0,625.0,440.0,625.0,312.0,625.0,16384.0,132496.0,148880.0,128.0,364.0,385.84971167541386,0.3317353781196465,1.2326537980902492,109.37413976865759
306.0,640.0,446.0,640.0,306.0,640.0,19600.0,127449.0,147049.0,140.0,357.0,383.46968589446544,0.3650875288184562,1.197069506829343,111.41296947487176
308.0,643.0,450.0,643.0,308.0,643.0,20164.0,128164.0,148328.0,142.0,358.0,385.133743003648,0.36870308712123145,1.1931829020748381,111.63565552394037
303.0,654.0,449.0,654.0,303.0,654.0,21316.0,128164.0,149480.0,146.0,358.0,386.62643468857635,0.3776254981571591,1.1835657474747896,112.18667789344798
305.0,666.0,457.0,666.0,305.0,666.0,23104.0,121801.0,144905.0,152.0,349.0,380.66389374354907,0.39930238327883405,1.1600405166598107,113.53457433121739
299.0,676.0,462.0,676.0,299.0,676.0,26569.0,118336.0,144905.0,163.0,344.0,380.66389374354907,0.428199266279276,1.1282971506762305,115.35333522961568
300.0,689.0,467.0,689.0,300.0,689.0,27889.0,115600.0,143489.0,167.0,340.0,378.79941921813975,0.4408665682347033,1.114232424573147,116.15918467532984
299.0,699.0,469.0,699.0,299.0,699.0,28900.0,111556.0,140456.0,170.0,334.0,374.77459892580765,0.45360598206831537,1.0999889356047259,116.97527647876151
299.0,709.0,471.0,709.0,299.0,709.0,29584.0,110889.0,140473.0,172.0,333.0,374.7972785386788,0.4589147516508707,1.0940229799884778,117.3171005563349
303.0,725.0,478.0,725.0,303.0,725.0,30625.0,106929.0,137554.0,175.0,327.0,370.88273079236245,0.4718472591757668,1.0794115629698338,118.15427308420882
304.0,740.0,481.0,740.0,304.0,740.0,31329.0,101761.0,133090.0,177.0,319.0,364.81502162054676,0.48517738993791254,1.064230303715386,119.02409516718261
302.0,752.0,487.0,752.0,302.0,752.0,34225.0,101761.0,135986.0,185.0,319.0,368.7627963881389,0.5016775060065426,1.0452594485611033,120.11104510127701
300.0,765.0,496.0,765.0,300.0,765.0,38416.0,98596.0,137012.0,196.0,314.0,370.1513204082892,0.5295131725690063,1.012769749074849,121.97256775948773
303.0,774.0,498.0,774.0,303.0,774.0,38025.0,97344.0,135369.0,195.0,312.0,367.92526415020757,0.5299989400031799,1.0121970114513343,122.00538320808349
302.0,790.0,512.0,790.0,302.0,790.0,44100.0,89401.0,133501.0,210.0,299.0,365.37788657771836,0.5747474264711189,0.9585008569679776,125.0819462360623
309.0,802.0,507.0,802.0,309.0,802.0,39204.0,88209.0,127413.0,198.0,297.0,356.9495762709349,0.5547001962252291,0.982793723247329,123.69006752597979
310.0,816.0,517.0,816.0,310.0,816.0,42849.0,83521.0,126370.0,207.0,289.0,355.4855833926321,0.5823020951355136,0.949238797084575,125.6126231769787
311.0,828.0,528.0,828.0,311.0,828.0,47089.0,81796.0,128885.0,217.0,286.0,359.0055709874152,0.6044474446542972,0.9217242449947496,127.18909088691856
312.0,833.0,532.0,833.0,312.0,833.0,48400.0,82944.0,131344.0,220.0,288.0,362.41412775994263,0.6070403528687064,0.9184654254060053,127.37580749554816
316.0,845.0,528.0,845.0,316.0,845.0,44944.0,81225.0,126169.0,212.0,285.0,355.2027589982938,0.5968422109047253,0.931236639033198,126.64407085545005
318.0,850.0,540.0,850.0,318.0,850.0,49284.0,80656.0,129940.0,222.0,284.0,360.4719129141687,0.615859355602166,0.9073200727211003,128.01438916557802
317.0,861.0,540.0,861.0,317.0,861.0,49729.0,81225.0,130954.0,223.0,285.0,361.8756692567214,0.6162337480661062,0.9068447802987083,128.04162141541562
320.0,869.0,547.0,869.0,320.0,869.0,51529.0,77841.0,129370.0,227.0,279.0,359.6804137008297,0.6311158221387365,0.8878054631889039,129.13249393061864
326.0,874.0,546.0,874.0,326.0,874.0,48400.0,78961.0,127361.0,220.0,281.0,356.87672941787616,0.6164593593952054,0.9065582806356347,128.05803663694167
332.0,882.0,545.0,882.0,332.0,882.0,45369.0,78400.0,123769.0,213.0,280.0,351.8081863743367,0.6054435577384781,0.9204732658451044,127.2607667124521
336.0,886.0,554.0,886.0,336.0,886.0,47524.0,77841.0,125365.0,218.0,279.0,354.0692022754874,0.6156988481319048,0.9075237833864535,128.00271740421147
344.0,888.0,560.0,888.0,344.0,888.0,46656.0,82369.0,129025.0,216.0,287.0,359.2005011132362,0.6013354639834064,0.9256248409359998,126.96560320189906
353.0,892.0,562.0,892.0,353.0,892.0,43681.0,83521.0,127202.0,209.0,289.0,356.65389385228923,0.5860022941080207,0.9446798937869376,125.87382909514159
356.0,892.0,563.0,892.0,356.0,892.0,42849.0,90000.0,132849.0,207.0,300.0,364.4845675745408,0.5679252797381233,0.9668133485418987,124.60567555163857
366.0,893.0,572.0,893.0,366.0,893.0,42436.0,95481.0,137917.0,206.0,309.0,371.3717813727909,0.5547001962252291,0.982793723247329,123.69006752597979
374.0,895.0,575.0,895.0,374.0,895.0,40401.0,97969.0,138370.0,201.0,313.0,371.9811823197512,0.5403499143330923,0.9999434213055096,122.70746220732234
382.0,899.0,578.0,899.0,382.0,899.0,38416.0,98596.0,137012.0,196.0,314.0,370.1513204082892,0.5295131725690063,1.012769749074849,121.97256775948773
393.0,902.0,580.0,902.0,393.0,902.0,34969.0,99856.0,134825.0,187.0,316.0,367.18523935474315,0.5092797312022026,1.03644868091049,120.61586490192755
407.0,901.0,585.0,901.0,407.0,901.0,31684.0,104329.0,136013.0,178.0,323.0,368.7994034702334,0.4826472015006032,1.0671215646213061,118.85843811980222
414.0,899.0,591.0,899.0,414.0,899.0,31329.0,105625.0,136954.0,177.0,325.0,370.0729657783719,0.4782840584632199,1.0720965750482214,118.5733910193064
424.0,900.0,600.0,900.0,424.0,900.0,30976.0,108241.0,139217.0,176.0,329.0,373.11794381937733,0.4717007126443638,1.0795777683548031,118.14475021711775
439.0,899.0,601.0,899.0,439.0,899.0,26244.0,108900.0,135144.0,162.0,330.0,367.6193683689694,0.4406731906394145,1.1144478582377877,116.1468412355809
449.0,898.0,607.0,898.0,449.0,898.0,24964.0,112896.0,137860.0,158.0,336.0,371.29503093900945,0.42553760980968736,1.1312404412190118,115.18469710363354
460.0,897.0,608.0,897.0,460.0,897.0,21904.0,112896.0,134800.0,148.0,336.0,367.1511950137164,0.40310368592010404,1.155890569104022,113.77234881136471
469.0,895.0,608.0,895.0,469.0,895.0,19321.0,114244.0,133565.0,139.0,338.0,365.4654566439898,0.3803369031820805,1.180635778081678,112.35455277377578
485.0,897.0,610.0,897.0,485.0,897.0,15625.0,112896.0,128521.0,125.0,336.0,358.49825662058663,0.348676730476524,1.2146374690640411,110.40639938417834
495.0,895.0,611.0,895.0,495.0,895.0,13456.0,113569.0,127025.0,116.0,337.0,356.4056677439347,0.3254718162432311,1.2392856564163433,108.9941622762437
506.0,890.0,617.0,890.0,506.0,890.0,12321.0,116964.0,129285.0,111.0,342.0,359.5622338344226,0.30870872843424146,1.256961174366988,107.98142969696403
517.0,887.0,618.0,887.0,517.0,887.0,10201.0,122500.0,132701.0,101.0,350.0,364.28148456928193,0.27725812120102694,1.2898571565742447,106.09662875355077
528.0,884.0,619.0,884.0,528.0,884.0,8281.0,123201.0,131482.0,91.0,351.0,362.60446770551516,0.25096215878372613,1.317122230656254,104.53445508054011
539.0,882.0,620.0,882.0,539.0,882.0,6561.0,127449.0,134010.0,81.0,357.0,366.0737630587584,0.22126688163390368,1.3476829657399951,102.78345394142436
545.0,879.0,616.0,879.0,545.0,879.0,5041.0,129600.0,134641.0,71.0,360.0,366.93459907727424,0.19349497207007132,1.376073128301226,101.15681744697551
552.0,877.0,618.0,877.0,552.0,877.0,4356.0,133225.0,137581.0,66.0,365.0,370.91912865205535,0.17793636106028926,1.3919073793919814,100.24958168772481
557.0,876.0,618.0,876.0,557.0,876.0,3721.0,134689.0,138410.0,61.0,367.0,372.03494459526246,0.16396309240886503,1.4060895406462488,99.43700370348132
562.0,875.0,619.0,875.0,562.0,875.0,3249.0,135424.0,138673.0,57.0,368.0,372.38823826753713,0.15306605886689995,1.4171261739277663,98.80465119641676
569.0,874.0,620.0,874.0,569.0,874.0,2601.0,135424.0,138025.0,51.0,368.0,371.51715976519847,0.13727495126263445,1.4330865335960157,97.89018994791525
574.0,873.0,620.0,873.0,574.0,873.0,2116.0,136161.0,138277.0,46.0,369.0,371.856154984693,0.12370374776207088,1.4467748879395674,97.10590501555016
579.0,872.0,625.0,872.0,579.0,872.0,2116.0,136900.0,139016.0,46.0,370.0,372.848494699925,0.12337450909389241,1.4471066681446374,97.08689541007367
585.0,877.0,626.0,877.0,585.0,877.0,1681.0,132496.0,134177.0,41.0,364.0,366.3017881474236,0.11192956552944518,1.4586317205703578,96.42655854741287
592.0,877.0,623.0,877.0,592.0,877.0,961.0,132496.0,133457.0,31.0,364.0,365.3176699805253,0.08485765279750244,1.4858365017760662,94.86783940174897
593.0,872.0,624.0,872.0,593.0,872.0,961.0,136900.0,137861.0,31.0,370.0,371.29637757457317,0.08349125354387223,1.487207767716431,94.78927165077602
600.0,878.0,626.0,878.0,600.0,878.0,676.0,133225.0,133901.0,26.0,365.0,365.92485567394846,0.0710528393927055,1.49968356605699,94.07446105980567
604.0,875.0,625.0,875.0,604.0,875.0,441.0,136900.0,137341.0,21.0,370.0,370.59546678285204,0.056665560920918685,1.5141003965863804,93.24843751651625
607.0,873.0,623.0,873.0,607.0,873.0,256.0,133956.0,134212.0,16.0,366.0,366.3495598468763,0.04367413463438456,1.527108296003495,92.5031397795849
608.0,875.0,624.0,875.0,608.0,875.0,256.0,133225.0,133481.0,16.0,365.0,365.3505166275258,0.04379356062690879,1.5269887556367765,92.50998893807932
609.0,876.0,625.0,876.0,609.0,876.0,256.0,133225.0,133481.0,16.0,365.0,365.3505166275258,0.04379356062690879,1.5269887556367765,92.50998893807932
615.0,875.0,626.0,875.0,615.0,875.0,121.0,133956.0,134077.0,11.0,366.0,366.16526323505894,0.030041080092675462,1.5407507263548557,91.72148609815075
617.0,874.0,627.0,874.0,617.0,874.0,100.0,133956.0,134056.0,10.0,366.0,366.1365865356807,0.027312211802208084,1.5434807182301347,91.56506908559226
619.0,874.0,624.0,874.0,619.0,874.0,25.0,134689.0,134714.0,5.0,367.0,367.03405836516043,0.013622713985374959,1.5571731914275648,90.78054816028352
616.0,873.0,621.0,873.0,616.0,873.0,25.0,136161.0,136186.0,5.0,369.0,369.0338737839658,0.013548891728370236,1.5572470204983655,90.77631806612126
622.0,875.0,627.0,875.0,622.0,875.0,25.0,133956.0,133981.0,5.0,366.0,366.0341514121326,0.013659927579736402,1.5571359743702602,90.78268054059296
623.0,876.0,628.0,876.0,623.0,876.0,25.0,132496.0,132521.0,5.0,364.0,364.0343390396021,0.013734968006565079,1.557060926902878,90.78698044373712
623.0,871.0,628.0,871.0,623.0,871.0,25.0,136161.0,136186.0,5.0,369.0,369.0338737839658,0.013548891728370236,1.5572470204983655,90.77631806612126
628.0,871.0,628.0,871.0,628.0,871.0,0.0,136900.0,136900.0,0.0,370.0,370.0,nan,nan,nan
628.0,871.0,628.0,871.0,628.0,871.0,0.0,136161.0,136161.0,0.0,369.0,369.0,nan,nan,nan
628.0,871.0,628.0,871.0,628.0,871.0,0.0,136161.0,136161.0,0.0,369.0,369.0,nan,nan,nan
628.0,871.0,628.0,871.0,628.0,871.0,0.0,136161.0,136161.0,0.0,369.0,369.0,nan,nan,nan
628.0,871.0,628.0,871.0,628.0,871.0,0.0,136161.0,136161.0,0.0,369.0,369.0,nan,nan,nan
628.0,872.0,628.0,872.0,628.0,872.0,0.0,135424.0,135424.0,0.0,368.0,368.0,nan,nan,nan
628.0,872.0,628.0,872.0,628.0,872.0,0.0,135424.0,135424.0,0.0,368.0,368.0,nan,nan,nan
628.0,872.0,628.0,872.0,628.0,872.0,0.0,135424.0,135424.0,0.0,368.0,368.0,nan,nan,nan
628.0,873.0,628.0,873.0,628.0,873.0,0.0,134689.0,134689.0,0.0,367.0,367.0,nan,nan,nan
628.0,872.0,628.0,872.0,628.0,872.0,0.0,135424.0,135424.0,0.0,368.0,368.0,nan,nan,nan
628.0,872.0,628.0,872.0,628.0,872.0,0.0,135424.0,135424.0,0.0,368.0,368.0,nan,nan,nan
628.0,872.0,623.0,872.0,628.0,872.0,25.0,135424.0,135449.0,5.0,368.0,368.03396582380816,0.013585702582662411,1.557210206255688,89.22157263314735
628.0,872.0,628.0,872.0,628.0,872.0,0.0,135424.0,135424.0,0.0,368.0,368.0,nan,nan,nan
628.0,871.0,628.0,871.0,628.0,871.0,0.0,136161.0,136161.0,0.0,369.0,369.0,nan,nan,nan
627.0,872.0,627.0,872.0,627.0,872.0,0.0,135424.0,135424.0,0.0,368.0,368.0,nan,nan,nan
623.0,872.0,628.0,872.0,623.0,872.0,25.0,135424.0,135449.0,5.0,368.0,368.03396582380816,0.013585702582662411,1.557210206255688,90.77842736685265
623.0,872.0,623.0,872.0,623.0,872.0,0.0,136161.0,136161.0,0.0,369.0,369.0,nan,nan,nan
623.0,873.0,628.0,873.0,623.0,873.0,25.0,135424.0,135449.0,5.0,368.0,368.03396582380816,0.013585702582662411,1.557210206255688,90.77842736685265
622.0,872.0,628.0,872.0,622.0,872.0,36.0,136161.0,136197.0,6.0,369.0,369.04877726392755,0.016258013492100157,1.554537596989767,90.93155659807748
622.0,872.0,628.0,872.0,622.0,872.0,36.0,135424.0,135460.0,6.0,368.0,368.0489097932502,0.016302181151332504,1.5544934234762344,90.93408755396916
622.0,867.0,627.0,867.0,622.0,867.0,25.0,139129.0,139154.0,5.0,373.0,373.0335105590381,0.013403621547315855,1.5573923038725668,90.7679939419461
555.0,881.0,617.0,881.0,555.0,881.0,3844.0,134689.0,138533.0,62.0,367.0,372.2002149381432,0.16657701288620674,1.403439172405426,99.58885861783598
555.0,875.0,617.0,875.0,555.0,875.0,3844.0,135424.0,139268.0,62.0,368.0,373.18628056240226,0.1661368684469436,1.403885536666638,99.56328382954305
554.0,875.0,616.0,875.0,554.0,875.0,3844.0,138384.0,142228.0,62.0,372.0,377.13127687848964,0.1643989873053573,1.4056476493802699,99.46232220802561
554.0,875.0,617.0,875.0,554.0,875.0,3969.0,134689.0,138658.0,63.0,367.0,372.36809745197024,0.16918742618149782,1.4007911754198783,99.74057766927123
555.0,874.0,617.0,874.0,555.0,874.0,3844.0,139129.0,142973.0,62.0,373.0,378.11770654123035,0.16397010488383318,1.406082431961569,99.43741100111137
555.0,875.0,617.0,875.0,555.0,875.0,3844.0,138384.0,142228.0,62.0,372.0,377.13127687848964,0.1643989873053573,1.4056476493802699,99.46232220802561
555.0,876.0,617.0,876.0,555.0,876.0,3844.0,133956.0,137800.0,62.0,366.0,371.2142238654117,0.16701946211651325,1.4029904368566044,99.61456927090094
556.0,875.0,618.0,875.0,556.0,875.0,3844.0,135424.0,139268.0,62.0,368.0,373.18628056240226,0.1661368684469436,1.403885536666638,99.56328382954305
556.0,875.0,618.0,875.0,556.0,875.0,3844.0,139129.0,142973.0,62.0,373.0,378.11770654123035,0.16397010488383318,1.406082431961569,99.43741100111137
555.0,875.0,617.0,875.0,555.0,875.0,3844.0,139129.0,142973.0,62.0,373.0,378.11770654123035,0.16397010488383318,1.406082431961569,99.43741100111137
555.0,876.0,618.0,876.0,555.0,876.0,3969.0,138384.0,142353.0,63.0,372.0,377.2969652674137,0.16697722430751066,1.403033276251686,99.61211475436588
550.0,876.0,617.0,876.0,550.0,876.0,4489.0,138384.0,142873.0,67.0,372.0,377.985449455399,0.17725550043403393,1.392599238170908,100.20994109967324
550.0,876.0,617.0,876.0,550.0,876.0,4489.0,134689.0,139178.0,67.0,367.0,373.06567786383135,0.1795930421250248,1.390223575148504,100.34605656440229
550.0,877.0,617.0,877.0,550.0,877.0,4489.0,133956.0,138445.0,67.0,366.0,372.0819802140383,0.18006784408494758,1.3897409045042683,100.37371155521184
549.0,878.0,621.0,878.0,549.0,878.0,5184.0,133956.0,139140.0,72.0,366.0,373.01474501686926,0.19302186029333468,1.3765553306134928,101.12918928961118
550.0,875.0,621.0,875.0,550.0,875.0,5041.0,134689.0,139730.0,71.0,367.0,373.80476187443094,0.18993872534949255,1.3796965914203347,100.94920830302927
550.0,876.0,621.0,876.0,550.0,876.0,5041.0,133956.0,138997.0,71.0,366.0,372.8230143110803,0.19043888728596087,1.3791871305601544,100.97839826014471
544.0,877.0,620.0,877.0,544.0,877.0,5776.0,133225.0,139001.0,76.0,365.0,372.8283787481849,0.20384714343682458,1.3655103467950647,101.7620202471974
544.0,883.0,625.0,883.0,544.0,883.0,6561.0,129600.0,136161.0,81.0,360.0,369.0,0.21951219512195122,1.3494818844471053,102.68038349181982
544.0,883.0,625.0,883.0,544.0,883.0,6561.0,129600.0,136161.0,81.0,360.0,369.0,0.21951219512195122,1.3494818844471053,102.68038349181982
539.0,885.0,625.0,885.0,539.0,885.0,7396.0,125316.0,132712.0,86.0,354.0,364.29658247093124,0.23607138836352465,1.3324753549130752,103.65478585828433
539.0,888.0,625.0,888.0,539.0,888.0,7396.0,124609.0,132005.0,86.0,353.0,363.3249234500711,0.236702726538435,1.3318256020617363,103.69201395439264
533.0,886.0,628.0,886.0,533.0,886.0,9025.0,126736.0,135761.0,95.0,356.0,368.45759593201495,0.2578315688124087,1.3100191098745115,104.94143392270563
528.0,893.0,628.0,893.0,528.0,893.0,10000.0,121801.0,131801.0,100.0,349.0,363.04407445928655,0.27544864944824893,1.2917399520810247,105.98875251732609
525.0,895.0,629.0,895.0,525.0,895.0,10816.0,121801.0,132617.0,104.0,349.0,364.16617086159994,0.28558391284380125,1.2811806664807652,106.59375501689422
515.0,899.0,634.0,899.0,515.0,899.0,14161.0,116281.0,130442.0,119.0,341.0,361.1675511448945,0.32948696421583884,1.2350361811371473,109.2376392748868
511.0,901.0,634.0,901.0,511.0,901.0,15129.0,114921.0,130050.0,123.0,339.0,360.62445840513925,0.3410750356311582,1.2227360551453323,109.94238458169697
501.0,906.0,632.0,906.0,501.0,906.0,17161.0,112225.0,129386.0,131.0,335.0,359.7026549804713,0.3641896944216665,1.1980337288091325,111.35772362491608
491.0,905.0,630.0,905.0,491.0,905.0,19321.0,113569.0,132890.0,139.0,337.0,364.5408070436011,0.3813016192268835,1.1795924464029324,112.4143312756002
484.0,911.0,633.0,911.0,484.0,911.0,22201.0,109561.0,131762.0,149.0,331.0,362.9903579986664,0.4104792227030653,1.1478167883023604,114.23494237601366
474.0,914.0,631.0,914.0,474.0,914.0,24649.0,108241.0,132890.0,157.0,329.0,364.5408070436011,0.43067880732820657,1.1255515480284026,115.51064667355615
468.0,916.0,629.0,916.0,468.0,916.0,25921.0,106929.0,132850.0,161.0,327.0,364.4859393721519,0.4417179995402067,1.1132836101519663,116.21354773720464
459.0,922.0,627.0,922.0,459.0,922.0,28224.0,100489.0,128713.0,168.0,317.0,358.7659404124087,0.4682718761064124,1.083462375405158,117.92217862806564
448.0,923.0,629.0,923.0,448.0,923.0,32761.0,99856.0,132617.0,181.0,316.0,364.16617086159994,0.4970258483146926,1.0506284145388611,119.80342601040215
436.0,926.0,625.0,926.0,436.0,926.0,35721.0,95481.0,131202.0,189.0,309.0,362.2181663031273,0.5217849836991134,1.0218543055973655,121.4520610119995
430.0,928.0,623.0,928.0,430.0,928.0,37249.0,94864.0,132113.0,193.0,308.0,363.4735203560226,0.5309877864306493,1.011030491128896,122.07221989927544
420.0,933.0,620.0,933.0,420.0,933.0,40000.0,93025.0,133025.0,200.0,305.0,364.72592449673766,0.5483569622202409,0.9903981394010224,123.25436657471205
408.0,933.0,616.0,933.0,408.0,933.0,43264.0,88804.0,132068.0,208.0,298.0,363.4116123626211,0.5723537523959263,0.9614229314636485,124.91452370003753
398.0,928.0,615.0,928.0,398.0,928.0,47089.0,91809.0,138898.0,217.0,303.0,372.6902198877776,0.5822530037556173,0.9492991808231609,125.6091634436065
387.0,930.0,612.0,930.0,387.0,930.0,50625.0,90601.0,141226.0,225.0,301.0,375.80047897787466,0.5987219617494073,0.928891810577925,126.77841962961938
376.0,932.0,602.0,932.0,376.0,932.0,51076.0,87025.0,138101.0,226.0,295.0,371.61942898616053,0.6081490427359126,0.9170695249167597,127.45578670220218
367.0,932.0,600.0,932.0,367.0,932.0,54289.0,85264.0,139553.0,233.0,292.0,373.5679322425842,0.6237152064987648,0.8973095645157556,128.58794903652534
358.0,930.0,596.0,930.0,358.0,930.0,56644.0,85849.0,142493.0,238.0,293.0,377.48244992317194,0.6304928879433721,0.888608273589963,129.08649628288873
353.0,922.0,591.0,922.0,353.0,922.0,56644.0,85849.0,142493.0,238.0,293.0,377.48244992317194,0.6304928879433721,0.888608273589963,129.08649628288873
344.0,923.0,586.0,923.0,344.0,923.0,58564.0,82369.0,140933.0,242.0,287.0,375.41044204976504,0.6446277804065984,0.8702600255290588,130.13777345823766
339.0,915.0,582.0,915.0,339.0,915.0,59049.0,82944.0,141993.0,243.0,288.0,376.8195854782498,0.6448709392097829,0.8699419189104464,130.15599962491933
335.0,904.0,572.0,904.0,335.0,904.0,56169.0,80656.0,136825.0,237.0,284.0,369.8986347636336,0.640716071178375,0.8753657696426731,129.8452358692538
329.0,899.0,571.0,899.0,329.0,899.0,58564.0,77841.0,136405.0,242.0,279.0,369.3304753198685,0.6552397274836566,0.8562964070897721,130.93782986153985
327.0,890.0,567.0,890.0,327.0,890.0,57600.0,78961.0,136561.0,240.0,281.0,369.5416079415145,0.649453254633193,0.8639311329757691,130.50039229053294
322.0,881.0,558.0,881.0,322.0,881.0,55696.0,77841.0,133537.0,236.0,279.0,365.4271473221441,0.6458195613801868,0.8687000894834458,130.22715120996162
319.0,868.0,560.0,868.0,319.0,868.0,58081.0,77841.0,135922.0,241.0,279.0,368.67600952597934,0.6536904864242803,0.8583454190059611,130.8204301265702
321.0,859.0,557.0,859.0,321.0,859.0,55696.0,78400.0,134096.0,236.0,280.0,366.1912068851463,0.6444720560262387,0.8704637033660934,130.12610357779522
318.0,842.0,547.0,842.0,318.0,842.0,52441.0,80656.0,133097.0,229.0,284.0,364.8246153975907,0.6276988731981058,0.8922026639079935,128.8805528877429
317.0,829.0,540.0,829.0,317.0,829.0,49729.0,80656.0,130385.0,223.0,284.0,361.08863177895813,0.6175769059838758,0.9051381797775043,128.13940242259545
316.0,818.0,537.0,818.0,316.0,818.0,48841.0,80089.0,128930.0,221.0,283.0,359.06823863995544,0.6154818951324762,0.9077990812911673,127.98694399616258
314.0,799.0,534.0,799.0,314.0,799.0,48400.0,80089.0,128489.0,220.0,283.0,358.4536232206337,0.6137474578254901,0.9099978361874308,127.86096462042296
319.0,786.0,530.0,786.0,319.0,786.0,44521.0,78400.0,122921.0,211.0,280.0,350.6009127198616,0.6018238753662173,0.925013419337689,127.00063507898541
318.0,768.0,526.0,768.0,318.0,768.0,43264.0,85849.0,129113.0,208.0,293.0,359.3229744950913,0.5788664092305111,0.9534585116520959,125.37085134150988
317.0,749.0,516.0,749.0,317.0,749.0,39601.0,89401.0,129002.0,199.0,299.0,359.1684841407999,0.5540575211548594,0.9835659238660437,123.64582368959005
316.0,730.0,511.0,730.0,316.0,730.0,38025.0,94249.0,132274.0,195.0,307.0,363.69492710237245,0.5361636510951708,1.0049106350097465,122.42286182613002
317.0,712.0,507.0,712.0,317.0,712.0,36100.0,99856.0,135956.0,190.0,316.0,368.72211758992705,0.5152932003154413,1.029446594234493,121.01705491624696
320.0,694.0,498.0,694.0,320.0,694.0,31684.0,106929.0,138613.0,178.0,327.0,372.307668467895,0.47809920416761276,1.0723070539935893,118.56133146406044
319.0,675.0,488.0,675.0,319.0,675.0,28561.0,117649.0,146210.0,169.0,343.0,382.37416230702615,0.44197546973454227,1.112996604347979,116.22999195846887
323.0,663.0,488.0,663.0,323.0,663.0,27225.0,112896.0,140121.0,165.0,336.0,374.3273968065923,0.4407906057841989,1.1143170537911824,116.15433577831291
326.0,648.0,484.0,648.0,326.0,648.0,24964.0,119025.0,143989.0,158.0,345.0,379.458825170795,0.41638246238938825,1.14133350865951,114.60640693695208
322.0,633.0,473.0,633.0,322.0,633.0,22801.0,127449.0,150250.0,151.0,357.0,387.62094886628614,0.38955582881071016,1.170647052379694,112.92686459921333
332.0,625.0,469.0,625.0,332.0,625.0,18769.0,126025.0,144794.0,137.0,355.0,380.5180679021694,0.36003546626653876,1.2024904179885996,111.102374144331
330.0,615.0,465.0,615.0,330.0,615.0,18225.0,128881.0,147106.0,135.0,359.0,383.5440000834324,0.3519804767396529,1.211110185312267,110.60849785630008
333.0,605.0,462.0,605.0,333.0,605.0,16641.0,136161.0,152802.0,129.0,369.0,390.8989639280207,0.3300085492775923,1.2344836950055158,109.2692943984688
331.0,600.0,453.0,600.0,331.0,600.0,14884.0,139129.0,154013.0,122.0,373.0,392.44490059115304,0.31087166584717313,1.254686324987213,108.11176896545308
341.0,596.0,446.0,596.0,341.0,596.0,11025.0,139876.0,150901.0,105.0,374.0,388.45977912777533,0.27029825387781664,1.297093523670917,105.68201545990412
340.0,593.0,439.0,593.0,340.0,593.0,9801.0,145924.0,155725.0,99.0,382.0,394.62007044751283,0.2508742139945659,1.3172130819324643,104.52924968584988
337.0,594.0,436.0,594.0,337.0,594.0,9801.0,145161.0,154962.0,99.0,381.0,393.6521306940939,0.2514910812890599,1.316575782623213,104.56576424655658
341.0,592.0,426.0,592.0,341.0,592.0,7225.0,147456.0,154681.0,85.0,384.0,393.295054634558,0.21612272770370916,1.3529547387023884,102.48140360012805
340.0,591.0,418.0,591.0,340.0,591.0,6084.0,152100.0,158184.0,78.0,390.0,397.7235220602372,0.19611613513818404,1.373400766945016,101.30993247402021
346.0,593.0,418.0,593.0,346.0,593.0,5184.0,153664.0,158848.0,72.0,392.0,398.5573986265968,0.18065152032833257,1.3891474967948847,100.40771131249005
346.0,586.0,413.0,586.0,346.0,586.0,4489.0,163216.0,167705.0,67.0,404.0,409.5180093719933,0.16360696835469157,1.4064505396132063,99.41631998626607
351.0,595.0,406.0,595.0,351.0,595.0,3025.0,160801.0,163826.0,55.0,401.0,404.75424642614934,0.13588492396468332,1.4344897101072271,97.80979385591094
350.0,593.0,406.0,593.0,350.0,593.0,3136.0,164836.0,167972.0,56.0,406.0,409.8438727125245,0.13663739713703102,1.433730152484709,97.85331330197822
348.0,595.0,397.0,595.0,348.0,595.0,2401.0,168100.0,170501.0,49.0,410.0,412.9176673381753,0.11866772452695638,1.4518483086937022,96.81521941864416
351.0,596.0,394.0,596.0,351.0,596.0,1849.0,170569.0,172418.0,43.0,413.0,415.23246501207007,0.10355644999663036,1.4670538890275673,95.94400384046656
351.0,594.0,387.0,594.0,351.0,594.0,1296.0,171396.0,172692.0,36.0,414.0,415.56226970214703,0.086629616364842,1.4840579881189115,94.9697407281103
351.0,588.0,388.0,588.0,351.0,588.0,1369.0,173889.0,175258.0,37.0,417.0,418.6382686759537,0.08838179107949586,1.48229906598043,95.07051954313741
358.0,590.0,388.0,590.0,358.0,590.0,900.0,170569.0,171469.0,30.0,413.0,414.0881548656035,0.0724483413676414,1.4982844579119994,94.15462405159602
359.0,593.0,381.0,593.0,359.0,593.0,484.0,168100.0,168584.0,22.0,410.0,410.58981964973265,0.05358145513390428,1.5171892000017428,93.07146211707038
359.0,591.0,374.0,591.0,359.0,591.0,225.0,171396.0,171621.0,15.0,414.0,414.27165000757657,0.036208125754503516,1.534580284722485,92.0750263614174
352.0,596.0,374.0,596.0,352.0,596.0,484.0,165649.0,166133.0,22.0,407.0,407.5941609002759,0.05397525801500045,1.5167948264189284,93.0940580589171
358.0,591.0,373.0,591.0,358.0,591.0,225.0,168921.0,169146.0,15.0,411.0,411.2736315398788,0.03647206834981721,1.534316167671947,92.09015915371067
356.0,590.0,371.0,590.0,356.0,590.0,225.0,170569.0,170794.0,15.0,413.0,413.27230732290786,0.03629568140475437,1.5344926714825964,92.0800462302925
355.0,583.0,370.0,583.0,355.0,583.0,225.0,176400.0,176625.0,15.0,420.0,420.267771783657,0.03569153051241248,1.5350972141155728,92.04540848888722
355.0,585.0,376.0,585.0,355.0,585.0,441.0,175561.0,176002.0,21.0,419.0,419.52592291776205,0.0500565015242611,1.5207188976251171,92.86922534029368
354.0,588.0,375.0,588.0,354.0,588.0,441.0,176400.0,176841.0,21.0,420.0,420.5246722845165,0.04993761694389223,1.5208379310729538,92.86240522611175
359.0,586.0,373.0,586.0,359.0,586.0,196.0,173889.0,174085.0,14.0,417.0,417.2349458039199,0.03355423638598891,1.5372357908381904,91.92287706851631
352.0,591.0,373.0,591.0,352.0,591.0,441.0,169744.0,170185.0,21.0,412.0,412.53484701295235,0.05090479059418867,1.5198695256136663,92.91789077178635
351.0,595.0,372.0,595.0,351.0,595.0,441.0,164836.0,165277.0,21.0,406.0,406.5427406804849,0.0516550854280401,1.5191182423124667,92.96093613416375
350.0,596.0,371.0,596.0,350.0,596.0,441.0,164025.0,164466.0,21.0,405.0,405.54407898525653,0.05178228727329897,1.5189908700038954,92.96823402987171
350.0,595.0,371.0,595.0,350.0,595.0,441.0,164836.0,165277.0,21.0,406.0,406.5427406804849,0.0516550854280401,1.5191182423124667,92.96093613416375
350.0,593.0,371.0,593.0,350.0,593.0,441.0,166464.0,166905.0,21.0,408.0,408.5400837127246,0.051402544908584015,1.519371118776921,92.94644738001232
349.0,595.0,370.0,595.0,349.0,595.0,441.0,164025.0,164466.0,21.0,405.0,405.54407898525653,0.05178228727329897,1.5189908700038954,92.96823402987171
353.0,593.0,367.0,593.0,353.0,593.0,196.0,165649.0,165845.0,14.0,407.0,407.2407150568322,0.0343777021363059,1.5364118496421866,91.97008542161429
347.0,593.0,360.0,593.0,347.0,593.0,169.0,165649.0,165818.0,13.0,407.0,407.20756378043865,0.03192475080597825,1.5388661506040024,91.82946433484734
353.0,592.0,360.0,592.0,353.0,592.0,49.0,171396.0,171445.0,7.0,414.0,414.0591745149478,0.01690579615389562,1.5538897252412418,90.96867691493374
353.0,593.0,360.0,593.0,353.0,593.0,49.0,165649.0,165698.0,7.0,407.0,407.060192109226,0.017196473975332124,1.5535990051535538,90.98533394897794
354.0,594.0,360.0,594.0,354.0,594.0,36.0,165649.0,165685.0,6.0,407.0,407.04422364160877,0.014740413084163639,1.5560553798595866,90.84459404541957
353.0,592.0,360.0,592.0,353.0,592.0,49.0,167281.0,167330.0,7.0,409.0,409.05989781448875,0.01711240832308266,1.5536830831777624,90.98051663304098
354.0,593.0,361.0,593.0,354.0,593.0,49.0,166464.0,166513.0,7.0,408.0,408.0600446012817,0.017154338173049382,1.5536411471721316,90.98291938917326
346.0,589.0,360.0,589.0,346.0,589.0,196.0,170569.0,170765.0,14.0,413.0,413.23722000807237,0.03387884566575711,1.536910996890779,91.94148639091438
345.0,592.0,359.0,592.0,345.0,592.0,196.0,168921.0,169117.0,14.0,411.0,411.2383736958408,0.034043515623750256,1.536746231888357,91.95092673016462
344.0,589.0,357.0,589.0,344.0,589.0,169.0,171396.0,171565.0,13.0,414.0,414.2040559917298,0.03138549662164478,1.5394056751770984,91.79855185386535
343.0,592.0,356.0,592.0,343.0,592.0,169.0,169744.0,169913.0,13.0,412.0,412.20504606324266,0.03153770222891806,1.5392533941847004,91.8072769120298
342.0,594.0,356.0,594.0,342.0,594.0,196.0,168100.0,168296.0,14.0,410.0,410.23895475685873,0.03412645200477743,1.536663247288118,91.9556813975229
342.0,594.0,355.0,594.0,342.0,594.0,169.0,168100.0,168269.0,13.0,410.0,410.2060457867485,0.03169139054268897,1.5390996290089938,91.8160870076339
342.0,596.0,355.0,596.0,342.0,596.0,169.0,166464.0,166633.0,13.0,408.0,408.2070553040454,0.0318465833235469,1.5389443578530533,91.8249833895494
341.0,591.0,355.0,591.0,341.0,591.0,196.0,165649.0,165845.0,14.0,407.0,407.2407150568322,0.0343777021363059,1.5364118496421866,91.97008542161429
341.0,591.0,354.0,591.0,341.0,591.0,169.0,170569.0,170738.0,13.0,413.0,413.2045498297423,0.03146141543058165,1.5393297188579707,91.80290383037871
340.0,596.0,353.0,596.0,340.0,596.0,169.0,165649.0,165818.0,13.0,407.0,407.20756378043865,0.03192475080597825,1.5388661506040024,91.82946433484734
338.0,589.0,352.0,589.0,338.0,589.0,196.0,173056.0,173252.0,14.0,416.0,416.2355102583152,0.03363480446757563,1.5371551772538243,91.9274958866719
338.0,590.0,351.0,590.0,338.0,590.0,169.0,171396.0,171565.0,13.0,414.0,414.2040559917298,0.03138549662164478,1.5394056751770984,91.79855185386535
337.0,591.0,351.0,591.0,337.0,591.0,196.0,171396.0,171592.0,14.0,414.0,414.2366473406234,0.033797106291486356,1.5369927831014416,91.93680038622104
337.0,591.0,350.0,591.0,337.0,591.0,169.0,176400.0,176569.0,13.0,420.0,420.2011423116315,0.030937564635078695,1.5398538248061004,91.77287477153317
337.0,592.0,350.0,592.0,337.0,592.0,169.0,175561.0,175730.0,13.0,419.0,419.2016221342661,0.031011330380387295,1.5397800236492594,91.77710326634335
330.0,592.0,350.0,592.0,330.0,592.0,400.0,175561.0,175961.0,20.0,419.0,419.47705539159114,0.047678412306316864,1.523099831977408,92.73280785060969
329.0,593.0,349.0,593.0,329.0,593.0,400.0,169744.0,170144.0,20.0,412.0,412.48515124789645,0.04848659385554547,1.522290714554513,92.77916686407208
329.0,593.0,349.0,593.0,329.0,593.0,400.0,174724.0,175124.0,20.0,418.0,418.4781953698424,0.04779221527258884,1.5229858991299217,92.73933572191858
329.0,593.0,355.0,593.0,329.0,593.0,676.0,173889.0,174565.0,26.0,417.0,417.8097653238852,0.062229277910354396,1.5085268150958293,93.56778021269706
331.0,596.0,350.0,596.0,331.0,596.0,361.0,172225.0,172586.0,19.0,415.0,415.4347120788055,0.04573522492842585,1.5250451426960348,92.62134975659083
330.0,596.0,350.0,596.0,330.0,596.0,400.0,172225.0,172625.0,20.0,415.0,415.4816482108446,0.048136903485688005,1.5226408137349812,92.75910765862027
330.0,595.0,350.0,595.0,330.0,595.0,400.0,173056.0,173456.0,20.0,416.0,416.48049174000937,0.0480214569389366,1.522756393947134,92.75248540026868
330.0,596.0,350.0,596.0,330.0,596.0,400.0,172225.0,172625.0,20.0,415.0,415.4816482108446,0.048136903485688005,1.5226408137349812,92.75910765862027
330.0,595.0,350.0,595.0,330.0,595.0,400.0,172225.0,172625.0,20.0,415.0,415.4816482108446,0.048136903485688005,1.5226408137349812,92.75910765862027
330.0,596.0,350.0,596.0,330.0,596.0,400.0,172225.0,172625.0,20.0,415.0,415.4816482108446,0.048136903485688005,1.5226408137349812,92.75910765862027
330.0,594.0,350.0,594.0,330.0,594.0,400.0,173056.0,173456.0,20.0,416.0,416.48049174000937,0.0480214569389366,1.522756393947134,92.75248540026868
324.0,595.0,350.0,595.0,324.0,595.0,676.0,172225.0,172901.0,26.0,415.0,415.81366018927275,0.06252800831065808,1.5082275017985645,93.58492960138248
329.0,596.0,349.0,596.0,329.0,596.0,400.0,171396.0,171796.0,20.0,414.0,414.48281025876094,0.0482529058020863,1.5225246764612452,92.76576183424949
323.0,597.0,349.0,597.0,323.0,597.0,676.0,170569.0,171245.0,26.0,413.0,413.81759266614074,0.0628296149336895,1.5079253009720623,93.60224443330641
323.0,596.0,349.0,596.0,323.0,596.0,676.0,171396.0,172072.0,26.0,414.0,414.81562169233695,0.06267844950951207,1.5080767649283078,93.59356618786519
323.0,596.0,349.0,596.0,323.0,596.0,676.0,170569.0,171245.0,26.0,413.0,413.81759266614074,0.0628296149336895,1.5079253009720623,93.60224443330641
325.0,594.0,351.0,594.0,325.0,594.0,676.0,171396.0,172072.0,26.0,414.0,414.81562169233695,0.06267844950951207,1.5080767649283078,93.59356618786519
324.0,594.0,351.0,594.0,324.0,594.0,729.0,171396.0,172125.0,27.0,414.0,414.87950057817994,0.06507913734559685,1.5056711634605107,93.73139699916045
325.0,594.0,351.0,594.0,325.0,594.0,676.0,171396.0,172072.0,26.0,414.0,414.81562169233695,0.06267844950951207,1.5080767649283078,93.59356618786519
324.0,595.0,351.0,595.0,324.0,595.0,729.0,170569.0,171298.0,27.0,413.0,413.8816255887666,0.06523604415052539,1.5055139225162644,93.74040624163241
324.0,593.0,350.0,593.0,324.0,593.0,676.0,177241.0,177917.0,26.0,421.0,421.80208629166356,0.06164028307347388,1.5091169428694433,93.53396838189552
323.0,592.0,349.0,592.0,323.0,592.0,676.0,172225.0,172901.0,26.0,415.0,415.81366018927275,0.06252800831065808,1.5082275017985645,93.58492960138248
323.0,590.0,349.0,590.0,323.0,590.0,676.0,173889.0,174565.0,26.0,417.0,417.8097653238852,0.062229277910354396,1.5085268150958293,93.56778021269706
323.0,596.0,349.0,596.0,323.0,596.0,676.0,169744.0,170420.0,26.0,412.0,412.8195731793734,0.06298150981494957,1.5077731046634126,93.61096463944952
323.0,595.0,350.0,595.0,323.0,595.0,729.0,170569.0,171298.0,27.0,413.0,413.8816255887666,0.06523604415052539,1.5055139225162644,93.74040624163241
323.0,596.0,350.0,596.0,323.0,596.0,729.0,169744.0,170473.0,27.0,412.0,412.88376088192183,0.06539370776493574,1.505355921522758,93.7494590317192
324.0,595.0,350.0,595.0,324.0,595.0,676.0,175561.0,176237.0,26.0,419.0,419.80590753346956,0.06193338286438267,1.5088232819997258,93.55079391033848
324.0,594.0,351.0,594.0,324.0,594.0,729.0,170569.0,171298.0,27.0,413.0,413.8816255887666,0.06523604415052539,1.5055139225162644,93.74040624163241
324.0,594.0,350.0,594.0,324.0,594.0,676.0,171396.0,172072.0,26.0,414.0,414.81562169233695,0.06267844950951207,1.5080767649283078,93.59356618786519
324.0,594.0,351.0,594.0,324.0,594.0,729.0,171396.0,172125.0,27.0,414.0,414.87950057817994,0.06507913734559685,1.5056711634605107,93.73139699916045
324.0,595.0,351.0,595.0,324.0,595.0,729.0,170569.0,171298.0,27.0,413.0,413.8816255887666,0.06523604415052539,1.5055139225162644,93.74040624163241
323.0,594.0,350.0,594.0,323.0,594.0,729.0,171396.0,172125.0,27.0,414.0,414.87950057817994,0.06507913734559685,1.5056711634605107,93.73139699916045
324.0,595.0,351.0,595.0,324.0,595.0,729.0,170569.0,171298.0,27.0,413.0,413.8816255887666,0.06523604415052539,1.5055139225162644,93.74040624163241
325.0,592.0,352.0,592.0,325.0,592.0,729.0,173056.0,173785.0,27.0,416.0,416.8752811093505,0.06476757251749267,1.5059833870024284,93.71350790794394
325.0,593.0,352.0,593.0,325.0,593.0,729.0,172225.0,172954.0,27.0,415.0,415.87738577614437,0.064922981925575,1.505827649818839,93.72243099127687
326.0,593.0,352.0,593.0,326.0,593.0,676.0,172225.0,172901.0,26.0,415.0,415.81366018927275,0.06252800831065808,1.5082275017985645,93.58492960138248
326.0,594.0,352.0,594.0,326.0,594.0,676.0,171396.0,172072.0,26.0,414.0,414.81562169233695,0.06267844950951207,1.5080767649283078,93.59356618786519
326.0,592.0,353.0,592.0,326.0,592.0,729.0,173056.0,173785.0,27.0,416.0,416.8752811093505,0.06476757251749267,1.5059833870024284,93.71350790794394
326.0,592.0,353.0,592.0,326.0,592.0,729.0,173056.0,173785.0,27.0,416.0,416.8752811093505,0.06476757251749267,1.5059833870024284,93.71350790794394
324.0,594.0,351.0,594.0,324.0,594.0,729.0,167281.0,168010.0,27.0,409.0,409.89022920777217,0.06587129449800516,1.5048773028175404,93.77688186352418
322.0,594.0,355.0,594.0,322.0,594.0,1089.0,166464.0,167553.0,33.0,408.0,409.332383277942,0.08061907962359424,1.4900896610033396,94.62415132842906
322.0,592.0,349.0,592.0,322.0,592.0,729.0,173889.0,174618.0,27.0,417.0,417.8731865051884,0.06461290379937971,1.5061383803709154,93.70462744207711
322.0,593.0,349.0,593.0,322.0,593.0,729.0,173056.0,173785.0,27.0,416.0,416.8752811093505,0.06476757251749267,1.5059833870024284,93.71350790794394
322.0,593.0,349.0,593.0,322.0,593.0,729.0,173056.0,173785.0,27.0,416.0,416.8752811093505,0.06476757251749267,1.5059833870024284,93.71350790794394
322.0,593.0,349.0,593.0,322.0,593.0,729.0,173056.0,173785.0,27.0,416.0,416.8752811093505,0.06476757251749267,1.5059833870024284,93.71350790794394
323.0,592.0,356.0,592.0,323.0,592.0,1089.0,168921.0,170010.0,33.0,411.0,412.3226891646881,0.08003440234359571,1.4906762337510824,94.59054318560602
323.0,591.0,357.0,591.0,323.0,591.0,1156.0,169744.0,170900.0,34.0,412.0,413.40053217188773,0.08224469335192618,1.4884586302899645,94.71760250456168
330.0,590.0,357.0,590.0,330.0,590.0,729.0,169744.0,170473.0,27.0,412.0,412.88376088192183,0.06539370776493574,1.505355921522758,93.7494590317192
324.0,591.0,357.0,591.0,324.0,591.0,1089.0,169744.0,170833.0,33.0,412.0,413.3194890154588,0.07984138391007675,1.4908698718566418,94.57944853940455
323.0,596.0,351.0,596.0,323.0,596.0,784.0,165649.0,166433.0,28.0,407.0,407.962008035062,0.06863384199636932,1.5021084857762568,93.93552339423364
330.0,587.0,357.0,587.0,330.0,587.0,729.0,173056.0,173785.0,27.0,416.0,416.8752811093505,0.06476757251749267,1.5059833870024284,93.71350790794394
324.0,595.0,351.0,595.0,324.0,595.0,729.0,166464.0,167193.0,27.0,408.0,408.8924063858364,0.06603204065013239,1.5047162059281038,93.78611203538159
331.0,590.0,352.0,590.0,331.0,590.0,441.0,170569.0,171010.0,21.0,413.0,413.533553656774,0.050781852679914946,1.519992622736675,92.91083782616775
325.0,595.0,353.0,595.0,325.0,595.0,784.0,166464.0,167248.0,28.0,408.0,408.95965571190516,0.06846641131692663,1.5022763112362012,93.92590770368398
325.0,595.0,353.0,595.0,325.0,595.0,784.0,166464.0,167248.0,28.0,408.0,408.95965571190516,0.06846641131692663,1.5022763112362012,93.92590770368398
325.0,595.0,359.0,595.0,325.0,595.0,1156.0,166464.0,167620.0,34.0,408.0,409.41421567893804,0.08304547985373996,1.4876550949064553,94.76364169072617
326.0,589.0,353.0,589.0,326.0,589.0,729.0,171396.0,172125.0,27.0,414.0,414.87950057817994,0.06507913734559685,1.5056711634605107,93.73139699916045
327.0,594.0,354.0,594.0,327.0,594.0,729.0,167281.0,168010.0,27.0,409.0,409.89022920777217,0.06587129449800516,1.5048773028175404,93.77688186352418
328.0,592.0,355.0,592.0,328.0,592.0,729.0,168921.0,169650.0,27.0,411.0,411.8859065323794,0.06555213366563069,1.5051971549638579,93.75855568547199
328.0,592.0,355.0,592.0,328.0,592.0,729.0,169744.0,170473.0,27.0,412.0,412.88376088192183,0.06539370776493574,1.505355921522758,93.7494590317192
328.0,592.0,356.0,592.0,328.0,592.0,784.0,169744.0,170528.0,28.0,412.0,412.95036021294374,0.06780475983980594,1.5029395039385927,93.88790956083308
329.0,592.0,356.0,592.0,329.0,592.0,729.0,169744.0,170473.0,27.0,412.0,412.88376088192183,0.06539370776493574,1.505355921522758,93.7494590317192
330.0,593.0,357.0,593.0,330.0,593.0,729.0,168921.0,169650.0,27.0,411.0,411.8859065323794,0.06555213366563069,1.5051971549638579,93.75855568547199
330.0,592.0,358.0,592.0,330.0,592.0,784.0,169744.0,170528.0,28.0,412.0,412.95036021294374,0.06780475983980594,1.5029395039385927,93.88790956083308
331.0,591.0,365.0,591.0,331.0,591.0,1156.0,169744.0,170900.0,34.0,412.0,413.40053217188773,0.08224469335192618,1.4884586302899645,94.71760250456168
332.0,591.0,366.0,591.0,332.0,591.0,1156.0,170569.0,171725.0,34.0,413.0,414.3971524998694,0.08204689582178226,1.4886570985791303,94.7062311092253
332.0,593.0,366.0,593.0,332.0,593.0,1156.0,169744.0,170900.0,34.0,412.0,413.40053217188773,0.08224469335192618,1.4884586302899645,94.71760250456168
332.0,598.0,367.0,598.0,332.0,598.0,1225.0,164025.0,165250.0,35.0,405.0,406.5095324835569,0.08609884197836304,1.4845907531191178,94.93921554212619
332.0,598.0,367.0,598.0,332.0,598.0,1225.0,164025.0,165250.0,35.0,405.0,406.5095324835569,0.08609884197836304,1.4845907531191178,94.93921554212619
333.0,598.0,375.0,598.0,333.0,598.0,1764.0,164836.0,166600.0,42.0,406.0,408.16663263917104,0.1028991510855053,1.4677147182721964,95.9061411137705
333.0,599.0,375.0,599.0,333.0,599.0,1764.0,164836.0,166600.0,42.0,406.0,408.16663263917104,0.1028991510855053,1.4677147182721964,95.9061411137705
332.0,595.0,375.0,595.0,332.0,595.0,1849.0,168100.0,169949.0,43.0,410.0,412.24871133819204,0.10430596583411647,1.46630029205843,95.98718176625198
332.0,597.0,382.0,597.0,332.0,597.0,2500.0,161604.0,164104.0,50.0,402.0,405.0975191234822,0.12342707037107022,1.4470537020429919,97.08993014415522
332.0,599.0,382.0,599.0,332.0,599.0,2500.0,160801.0,163301.0,50.0,401.0,404.1051843270512,0.12373016219344987,1.4467482690095215,97.10743016789695
330.0,601.0,386.0,601.0,330.0,601.0,3136.0,154449.0,157585.0,56.0,393.0,396.9697721489635,0.14106867557408354,1.4292555244022378,98.10969060599453
330.0,600.0,393.0,600.0,330.0,600.0,3969.0,151321.0,155290.0,63.0,389.0,394.06852196033117,0.15987067347221884,1.4102366868365015,99.19938972975609
331.0,600.0,393.0,600.0,331.0,600.0,3844.0,145924.0,149768.0,62.0,382.0,386.9987080081793,0.16020725319498902,1.4098957121867561,99.21892613810745
325.0,601.0,400.0,601.0,325.0,601.0,5625.0,146689.0,152314.0,75.0,383.0,390.2742625385384,0.19217254940708262,1.3774208457911783,101.07959892282528
325.0,604.0,406.0,604.0,325.0,604.0,6561.0,142884.0,149445.0,81.0,378.0,386.5811687084615,0.20952908873087348,1.35970299357215,102.0947570770121
326.0,601.0,406.0,601.0,326.0,601.0,6400.0,143641.0,150041.0,80.0,379.0,387.351261776698,0.2065308878382298,1.3627682562401813,101.9191304630349
324.0,608.0,415.0,608.0,324.0,608.0,8281.0,139129.0,147410.0,91.0,373.0,383.94009949469984,0.23701613902732302,1.3315030098653204,103.71049712575112
324.0,611.0,422.0,611.0,324.0,611.0,9604.0,137641.0,147245.0,98.0,371.0,383.7251620626409,0.2553911228370322,1.312544106983858,104.79676224505734
320.0,617.0,429.0,617.0,320.0,617.0,11881.0,130321.0,142202.0,109.0,361.0,377.09680454758563,0.28905044722076223,1.2775615306346177,106.80111622636298
322.0,621.0,438.0,621.0,322.0,621.0,13456.0,129600.0,143056.0,116.0,360.0,378.2274448000832,0.30669376745337246,1.2590788805456303,107.86009407067905
315.0,627.0,443.0,627.0,315.0,627.0,16384.0,128164.0,144548.0,128.0,358.0,380.1946869697156,0.3366696179270802,1.2274185293472075,109.67409857225063
317.0,628.0,456.0,628.0,317.0,628.0,19321.0,129600.0,148921.0,139.0,360.0,385.9028375122422,0.3601942937141281,1.2023201681315518,111.11212874260254
313.0,638.0,462.0,638.0,313.0,638.0,22201.0,125316.0,147517.0,149.0,354.0,384.0794188706289,0.3879405994680186,1.172400175646623,112.8264180350521
313.0,645.0,465.0,645.0,313.0,645.0,23104.0,124609.0,147713.0,152.0,353.0,384.33448973517847,0.3954888360519868,1.1641963084850195,113.29646499909795
311.0,654.0,468.0,654.0,311.0,654.0,24649.0,123201.0,147850.0,157.0,351.0,384.5126785946076,0.4083090330696881,1.150195450329988,114.09865508094258
308.0,663.0,477.0,663.0,308.0,663.0,28561.0,114244.0,142805.0,169.0,338.0,377.89548819746443,0.4472135954999579,1.1071487177940904,116.56505117707799
304.0,672.0,477.0,672.0,304.0,672.0,29929.0,114921.0,144850.0,173.0,339.0,380.5916446797013,0.4545554334110343,1.0989232863824923,117.0363336816369
301.0,684.0,483.0,684.0,301.0,684.0,33124.0,112896.0,146020.0,182.0,336.0,382.12563379077307,0.4762831485407526,1.0743735733900148,118.44292862436333
303.0,696.0,483.0,696.0,303.0,696.0,32400.0,105625.0,138025.0,180.0,325.0,371.51715976519847,0.4844998279857687,1.0650050112004932,118.97970769792877
299.0,705.0,487.0,705.0,299.0,705.0,35344.0,102400.0,137744.0,188.0,320.0,371.1387880564358,0.5065490486308655,1.0396187075691319,120.4342357534434
296.0,722.0,493.0,722.0,296.0,722.0,38809.0,95481.0,134290.0,197.0,309.0,366.4560000873229,0.5375815922049492,1.003229939102799,122.51915860824303
302.0,733.0,503.0,733.0,302.0,733.0,40401.0,94864.0,135265.0,201.0,308.0,367.78390394360656,0.5465165762959,0.992597330726625,123.12836219341324
300.0,747.0,503.0,747.0,300.0,747.0,41209.0,90000.0,131209.0,203.0,300.0,362.22782885913114,0.5604207734103882,0.9759025612754998,124.08490202290665
300.0,760.0,507.0,760.0,300.0,760.0,42849.0,88209.0,131058.0,207.0,297.0,362.0193365001378,0.5717926616881726,0.962107019467485,124.87532834460217
304.0,775.0,509.0,775.0,304.0,775.0,42025.0,82944.0,124969.0,205.0,288.0,353.50954725438464,0.5798994725663872,0.9521910353186104,125.44347238605133
301.0,785.0,516.0,785.0,301.0,785.0,46225.0,81225.0,127450.0,215.0,285.0,357.0014005574768,0.602238533698372,0.9244941048795197,127.03038960567864
303.0,794.0,521.0,794.0,303.0,794.0,47524.0,79524.0,127048.0,218.0,282.0,356.43793288593736,0.61160718286895,0.9127059052683023,127.70580369145915
302.0,808.0,523.0,808.0,302.0,808.0,48841.0,75076.0,123917.0,221.0,274.0,352.0184654247558,0.6278079751678223,0.8920625042826704,128.88858344273206
308.0,822.0,524.0,822.0,308.0,822.0,46656.0,71824.0,118480.0,216.0,268.0,344.20923869065456,0.6275252832307678,0.8924256364468226,128.86777750232068
310.0,831.0,531.0,831.0,310.0,831.0,48841.0,71289.0,120130.0,221.0,267.0,346.5977495599185,0.6376267597830849,0.8793827520533306,129.61507973074484
311.0,838.0,535.0,838.0,311.0,838.0,50176.0,72900.0,123076.0,224.0,270.0,350.821892133316,0.6385006324373783,0.8782478281199986,129.68010608219313
313.0,851.0,541.0,851.0,313.0,851.0,51984.0,69696.0,121680.0,228.0,264.0,348.82660448996717,0.6536198703460925,0.8584387287005675,130.8150838748816
320.0,858.0,542.0,858.0,320.0,858.0,49284.0,69169.0,118453.0,222.0,263.0,344.17001612575143,0.6450300421257108,0.8697337301556471,130.1679279619114
323.0,865.0,551.0,865.0,323.0,865.0,51984.0,71824.0,123808.0,228.0,268.0,351.86360993998795,0.6479783460383598,0.8658691746629092,130.38935068133938
322.0,875.0,552.0,875.0,322.0,875.0,52900.0,70225.0,123125.0,230.0,265.0,350.891721190455,0.6554728598887687,0.8559877532163219,130.9555144258189
327.0,880.0,560.0,880.0,327.0,880.0,54289.0,71289.0,125578.0,233.0,267.0,354.36986327846785,0.6575051214693897,0.8532936425605093,131.10987559593818
331.0,885.0,561.0,885.0,331.0,885.0,52900.0,72361.0,125261.0,230.0,269.0,353.92230785865985,0.6498601384907654,0.86339591982087,130.53105774544852
335.0,891.0,569.0,891.0,335.0,891.0,54756.0,71824.0,126580.0,234.0,268.0,355.7808314116993,0.6577082836967738,0.8530239682384565,131.12532679643485
342.0,892.0,567.0,892.0,342.0,892.0,50625.0,74529.0,125154.0,225.0,273.0,353.7711124441904,0.636004444923397,0.8814868789148153,129.49452214202165
347.0,899.0,571.0,899.0,347.0,899.0,50176.0,76176.0,126352.0,224.0,276.0,355.4602650086223,0.6301688882006727,0.8890256233943199,129.0625839005185
356.0,900.0,570.0,900.0,356.0,900.0,45796.0,78961.0,124757.0,214.0,281.0,353.20956951928696,0.6058725993501559,0.9199340825589244,127.2916596391342
362.0,899.0,577.0,899.0,362.0,899.0,46225.0,82369.0,128594.0,215.0,287.0,358.6000557724441,0.5995537271651514,0.9278529424278891,126.837942390087
372.0,902.0,580.0,902.0,372.0,902.0,43264.0,86436.0,129700.0,208.0,294.0,360.1388621073821,0.5775549985993483,0.9550658545950333,125.27875737464943
378.0,906.0,582.0,906.0,378.0,906.0,41616.0,87025.0,128641.0,204.0,295.0,358.66558240232644,0.5687749536312263,0.9657806703703448,124.66484365246389
388.0,905.0,584.0,905.0,388.0,905.0,38416.0,93025.0,131441.0,196.0,305.0,362.5479278660961,0.5406181774465717,0.9996245745036704,122.72573078337896
399.0,910.0,587.0,910.0,399.0,910.0,35344.0,92416.0,127760.0,188.0,304.0,357.4353088322417,0.5259693022891472,1.0169419343230988,121.7335191534163
404.0,907.0,589.0,907.0,404.0,907.0,34225.0,97344.0,131569.0,185.0,312.0,362.7244132947216,0.5100290832910753,1.0355777252566434,120.66576698503602
414.0,905.0,605.0,905.0,414.0,905.0,36481.0,101761.0,138242.0,191.0,319.0,371.80909079795236,0.5137044917059136,1.0312993354877125,120.9109006619077
425.0,910.0,606.0,910.0,425.0,910.0,32761.0,101761.0,134522.0,181.0,319.0,366.77240899500606,0.4934940457924808,1.054693828445969,119.57049495155108
435.0,910.0,607.0,910.0,435.0,910.0,29584.0,101761.0,131345.0,172.0,319.0,362.41550739448223,0.4745933782926715,1.0762943150635644,118.33287823293406
445.0,906.0,611.0,906.0,445.0,906.0,27556.0,104329.0,131885.0,166.0,323.0,363.1597444651596,0.4570991210616559,1.0960654277952846,117.20007691712912
460.0,905.0,611.0,905.0,460.0,905.0,22801.0,110889.0,133690.0,151.0,333.0,365.6364314452268,0.41297854101450543,1.1450742204735962,114.39207993763021
470.0,904.0,617.0,904.0,470.0,904.0,21609.0,108241.0,129850.0,147.0,329.0,360.347054934545,0.40794006219005097,1.1505996131856213,114.07549825507883
480.0,904.0,615.0,904.0,480.0,904.0,18225.0,111556.0,129781.0,135.0,334.0,360.25130117738644,0.3747384105450503,1.1866817179188607,112.0081459379152
491.0,901.0,617.0,901.0,491.0,901.0,15876.0,112896.0,128772.0,126.0,336.0,358.84815730333634,0.35112344158839165,1.2120256565243244,110.55604521958347
501.0,896.0,617.0,896.0,501.0,896.0,13456.0,116281.0,129737.0,116.0,341.0,360.1902275187377,0.32205204677288335,1.2429001078928437,108.7870694613854
508.0,894.0,618.0,894.0,508.0,894.0,12100.0,116964.0,129064.0,110.0,342.0,359.25478424093393,0.3061893809776757,1.2596087598013077,107.8297342256772
518.0,893.0,623.0,893.0,518.0,893.0,11025.0,120409.0,131434.0,105.0,347.0,362.5382738415353,0.28962459297716875,1.2769617296649405,106.83548229047334
529.0,890.0,619.0,890.0,529.0,890.0,8100.0,121104.0,129204.0,90.0,348.0,359.4495792180038,0.2503828219685176,1.3177206746302943,104.50016676655257
535.0,885.0,620.0,885.0,535.0,885.0,7225.0,123201.0,130426.0,85.0,351.0,361.14540008146304,0.23536226677904987,1.3332050376755484,103.61297811561117
546.0,885.0,621.0,885.0,546.0,885.0,5625.0,123201.0,128826.0,75.0,351.0,358.9233901545008,0.20895824027438217,1.3602867646675405,102.0613094570445
552.0,880.0,622.0,880.0,552.0,880.0,4900.0,127449.0,132349.0,70.0,357.0,363.7980208852159,0.19241446072101123,1.3771743339389513,101.09372301155784
560.0,888.0,625.0,888.0,560.0,888.0,4225.0,123904.0,128129.0,65.0,352.0,357.9511139806664,0.18158904236155213,1.3881942082371341,100.46233072350728
567.0,884.0,628.0,884.0,567.0,884.0,3721.0,128881.0,132602.0,61.0,359.0,364.1455752854894,0.1675154227870986,1.4024873890207161,99.64339178879054
574.0,888.0,630.0,888.0,574.0,888.0,3136.0,125316.0,128452.0,56.0,354.0,358.40200892294115,0.156249124184012,1.4139043424813043,98.98924854060155
581.0,883.0,632.0,883.0,581.0,883.0,2601.0,129600.0,132201.0,51.0,360.0,363.5945544146667,0.14026612714841794,1.4300661328046713,98.06324616569725
587.0,883.0,633.0,883.0,587.0,883.0,2116.0,128881.0,130997.0,46.0,359.0,361.9350770511198,0.12709461700917965,1.4433570377103135,97.30173340869423
592.0,882.0,633.0,882.0,592.0,882.0,1681.0,129600.0,131281.0,41.0,360.0,362.32720019341633,0.11315738917231032,1.457396046362584,96.49735746437149
600.0,883.0,636.0,883.0,600.0,883.0,1296.0,129600.0,130896.0,36.0,360.0,361.79552236035204,0.09950371902099892,1.4711276743037347,95.71059313749963
602.0,882.0,633.0,882.0,602.0,882.0,961.0,131044.0,132005.0,31.0,362.0,363.3249234500711,0.08532307584524981,1.4853693846012923,94.89460324440158
605.0,882.0,630.0,882.0,605.0,882.0,625.0,131769.0,132394.0,25.0,363.0,363.85986313414674,0.06870777058139847,1.5020343822605176,93.93976921293257
611.0,880.0,632.0,880.0,611.0,880.0,441.0,133225.0,133666.0,21.0,365.0,365.60361048545457,0.0574392577034889,1.5133254375191336,93.29283940036488
618.0,879.0,628.0,879.0,618.0,879.0,100.0,133956.0,134056.0,10.0,366.0,366.1365865356807,0.027312211802208084,1.5434807182301347,91.56506908559226
620.0,879.0,630.0,879.0,620.0,879.0,100.0,134689.0,134789.0,10.0,367.0,367.1362145035545,0.02723784689429809,1.5435551108145447,91.5608067044785
623.0,879.0,633.0,879.0,623.0,879.0,100.0,134689.0,134789.0,10.0,367.0,367.1362145035545,0.02723784689429809,1.5435551108145447,91.5608067044785
623.0,876.0,633.0,876.0,623.0,876.0,100.0,136900.0,137000.0,10.0,370.0,370.1351104664349,0.02701716134791496,1.5437758776076318,91.54815769897796
628.0,876.0,634.0,876.0,628.0,876.0,36.0,136900.0,136936.0,6.0,370.0,370.04864545083797,0.016214084482568704,1.5545815317904945,90.92903931942205
629.0,875.0,634.0,875.0,629.0,875.0,25.0,136900.0,136925.0,5.0,370.0,370.0337822415678,0.013512279797026393,1.5572836357815685,90.77422016492805
635.0,875.0,635.0,875.0,635.0,875.0,0.0,136900.0,136900.0,0.0,370.0,370.0,nan,nan,nan
636.0,875.0,636.0,875.0,636.0,875.0,0.0,136900.0,136900.0,0.0,370.0,370.0,nan,nan,nan
637.0,880.0,637.0,880.0,637.0,880.0,0.0,133225.0,133225.0,0.0,365.0,365.0,nan,nan,nan
638.0,875.0,633.0,875.0,638.0,875.0,25.0,136900.0,136925.0,5.0,370.0,370.0337822415678,0.013512279797026393,1.5572836357815685,89.22577983507195
644.0,876.0,638.0,876.0,644.0,876.0,36.0,136161.0,136197.0,6.0,369.0,369.04877726392755,0.016258013492100157,1.554537596989767,89.06844340192252
643.0,876.0,632.0,876.0,643.0,876.0,121.0,136161.0,136282.0,11.0,369.0,369.1639202305664,0.02979706140602743,1.540994854332251,88.29250140461507
643.0,877.0,633.0,877.0,643.0,877.0,100.0,135424.0,135524.0,10.0,368.0,368.13584449222003,0.027163885694948497,1.5436290993905735,88.44343252866014
644.0,877.0,634.0,877.0,644.0,877.0,100.0,135424.0,135524.0,10.0,368.0,368.13584449222003,0.027163885694948497,1.5436290993905735,88.44343252866014
645.0,876.0,635.0,876.0,645.0,876.0,100.0,136161.0,136261.0,10.0,369.0,369.1354764852601,0.027090324926813986,1.543702687239615,88.44764880183365
646.0,877.0,635.0,877.0,646.0,877.0,121.0,135424.0,135545.0,11.0,368.0,368.16436546738197,0.0298779594978878,1.5409139202054494,88.28786422073075
646.0,876.0,635.0,876.0,646.0,876.0,121.0,136161.0,136282.0,11.0,369.0,369.1639202305664,0.02979706140602743,1.540994854332251,88.29250140461507
646.0,876.0,635.0,876.0,646.0,876.0,121.0,136161.0,136282.0,11.0,369.0,369.1639202305664,0.02979706140602743,1.540994854332251,88.29250140461507
646.0,876.0,636.0,876.0,646.0,876.0,100.0,136161.0,136261.0,10.0,369.0,369.1354764852601,0.027090324926813986,1.543702687239615,88.44764880183365
647.0,876.0,636.0,876.0,647.0,876.0,121.0,136161.0,136282.0,11.0,369.0,369.1639202305664,0.02979706140602743,1.540994854332251,88.29250140461507
647.0,876.0,636.0,876.0,647.0,876.0,121.0,136161.0,136282.0,11.0,369.0,369.1639202305664,0.02979706140602743,1.540994854332251,88.29250140461507
647.0,876.0,636.0,876.0,647.0,876.0,121.0,136161.0,136282.0,11.0,369.0,369.1639202305664,0.02979706140602743,1.540994854332251,88.29250140461507
647.0,876.0,637.0,876.0,647.0,876.0,100.0,139876.0,139976.0,10.0,374.0,374.13366595376044,0.02672841529646228,1.5440647279751039,88.46839220798898
647.0,876.0,636.0,876.0,647.0,876.0,121.0,136161.0,136282.0,11.0,369.0,369.1639202305664,0.02979706140602743,1.540994854332251,88.29250140461507
646.0,876.0,636.0,876.0,646.0,876.0,100.0,136161.0,136261.0,10.0,369.0,369.1354764852601,0.027090324926813986,1.543702687239615,88.44764880183365
646.0,876.0,635.0,876.0,646.0,876.0,121.0,136161.0,136282.0,11.0,369.0,369.1639202305664,0.02979706140602743,1.540994854332251,88.29250140461507
646.0,876.0,635.0,876.0,646.0,876.0,121.0,136161.0,136282.0,11.0,369.0,369.1639202305664,0.02979706140602743,1.540994854332251,88.29250140461507
645.0,876.0,635.0,876.0,645.0,876.0,100.0,136161.0,136261.0,10.0,369.0,369.1354764852601,0.027090324926813986,1.543702687239615,88.44764880183365
644.0,876.0,634.0,876.0,644.0,876.0,100.0,136161.0,136261.0,10.0,369.0,369.1354764852601,0.027090324926813986,1.543702687239615,88.44764880183365
643.0,876.0,638.0,876.0,643.0,876.0,25.0,135424.0,135449.0,5.0,368.0,368.03396582380816,0.013585702582662411,1.557210206255688,89.22157263314735
643.0,876.0,638.0,876.0,643.0,876.0,25.0,135424.0,135449.0,5.0,368.0,368.03396582380816,0.013585702582662411,1.557210206255688,89.22157263314735
643.0,875.0,638.0,875.0,643.0,875.0,25.0,136161.0,136186.0,5.0,369.0,369.0338737839658,0.013548891728370236,1.5572470204983655,89.22368193387874
643.0,875.0,638.0,875.0,643.0,875.0,25.0,136161.0,136186.0,5.0,369.0,369.0338737839658,0.013548891728370236,1.5572470204983655,89.22368193387874
639.0,874.0,633.0,874.0,639.0,874.0,36.0,136900.0,136936.0,6.0,370.0,370.04864545083797,0.016214084482568704,1.5545815317904945,89.07096068057795
638.0,875.0,638.0,875.0,638.0,875.0,0.0,136161.0,136161.0,0.0,369.0,369.0,nan,nan,nan
638.0,875.0,633.0,875.0,638.0,875.0,25.0,136161.0,136186.0,5.0,369.0,369.0338737839658,0.013548891728370236,1.5572470204983655,89.22368193387874
638.0,874.0,632.0,874.0,638.0,874.0,36.0,136900.0,136936.0,6.0,370.0,370.04864545083797,0.016214084482568704,1.5545815317904945,89.07096068057795
637.0,874.0,632.0,874.0,637.0,874.0,25.0,136900.0,136925.0,5.0,370.0,370.0337822415678,0.013512279797026393,1.5572836357815685,89.22577983507195
637.0,874.0,631.0,874.0,637.0,874.0,36.0,136900.0,136936.0,6.0,370.0,370.04864545083797,0.016214084482568704,1.5545815317904945,89.07096068057795
636.0,874.0,636.0,874.0,636.0,874.0,0.0,136900.0,136900.0,0.0,370.0,370.0,nan,nan,nan
630.0,874.0,636.0,874.0,630.0,874.0,36.0,140625.0,140661.0,6.0,375.0,375.04799692839316,0.01599795239313213,1.554797691918553,90.91665425638529
631.0,873.0,631.0,873.0,631.0,873.0,0.0,141376.0,141376.0,0.0,376.0,376.0,nan,nan,nan
630.0,874.0,630.0,874.0,630.0,874.0,0.0,141376.0,141376.0,0.0,376.0,376.0,nan,nan,nan
630.0,874.0,635.0,874.0,630.0,874.0,25.0,141376.0,141401.0,5.0,376.0,376.03324321128844,0.01329669674228925,1.5574992382073485,90.76186705587808
630.0,874.0,630.0,874.0,630.0,874.0,0.0,141376.0,141376.0,0.0,376.0,376.0,nan,nan,nan
625.0,873.0,630.0,873.0,625.0,873.0,25.0,138384.0,138409.0,5.0,372.0,372.0336006330611,0.013439646288646733,1.5573562758860424,90.77005819351831
624.0,873.0,635.0,873.0,624.0,873.0,121.0,142129.0,142250.0,11.0,377.0,377.1604433129222,0.02916530668852122,1.5416268837811102,91.67128597543731
625.0,873.0,630.0,873.0,625.0,873.0,25.0,137641.0,137666.0,5.0,371.0,371.03369119259236,0.013475865180676143,1.5573200537137422,90.77213357111592
625.0,873.0,630.0,873.0,625.0,873.0,25.0,137641.0,137666.0,5.0,371.0,371.03369119259236,0.013475865180676143,1.5573200537137422,90.77213357111592
624.0,873.0,629.0,873.0,624.0,873.0,25.0,141376.0,141401.0,5.0,376.0,376.03324321128844,0.01329669674228925,1.5574992382073485,90.76186705587808
623.0,876.0,633.0,876.0,623.0,876.0,100.0,139876.0,139976.0,10.0,374.0,374.13366595376044,0.02672841529646228,1.5440647279751039,91.53160779201102
621.0,876.0,632.0,876.0,621.0,876.0,121.0,139876.0,139997.0,11.0,374.0,374.16172973728885,0.029399051601892736,1.5413930385908916,91.68468431789628
617.0,876.0,633.0,876.0,617.0,876.0,256.0,139876.0,140132.0,16.0,374.0,374.34208953843273,0.04274165381650818,1.5280416485106485,92.44966262012704
616.0,877.0,632.0,877.0,616.0,877.0,256.0,139129.0,139385.0,16.0,373.0,373.34300582708124,0.04285603252310721,1.5279271649037702,92.4562220476246
615.0,877.0,631.0,877.0,615.0,877.0,256.0,139129.0,139385.0,16.0,373.0,373.34300582708124,0.04285603252310721,1.5279271649037702,92.4562220476246
614.0,877.0,630.0,877.0,614.0,877.0,256.0,138384.0,138640.0,16.0,372.0,372.34392703520757,0.04297102447030671,1.5278120669271256,92.46281667591684
614.0,872.0,630.0,872.0,614.0,872.0,256.0,142884.0,143140.0,16.0,378.0,378.33847279915904,0.042290174408177617,1.5284935365246266,92.42377134411355
614.0,872.0,630.0,872.0,614.0,872.0,256.0,142129.0,142385.0,16.0,377.0,377.3393697985939,0.042402148518295484,1.5283814618833844,92.43019274804718
614.0,872.0,630.0,872.0,614.0,872.0,256.0,142129.0,142385.0,16.0,377.0,377.3393697985939,0.042402148518295484,1.5283814618833844,92.43019274804718
613.0,872.0,634.0,872.0,613.0,872.0,441.0,142129.0,142570.0,21.0,377.0,377.58442764499705,0.055616700431682244,1.515150913955114,93.18824730498262
612.0,871.0,633.0,871.0,612.0,871.0,441.0,142884.0,143325.0,21.0,378.0,378.5828839237189,0.05547001962252291,1.5152978215491797,93.17983011986423
611.0,871.0,632.0,871.0,611.0,871.0,441.0,142884.0,143325.0,21.0,378.0,378.5828839237189,0.05547001962252291,1.5152978215491797,93.17983011986423
611.0,871.0,632.0,871.0,611.0,871.0,441.0,142884.0,143325.0,21.0,378.0,378.5828839237189,0.05547001962252291,1.5152978215491797,93.17983011986423
611.0,871.0,632.0,871.0,611.0,871.0,441.0,142884.0,143325.0,21.0,378.0,378.5828839237189,0.05547001962252291,1.5152978215491797,93.17983011986423
610.0,871.0,631.0,871.0,610.0,871.0,441.0,142129.0,142570.0,21.0,377.0,377.58442764499705,0.055616700431682244,1.515150913955114,93.18824730498262
609.0,872.0,630.0,872.0,609.0,872.0,441.0,141376.0,141817.0,21.0,376.0,376.5859795584536,0.05576415782824008,1.5150032273612077,93.1967091235041
604.0,877.0,631.0,877.0,604.0,877.0,729.0,137641.0,138370.0,27.0,371.0,371.9811823197512,0.07258431685071391,1.4981481234909995,94.16243543852167
605.0,872.0,631.0,872.0,605.0,872.0,676.0,141376.0,142052.0,26.0,376.0,376.8978641488964,0.06898420626158946,1.5017572891205604,93.95564548038415
605.0,873.0,631.0,873.0,605.0,873.0,676.0,140625.0,141301.0,26.0,375.0,375.9002527267041,0.06916728523431757,1.5015737718014086,93.9661602482391
604.0,873.0,630.0,873.0,604.0,873.0,676.0,140625.0,141301.0,26.0,375.0,375.9002527267041,0.06916728523431757,1.5015737718014086,93.9661602482391
604.0,873.0,630.0,873.0,604.0,873.0,676.0,140625.0,141301.0,26.0,375.0,375.9002527267041,0.06916728523431757,1.5015737718014086,93.9661602482391
603.0,874.0,634.0,874.0,603.0,874.0,961.0,139876.0,140837.0,31.0,374.0,375.28256021296806,0.08260442473641168,1.4880976706686633,94.73828396743687
603.0,873.0,634.0,873.0,603.0,873.0,961.0,140625.0,141586.0,31.0,375.0,376.27915169458964,0.08238564337245405,1.488317200305179,94.72570584578648
597.0,873.0,634.0,873.0,597.0,873.0,1369.0,140625.0,141994.0,37.0,375.0,376.82091237085024,0.09818987955632956,1.4724479798476098,95.63494520216787
596.0,878.0,633.0,878.0,596.0,878.0,1369.0,136900.0,138269.0,37.0,370.0,371.84539798147296,0.0995037190209989,1.4711276743037347,95.71059313749963
597.0,873.0,628.0,873.0,597.0,873.0,961.0,140625.0,141586.0,31.0,375.0,376.27915169458964,0.08238564337245405,1.488317200305179,94.72570584578648
596.0,874.0,632.0,874.0,596.0,874.0,1296.0,139876.0,141172.0,36.0,374.0,375.7286254732264,0.0958138336004034,1.4748352844335548,95.49816272498099
595.0,873.0,632.0,873.0,595.0,873.0,1369.0,140625.0,141994.0,37.0,375.0,376.82091237085024,0.09818987955632956,1.4724479798476098,95.63494520216787
595.0,874.0,631.0,874.0,595.0,874.0,1296.0,139876.0,141172.0,36.0,374.0,375.7286254732264,0.0958138336004034,1.4748352844335548,95.49816272498099
595.0,874.0,631.0,874.0,595.0,874.0,1296.0,139876.0,141172.0,36.0,374.0,375.7286254732264,0.0958138336004034,1.4748352844335548,95.49816272498099
595.0,874.0,631.0,874.0,595.0,874.0,1296.0,139876.0,141172.0,36.0,374.0,375.7286254732264,0.0958138336004034,1.4748352844335548,95.49816272498099
589.0,874.0,631.0,874.0,589.0,874.0,1764.0,140625.0,142389.0,42.0,375.0,377.3446700299343,0.11130407644731855,1.4592611427210358,96.39049531464698
589.0,873.0,631.0,873.0,589.0,873.0,1764.0,141376.0,143140.0,42.0,376.0,378.33847279915904,0.11101170782146626,1.4595553345256105,96.37363936587751
588.0,878.0,630.0,878.0,588.0,878.0,1764.0,136900.0,138664.0,42.0,370.0,372.37615390892046,0.11278917717774374,1.4577666308314705,96.47612453835119
588.0,878.0,630.0,878.0,588.0,878.0,1764.0,136900.0,138664.0,42.0,370.0,372.37615390892046,0.11278917717774374,1.4577666308314705,96.47612453835119
588.0,874.0,629.0,874.0,588.0,874.0,1681.0,140625.0,142306.0,41.0,375.0,377.2346749703691,0.10868566099662087,1.4618955440957804,96.23955523433065
582.0,873.0,629.0,873.0,582.0,873.0,2209.0,140625.0,142834.0,47.0,375.0,377.9338566469006,0.12436038521923579,1.4461131405959866,97.14382034544133
582.0,874.0,629.0,874.0,582.0,874.0,2209.0,139876.0,142085.0,47.0,374.0,376.9416400452463,0.12468773679224811,1.4457832211223505,97.16272333885986
582.0,874.0,629.0,874.0,582.0,874.0,2209.0,139876.0,142085.0,47.0,374.0,376.9416400452463,0.12468773679224811,1.4457832211223505,97.16272333885986
581.0,874.0,628.0,874.0,581.0,874.0,2209.0,139876.0,142085.0,47.0,374.0,376.9416400452463,0.12468773679224811,1.4457832211223505,97.16272333885986
581.0,873.0,628.0,873.0,581.0,873.0,2209.0,140625.0,142834.0,47.0,375.0,377.9338566469006,0.12436038521923579,1.4461131405959866,97.14382034544133
581.0,873.0,628.0,873.0,581.0,873.0,2209.0,140625.0,142834.0,47.0,375.0,377.9338566469006,0.12436038521923579,1.4461131405959866,97.14382034544133
582.0,873.0,628.0,873.0,582.0,873.0,2116.0,139876.0,141992.0,46.0,374.0,376.81825858097693,0.12207476403406486,1.4484163132220977,97.0118582744751
581.0,878.0,628.0,878.0,581.0,878.0,2209.0,136161.0,138370.0,47.0,369.0,371.9811823197512,0.12635047748087236,1.4441072251164697,97.25875083647762
581.0,877.0,628.0,877.0,581.0,877.0,2209.0,136900.0,139109.0,47.0,370.0,372.97318938497443,0.12601441963563678,1.4444459906993417,97.23934099833477
581.0,872.0,628.0,872.0,581.0,872.0,2209.0,139876.0,142085.0,47.0,374.0,376.9416400452463,0.12468773679224811,1.4457832211223505,97.16272333885986
581.0,872.0,628.0,872.0,581.0,872.0,2209.0,140625.0,142834.0,47.0,375.0,377.9338566469006,0.12436038521923579,1.4461131405959866,97.14382034544133
581.0,871.0,628.0,871.0,581.0,871.0,2209.0,140625.0,142834.0,47.0,375.0,377.9338566469006,0.12436038521923579,1.4461131405959866,97.14382034544133
581.0,871.0,628.0,871.0,581.0,871.0,2209.0,140625.0,142834.0,47.0,375.0,377.9338566469006,0.12436038521923579,1.4461131405959866,97.14382034544133
580.0,871.0,627.0,871.0,580.0,871.0,2209.0,136900.0,139109.0,47.0,370.0,372.97318938497443,0.12601441963563678,1.4444459906993417,97.23934099833477
581.0,876.0,628.0,876.0,581.0,876.0,2209.0,136900.0,139109.0,47.0,370.0,372.97318938497443,0.12601441963563678,1.4444459906993417,97.23934099833477
581.0,876.0,628.0,876.0,581.0,876.0,2209.0,133225.0,135434.0,47.0,365.0,368.01358670570846,0.12771267610177872,1.4427339006332245,97.33743653326955
581.0,876.0,628.0,876.0,581.0,876.0,2209.0,133225.0,135434.0,47.0,365.0,368.01358670570846,0.12771267610177872,1.4427339006332245,97.33743653326955
581.0,876.0,628.0,876.0,581.0,876.0,2209.0,133956.0,136165.0,47.0,366.0,369.00542001439493,0.1273694028617968,1.4430800003697717,97.31760647907481
576.0,876.0,628.0,876.0,576.0,876.0,2704.0,133956.0,136660.0,52.0,366.0,369.67553340733815,0.14066389387663972,1.429664382982522,98.08626473492654
576.0,876.0,628.0,876.0,576.0,876.0,2704.0,137641.0,140345.0,52.0,371.0,374.626480644388,0.13880492353491877,1.4315417726462902,97.97869823069114
576.0,876.0,628.0,876.0,576.0,876.0,2704.0,133225.0,135929.0,52.0,365.0,368.68550283405506,0.14104161839909704,1.4292828548339835,98.10812468760324
576.0,876.0,628.0,876.0,576.0,876.0,2704.0,133956.0,136660.0,52.0,366.0,369.67553340733815,0.14066389387663972,1.429664382982522,98.08626473492654
580.0,876.0,627.0,876.0,580.0,876.0,2209.0,133956.0,136165.0,47.0,366.0,369.00542001439493,0.1273694028617968,1.4430800003697717,97.31760647907481
580.0,876.0,627.0,876.0,580.0,876.0,2209.0,137641.0,139850.0,47.0,371.0,373.9652390263031,0.12568013038424203,1.4447829589757208,97.22003413826843
575.0,876.0,628.0,876.0,575.0,876.0,2809.0,133225.0,136034.0,53.0,365.0,368.8278731332544,0.14369846711897383,1.4265986627527003,98.26191756526319
576.0,876.0,628.0,876.0,576.0,876.0,2704.0,137641.0,140345.0,52.0,371.0,374.626480644388,0.13880492353491877,1.4315417726462902,97.97869823069114
576.0,876.0,628.0,876.0,576.0,876.0,2704.0,137641.0,140345.0,52.0,371.0,374.626480644388,0.13880492353491877,1.4315417726462902,97.97869823069114
575.0,876.0,627.0,876.0,575.0,876.0,2704.0,136900.0,139604.0,52.0,370.0,373.63618668431997,0.1391728153031764,1.4311702750995472,97.99998347221897
575.0,877.0,628.0,877.0,575.0,877.0,2809.0,136900.0,139709.0,53.0,370.0,373.7766712891536,0.1417959013257925,1.4285209142821886,98.15178066546095
575.0,877.0,627.0,877.0,575.0,877.0,2704.0,136161.0,138865.0,52.0,369.0,372.6459445640057,0.1395426429793562,1.430796803120129,98.02138184040604
575.0,877.0,628.0,877.0,575.0,877.0,2809.0,136900.0,139709.0,53.0,370.0,373.7766712891536,0.1417959013257925,1.4285209142821886,98.15178066546095
575.0,877.0,627.0,877.0,575.0,877.0,2704.0,132496.0,135200.0,52.0,364.0,367.6955262170047,0.1414213562373095,1.4288992721907328,98.13010235415597
576.0,877.0,628.0,877.0,576.0,877.0,2704.0,136900.0,139604.0,52.0,370.0,373.63618668431997,0.1391728153031764,1.4311702750995472,97.99998347221897
575.0,877.0,627.0,877.0,575.0,877.0,2704.0,136161.0,138865.0,52.0,369.0,372.6459445640057,0.1395426429793562,1.430796803120129,98.02138184040604
575.0,876.0,628.0,876.0,575.0,876.0,2809.0,137641.0,140450.0,53.0,371.0,374.7665940288702,0.1414213562373095,1.4288992721907328,98.13010235415597
576.0,876.0,628.0,876.0,576.0,876.0,2704.0,137641.0,140345.0,52.0,371.0,374.626480644388,0.13880492353491877,1.4315417726462902,97.97869823069114
576.0,876.0,628.0,876.0,576.0,876.0,2704.0,137641.0,140345.0,52.0,371.0,374.626480644388,0.13880492353491877,1.4315417726462902,97.97869823069114
576.0,876.0,628.0,876.0,576.0,876.0,2704.0,137641.0,140345.0,52.0,371.0,374.626480644388,0.13880492353491877,1.4315417726462902,97.97869823069114
576.0,876.0,628.0,876.0,576.0,876.0,2704.0,137641.0,140345.0,52.0,371.0,374.626480644388,0.13880492353491877,1.4315417726462902,97.97869823069114
576.0,876.0,628.0,876.0,576.0,876.0,2704.0,137641.0,140345.0,52.0,371.0,374.626480644388,0.13880492353491877,1.4315417726462902,97.97869823069114
575.0,876.0,628.0,876.0,575.0,876.0,2809.0,136900.0,139709.0,53.0,370.0,373.7766712891536,0.1417959013257925,1.4285209142821886,98.15178066546095
576.0,876.0,629.0,876.0,576.0,876.0,2809.0,137641.0,140450.0,53.0,371.0,374.7665940288702,0.1414213562373095,1.4288992721907328,98.13010235415597
576.0,876.0,628.0,876.0,576.0,876.0,2704.0,136900.0,139604.0,52.0,370.0,373.63618668431997,0.1391728153031764,1.4311702750995472,97.99998347221897
577.0,876.0,629.0,876.0,577.0,876.0,2704.0,137641.0,140345.0,52.0,371.0,374.626480644388,0.13880492353491877,1.4315417726462902,97.97869823069114
577.0,876.0,629.0,876.0,577.0,876.0,2704.0,136900.0,139604.0,52.0,370.0,373.63618668431997,0.1391728153031764,1.4311702750995472,97.99998347221897
577.0,876.0,624.0,876.0,577.0,876.0,2209.0,136900.0,139109.0,47.0,370.0,372.97318938497443,0.12601441963563678,1.4444459906993417,97.23934099833477
577.0,876.0,629.0,876.0,577.0,876.0,2704.0,136900.0,139604.0,52.0,370.0,373.63618668431997,0.1391728153031764,1.4311702750995472,97.99998347221897
577.0,875.0,629.0,875.0,577.0,875.0,2704.0,137641.0,140345.0,52.0,371.0,374.626480644388,0.13880492353491877,1.4315417726462902,97.97869823069114
577.0,875.0,624.0,875.0,577.0,875.0,2209.0,137641.0,139850.0,47.0,371.0,373.9652390263031,0.12568013038424203,1.4447829589757208,97.22003413826843
577.0,875.0,624.0,875.0,577.0,875.0,2209.0,138384.0,140593.0,47.0,372.0,374.95733090579785,0.12534759591567504,1.4451181441351468,97.20082944327791
577.0,876.0,624.0,876.0,577.0,876.0,2209.0,137641.0,139850.0,47.0,371.0,373.9652390263031,0.12568013038424203,1.4447829589757208,97.22003413826843
578.0,876.0,625.0,876.0,578.0,876.0,2209.0,137641.0,139850.0,47.0,371.0,373.9652390263031,0.12568013038424203,1.4447829589757208,97.22003413826843
578.0,876.0,625.0,876.0,578.0,876.0,2209.0,137641.0,139850.0,47.0,371.0,373.9652390263031,0.12568013038424203,1.4447829589757208,97.22003413826843
578.0,876.0,625.0,876.0,578.0,876.0,2209.0,137641.0,139850.0,47.0,371.0,373.9652390263031,0.12568013038424203,1.4447829589757208,97.22003413826843
578.0,876.0,625.0,876.0,578.0,876.0,2209.0,137641.0,139850.0,47.0,371.0,373.9652390263031,0.12568013038424203,1.4447829589757208,97.22003413826843
578.0,876.0,625.0,876.0,578.0,876.0,2209.0,137641.0,139850.0,47.0,371.0,373.9652390263031,0.12568013038424203,1.4447829589757208,97.22003413826843
578.0,876.0,625.0,876.0,578.0,876.0,2209.0,137641.0,139850.0,47.0,371.0,373.9652390263031,0.12568013038424203,1.4447829589757208,97.22003413826843
578.0,876.0,625.0,876.0,578.0,876.0,2209.0,137641.0,139850.0,47.0,371.0,373.9652390263031,0.12568013038424203,1.4447829589757208,97.22003413826843
578.0,876.0,625.0,876.0,578.0,876.0,2209.0,137641.0,139850.0,47.0,371.0,373.9652390263031,0.12568013038424203,1.4447829589757208,97.22003413826843
578.0,876.0,625.0,876.0,578.0,876.0,2209.0,137641.0,139850.0,47.0,371.0,373.9652390263031,0.12568013038424203,1.4447829589757208,97.22003413826843
578.0,877.0,625.0,877.0,578.0,877.0,2209.0,136900.0,139109.0,47.0,370.0,372.97318938497443,0.12601441963563678,1.4444459906993417,97.23934099833477
583.0,877.0,625.0,877.0,583.0,877.0,1764.0,136900.0,138664.0,42.0,370.0,372.37615390892046,0.11278917717774374,1.4577666308314705,96.47612453835119
584.0,877.0,625.0,877.0,584.0,877.0,1681.0,136900.0,138581.0,41.0,370.0,372.2646907779463,0.11013668772700297,1.460435753491267,96.32319507494212
583.0,877.0,625.0,877.0,583.0,877.0,1764.0,136900.0,138664.0,42.0,370.0,372.37615390892046,0.11278917717774374,1.4577666308314705,96.47612453835119
583.0,877.0,630.0,877.0,583.0,877.0,2209.0,136900.0,139109.0,47.0,370.0,372.97318938497443,0.12601441963563678,1.4444459906993417,97.23934099833477
583.0,876.0,625.0,876.0,583.0,876.0,1764.0,137641.0,139405.0,42.0,371.0,373.36978988664845,0.1124890152809385,1.458068715204519,96.45881637871865
583.0,876.0,625.0,876.0,583.0,876.0,1764.0,137641.0,139405.0,42.0,371.0,373.36978988664845,0.1124890152809385,1.458068715204519,96.45881637871865
583.0,877.0,630.0,877.0,583.0,877.0,2209.0,136900.0,139109.0,47.0,370.0,372.97318938497443,0.12601441963563678,1.4444459906993417,97.23934099833477
583.0,877.0,630.0,877.0,583.0,877.0,2209.0,136900.0,139109.0,47.0,370.0,372.97318938497443,0.12601441963563678,1.4444459906993417,97.23934099833477
583.0,877.0,630.0,877.0,583.0,877.0,2209.0,136900.0,139109.0,47.0,370.0,372.97318938497443,0.12601441963563678,1.4444459906993417,97.23934099833477
583.0,877.0,630.0,877.0,583.0,877.0,2209.0,137641.0,139850.0,47.0,371.0,373.9652390263031,0.12568013038424203,1.4447829589757208,97.22003413826843
583.0,877.0,630.0,877.0,583.0,877.0,2209.0,137641.0,139850.0,47.0,371.0,373.9652390263031,0.12568013038424203,1.4447829589757208,97.22003413826843
583.0,877.0,625.0,877.0,583.0,877.0,1764.0,137641.0,139405.0,42.0,371.0,373.36978988664845,0.1124890152809385,1.458068715204519,96.45881637871865
583.0,877.0,625.0,877.0,583.0,877.0,1764.0,137641.0,139405.0,42.0,371.0,373.36978988664845,0.1124890152809385,1.458068715204519,96.45881637871865
583.0,877.0,625.0,877.0,583.0,877.0,1764.0,137641.0,139405.0,42.0,371.0,373.36978988664845,0.1124890152809385,1.458068715204519,96.45881637871865
584.0,877.0,625.0,877.0,584.0,877.0,1681.0,137641.0,139322.0,41.0,371.0,373.25862347707385,0.1098434099608104,1.4607308215282737,96.30628892175243
584.0,877.0,626.0,877.0,584.0,877.0,1764.0,137641.0,139405.0,42.0,371.0,373.36978988664845,0.1124890152809385,1.458068715204519,96.45881637871865
584.0,877.0,626.0,877.0,584.0,877.0,1764.0,137641.0,139405.0,42.0,371.0,373.36978988664845,0.1124890152809385,1.458068715204519,96.45881637871865
584.0,877.0,626.0,877.0,584.0,877.0,1764.0,137641.0,139405.0,42.0,371.0,373.36978988664845,0.1124890152809385,1.458068715204519,96.45881637871865
584.0,872.0,626.0,872.0,584.0,872.0,1764.0,141376.0,143140.0,42.0,376.0,378.33847279915904,0.11101170782146626,1.4595553345256105,96.37363936587751
584.0,872.0,625.0,872.0,584.0,872.0,1681.0,141376.0,143057.0,41.0,376.0,378.22876675366723,0.10840000445207403,1.4621828983957328,96.22309104571845
584.0,873.0,625.0,873.0,584.0,873.0,1681.0,140625.0,142306.0,41.0,375.0,377.2346749703691,0.10868566099662087,1.4618955440957804,96.23955523433065
583.0,873.0,625.0,873.0,583.0,873.0,1764.0,140625.0,142389.0,42.0,375.0,377.3446700299343,0.11130407644731855,1.4592611427210358,96.39049531464698
584.0,878.0,626.0,878.0,584.0,878.0,1764.0,136900.0,138664.0,42.0,370.0,372.37615390892046,0.11278917717774374,1.4577666308314705,96.47612453835119
583.0,873.0,630.0,873.0,583.0,873.0,2209.0,140625.0,142834.0,47.0,375.0,377.9338566469006,0.12436038521923579,1.4461131405959866,97.14382034544133
583.0,873.0,630.0,873.0,583.0,873.0,2209.0,140625.0,142834.0,47.0,375.0,377.9338566469006,0.12436038521923579,1.4461131405959866,97.14382034544133
583.0,878.0,630.0,878.0,583.0,878.0,2209.0,136900.0,139109.0,47.0,370.0,372.97318938497443,0.12601441963563678,1.4444459906993417,97.23934099833477
583.0,873.0,625.0,873.0,583.0,873.0,1764.0,140625.0,142389.0,42.0,375.0,377.3446700299343,0.11130407644731855,1.4592611427210358,96.39049531464698
584.0,872.0,631.0,872.0,584.0,872.0,2209.0,141376.0,143585.0,47.0,376.0,378.92611417003184,0.12403473458920845,1.446441332248135,97.1250163489018
584.0,878.0,631.0,878.0,584.0,878.0,2209.0,136900.0,139109.0,47.0,370.0,372.97318938497443,0.12601441963563678,1.4444459906993417,97.23934099833477
584.0,872.0,626.0,872.0,584.0,872.0,1764.0,141376.0,143140.0,42.0,376.0,378.33847279915904,0.11101170782146626,1.4595553345256105,96.37363936587751
584.0,878.0,626.0,878.0,584.0,878.0,1764.0,136900.0,138664.0,42.0,370.0,372.37615390892046,0.11278917717774374,1.4577666308314705,96.47612453835119
584.0,877.0,626.0,877.0,584.0,877.0,1764.0,137641.0,139405.0,42.0,371.0,373.36978988664845,0.1124890152809385,1.458068715204519,96.45881637871865
584.0,877.0,631.0,877.0,584.0,877.0,2209.0,137641.0,139850.0,47.0,371.0,373.9652390263031,0.12568013038424203,1.4447829589757208,97.22003413826843
584.0,877.0,631.0,877.0,584.0,877.0,2209.0,137641.0,139850.0,47.0,371.0,373.9652390263031,0.12568013038424203,1.4447829589757208,97.22003413826843
583.0,877.0,630.0,877.0,583.0,877.0,2209.0,137641.0,139850.0,47.0,371.0,373.9652390263031,0.12568013038424203,1.4447829589757208,97.22003413826843
584.0,877.0,631.0,877.0,584.0,877.0,2209.0,136900.0,139109.0,47.0,370.0,372.97318938497443,0.12601441963563678,1.4444459906993417,97.23934099833477
584.0,878.0,626.0,878.0,584.0,878.0,1764.0,136900.0,138664.0,42.0,370.0,372.37615390892046,0.11278917717774374,1.4577666308314705,96.47612453835119
584.0,878.0,631.0,878.0,584.0,878.0,2209.0,136900.0,139109.0,47.0,370.0,372.97318938497443,0.12601441963563678,1.4444459906993417,97.23934099833477
584.0,877.0,631.0,877.0,584.0,877.0,2209.0,137641.0,139850.0,47.0,371.0,373.9652390263031,0.12568013038424203,1.4447829589757208,97.22003413826843
584.0,878.0,630.0,878.0,584.0,878.0,2116.0,136900.0,139016.0,46.0,370.0,372.848494699925,0.12337450909389241,1.4471066681446374,97.08689541007367
583.0,878.0,630.0,878.0,583.0,878.0,2209.0,136900.0,139109.0,47.0,370.0,372.97318938497443,0.12601441963563678,1.4444459906993417,97.23934099833477
583.0,878.0,630.0,878.0,583.0,878.0,2209.0,136161.0,138370.0,47.0,369.0,371.9811823197512,0.12635047748087236,1.4441072251164697,97.25875083647762
583.0,877.0,630.0,877.0,583.0,877.0,2209.0,133225.0,135434.0,47.0,365.0,368.01358670570846,0.12771267610177872,1.4427339006332245,97.33743653326955
582.0,877.0,629.0,877.0,582.0,877.0,2209.0,133225.0,135434.0,47.0,365.0,368.01358670570846,0.12771267610177872,1.4427339006332245,97.33743653326955
583.0,877.0,630.0,877.0,583.0,877.0,2209.0,133225.0,135434.0,47.0,365.0,368.01358670570846,0.12771267610177872,1.4427339006332245,97.33743653326955
583.0,878.0,625.0,878.0,583.0,878.0,1764.0,133225.0,134989.0,42.0,365.0,367.40849200855445,0.11431417866907144,1.4562317014011534,96.56406951655877
583.0,877.0,625.0,877.0,583.0,877.0,1764.0,137641.0,139405.0,42.0,371.0,373.36978988664845,0.1124890152809385,1.458068715204519,96.45881637871865
584.0,878.0,626.0,878.0,584.0,878.0,1764.0,136900.0,138664.0,42.0,370.0,372.37615390892046,0.11278917717774374,1.4577666308314705,96.47612453835119
585.0,878.0,627.0,878.0,585.0,878.0,1764.0,137641.0,139405.0,42.0,371.0,373.36978988664845,0.1124890152809385,1.458068715204519,96.45881637871865
585.0,878.0,627.0,878.0,585.0,878.0,1764.0,136900.0,138664.0,42.0,370.0,372.37615390892046,0.11278917717774374,1.4577666308314705,96.47612453835119
585.0,878.0,626.0,878.0,585.0,878.0,1681.0,136900.0,138581.0,41.0,370.0,372.2646907779463,0.11013668772700297,1.460435753491267,96.32319507494212
585.0,878.0,626.0,878.0,585.0,878.0,1681.0,136900.0,138581.0,41.0,370.0,372.2646907779463,0.11013668772700297,1.460435753491267,96.32319507494212
585.0,878.0,626.0,878.0,585.0,878.0,1681.0,137641.0,139322.0,41.0,371.0,373.25862347707385,0.1098434099608104,1.4607308215282737,96.30628892175243
579.0,878.0,626.0,878.0,579.0,878.0,2209.0,136900.0,139109.0,47.0,370.0,372.97318938497443,0.12601441963563678,1.4444459906993417,97.23934099833477
579.0,878.0,626.0,878.0,579.0,878.0,2209.0,136900.0,139109.0,47.0,370.0,372.97318938497443,0.12601441963563678,1.4444459906993417,97.23934099833477
579.0,878.0,626.0,878.0,579.0,878.0,2209.0,136900.0,139109.0,47.0,370.0,372.97318938497443,0.12601441963563678,1.4444459906993417,97.23934099833477
579.0,877.0,626.0,877.0,579.0,877.0,2209.0,137641.0,139850.0,47.0,371.0,373.9652390263031,0.12568013038424203,1.4447829589757208,97.22003413826843
579.0,878.0,626.0,878.0,579.0,878.0,2209.0,136900.0,139109.0,47.0,370.0,372.97318938497443,0.12601441963563678,1.4444459906993417,97.23934099833477
579.0,877.0,626.0,877.0,579.0,877.0,2209.0,137641.0,139850.0,47.0,371.0,373.9652390263031,0.12568013038424203,1.4447829589757208,97.22003413826843
579.0,877.0,626.0,877.0,579.0,877.0,2209.0,138384.0,140593.0,47.0,372.0,374.95733090579785,0.12534759591567504,1.4451181441351468,97.20082944327791
579.0,877.0,626.0,877.0,579.0,877.0,2209.0,138384.0,140593.0,47.0,372.0,374.95733090579785,0.12534759591567504,1.4451181441351468,97.20082944327791
579.0,877.0,626.0,877.0,579.0,877.0,2209.0,138384.0,140593.0,47.0,372.0,374.95733090579785,0.12534759591567504,1.4451181441351468,97.20082944327791
579.0,878.0,626.0,878.0,579.0,878.0,2209.0,137641.0,139850.0,47.0,371.0,373.9652390263031,0.12568013038424203,1.4447829589757208,97.22003413826843
579.0,878.0,626.0,878.0,579.0,878.0,2209.0,137641.0,139850.0,47.0,371.0,373.9652390263031,0.12568013038424203,1.4447829589757208,97.22003413826843
578.0,878.0,630.0,878.0,578.0,878.0,2704.0,136900.0,139604.0,52.0,370.0,373.63618668431997,0.1391728153031764,1.4311702750995472,97.99998347221897
576.0,877.0,633.0,877.0,576.0,877.0,3249.0,133225.0,136474.0,57.0,365.0,369.42387578498494,0.15429430455430443,1.4158831619706356,98.87587053544463
576.0,877.0,634.0,877.0,576.0,877.0,3364.0,133225.0,136589.0,58.0,365.0,369.57949077295945,0.1569351153081994,1.4132097828080041,99.02904387850164
571.0,877.0,633.0,877.0,571.0,877.0,3844.0,136900.0,140744.0,62.0,370.0,375.15863311404684,0.16526342332938457,1.4047712254153615,99.51253760227898
571.0,878.0,633.0,878.0,571.0,878.0,3844.0,132496.0,136340.0,62.0,364.0,369.2424677633926,0.16791134664317398,1.4020857766428974,99.66640248303976
570.0,879.0,632.0,879.0,570.0,879.0,3844.0,131044.0,134888.0,62.0,362.0,367.27101709772853,0.1688126672503052,1.4011714035384368,99.71879220282563
565.0,879.0,633.0,879.0,565.0,879.0,4624.0,131769.0,136393.0,68.0,363.0,369.31422934947955,0.184125047442058,1.3856147107963372,100.61012504012973
565.0,881.0,632.0,881.0,565.0,881.0,4489.0,130321.0,134810.0,67.0,361.0,367.16481312892716,0.1824793596887332,1.387288762875983,100.51420892128094
559.0,881.0,631.0,881.0,559.0,881.0,5184.0,130321.0,135505.0,72.0,361.0,368.11003789627904,0.19559368826635246,1.3739335319452222,101.2794072880361
558.0,880.0,636.0,880.0,558.0,880.0,6084.0,130321.0,136405.0,78.0,361.0,369.3304753198685,0.21119297001539342,1.358001028498409,102.19227249261614
553.0,881.0,635.0,881.0,553.0,881.0,6724.0,129600.0,136324.0,82.0,360.0,369.22080114749764,0.22208932905500725,1.346839533614341,102.83177904253009
547.0,882.0,635.0,882.0,547.0,882.0,7744.0,129600.0,137344.0,88.0,360.0,370.59951430081503,0.23745309047699004,1.33105321792444,103.73626830562256
547.0,883.0,634.0,883.0,547.0,883.0,7569.0,128881.0,136450.0,87.0,359.0,369.39139134527755,0.23552254340079992,1.3330401250807196,103.62242691128341
536.0,885.0,633.0,885.0,536.0,885.0,9409.0,128164.0,137573.0,97.0,358.0,370.9083444734022,0.26152013413911174,1.3061995137771272,105.16028065853038
532.0,888.0,639.0,888.0,532.0,888.0,11449.0,126736.0,138185.0,107.0,356.0,371.7324306540929,0.28784144501927084,1.2788242012624158,106.72877052847501
526.0,890.0,635.0,890.0,526.0,890.0,11881.0,121801.0,133682.0,109.0,349.0,365.62549145266115,0.2981192574044379,1.2680746171719446,107.34467632837999
512.0,897.0,632.0,897.0,512.0,897.0,14400.0,118336.0,132736.0,120.0,344.0,364.3295211755424,0.3293721563182941,1.2351577764672874,109.23067237566129
503.0,900.0,637.0,900.0,503.0,900.0,17956.0,116964.0,134920.0,134.0,342.0,367.3145790735783,0.3648099139924362,1.1973676879158244,111.39588495708576
494.0,901.0,638.0,901.0,494.0,901.0,20736.0,116964.0,137700.0,144.0,342.0,371.07950630558946,0.38805700005813276,1.1722738811284763,112.83365417791755
482.0,909.0,634.0,909.0,482.0,909.0,23104.0,111556.0,134660.0,152.0,334.0,366.9604883362785,0.41421353205936684,1.1437177737076318,114.46979861245414
468.0,911.0,630.0,911.0,468.0,911.0,26244.0,110889.0,137133.0,162.0,333.0,370.3147310059377,0.43746571884930624,1.1180178549713606,115.94229548987167
458.0,914.0,628.0,914.0,458.0,914.0,28900.0,106929.0,135829.0,170.0,327.0,368.5498609415014,0.4612673019756844,1.0913733275319017,117.46891445927318
447.0,917.0,626.0,917.0,447.0,917.0,32041.0,104976.0,137017.0,179.0,324.0,370.1580743412198,0.4835771860942682,1.0660594028981794,118.91929550369773
434.0,918.0,622.0,918.0,434.0,918.0,35344.0,103684.0,139028.0,188.0,322.0,372.8645866799367,0.5042044933094635,1.0423357780016225,120.27855908502193
422.0,918.0,619.0,918.0,422.0,918.0,38809.0,103684.0,142493.0,197.0,322.0,377.48244992317194,0.5218785669111105,1.0217446011416107,121.45834661430803
411.0,917.0,614.0,917.0,411.0,917.0,41209.0,101124.0,142333.0,203.0,318.0,377.27046001509314,0.538075522774507,1.002644056765837,122.55272719344221
398.0,916.0,607.0,916.0,398.0,916.0,43681.0,102400.0,146081.0,209.0,320.0,382.2054421381255,0.5468263320135284,0.9922274056533298,123.14955733884912
387.0,915.0,602.0,915.0,387.0,915.0,46225.0,99225.0,145450.0,215.0,315.0,381.3790765104976,0.5637435644534684,0.9718850650646652,124.31508759999727
382.0,908.0,595.0,908.0,382.0,908.0,45369.0,100489.0,145858.0,213.0,317.0,381.91360279518716,0.5577177624496077,0.9791626571430596,123.89811228888743
372.0,904.0,590.0,904.0,372.0,904.0,47524.0,100489.0,148013.0,218.0,317.0,384.72457680787693,0.5666391313203379,0.9683751118521644,124.51619310536196
365.0,897.0,580.0,897.0,365.0,897.0,46225.0,101761.0,147986.0,215.0,319.0,384.68948516953253,0.5588923229998074,0.9777469023612705,123.97922906270941
362.0,891.0,574.0,891.0,362.0,891.0,44944.0,101761.0,146705.0,212.0,319.0,383.020887158912,0.5534946189815572,0.9842419481580915,123.6070903508074
354.0,886.0,574.0,886.0,354.0,886.0,48400.0,97969.0,146369.0,220.0,313.0,382.58201735052836,0.5750400960388897,0.9581431699307876,125.10244019367983
353.0,878.0,565.0,878.0,353.0,878.0,44944.0,91204.0,136148.0,212.0,302.0,368.982384403375,0.574553173704465,0.9587382139929969,125.06834668029092
347.0,872.0,563.0,872.0,347.0,872.0,46656.0,88209.0,134865.0,216.0,297.0,367.23970373585695,0.5881716976750462,0.9420000403794637,126.0273733851036
346.0,860.0,559.0,860.0,346.0,860.0,45369.0,90000.0,135369.0,213.0,300.0,367.92526415020757,0.5789219190803966,0.953390435043324,125.37475184387608
341.0,853.0,552.0,853.0,341.0,853.0,44521.0,89401.0,133922.0,211.0,299.0,365.95354896489255,0.5765759086004714,0.9562646946356007,125.21006890001362
341.0,838.0,544.0,838.0,341.0,838.0,41209.0,94864.0,136073.0,203.0,308.0,368.8807395351511,0.5503133621338229,0.9880568325449244,123.3885135761115
340.0,831.0,539.0,831.0,340.0,831.0,39601.0,87616.0,127217.0,199.0,296.0,356.67492202284143,0.5579310114414381,0.9789057179552094,123.91283381994276
341.0,813.0,532.0,813.0,341.0,813.0,36481.0,93636.0,130117.0,191.0,306.0,360.7173408640067,0.5295004657733062,1.0127847281042068,121.97170952432433
341.0,800.0,531.0,800.0,341.0,800.0,36100.0,94249.0,130349.0,190.0,307.0,361.03877908058575,0.5262592580327528,1.0166009759332364,121.75305463014499
339.0,786.0,526.0,786.0,339.0,786.0,34969.0,97969.0,132938.0,187.0,313.0,364.6066373504465,0.5128815025390294,1.0322582918489205,120.85595650967326
336.0,768.0,522.0,768.0,336.0,768.0,34596.0,99225.0,133821.0,186.0,315.0,365.8155272811694,0.5084529937326542,1.0374090594064915,120.56083926737153
335.0,756.0,516.0,756.0,335.0,756.0,32761.0,99856.0,132617.0,181.0,316.0,364.16617086159994,0.4970258483146926,1.0506284145388611,119.80342601040215
340.0,734.0,511.0,734.0,340.0,734.0,29241.0,108241.0,137482.0,171.0,329.0,370.78565236535246,0.46118289342950547,1.0914684589959807,117.46346382788255
335.0,725.0,506.0,725.0,335.0,725.0,29241.0,106276.0,135517.0,171.0,326.0,368.12633700945656,0.4645144419417275,1.087710097264237,117.67880209299494
340.0,704.0,498.0,704.0,340.0,704.0,24964.0,114921.0,139885.0,158.0,339.0,374.0120318920235,0.4224463025981321,1.134653741325595,114.98912941331476
341.0,687.0,485.0,687.0,341.0,687.0,20736.0,122500.0,143236.0,144.0,350.0,378.4653220573848,0.38048400106302477,1.1804767220085233,112.36366601547347
335.0,674.0,488.0,674.0,335.0,674.0,23409.0,122500.0,145909.0,153.0,350.0,381.9803659875727,0.4005441473527927,1.1586856903151945,113.61220016273703
339.0,663.0,482.0,663.0,339.0,663.0,20449.0,125316.0,145765.0,143.0,354.0,381.7918280948402,0.3745496615618437,1.186885293577124,111.99648191188513
341.0,646.0,475.0,646.0,341.0,646.0,17956.0,131044.0,149000.0,134.0,362.0,386.00518131237567,0.34714559930106265,1.2162706279941786,110.31282627020737
339.0,636.0,468.0,636.0,339.0,636.0,16641.0,131044.0,147685.0,129.0,362.0,384.2980614054669,0.33567694702444545,1.2284725437952282,109.61370799283324
342.0,622.0,459.0,622.0,342.0,622.0,13689.0,131769.0,145458.0,117.0,363.0,381.3895646186455,0.30677294518267495,1.2589956927910595,107.86486037792312
340.0,613.0,459.0,613.0,340.0,613.0,14161.0,136161.0,150322.0,119.0,369.0,387.713811979919,0.3069274199758543,1.2588333880653595,107.87415975370077
338.0,608.0,449.0,608.0,338.0,608.0,12321.0,135424.0,147745.0,111.0,368.0,384.37611788455325,0.28877964794196365,1.2778443926387055,106.78490942734413
342.0,602.0,448.0,602.0,342.0,602.0,11236.0,138384.0,149620.0,106.0,372.0,386.8074456367147,0.2740381582508472,1.2932068949430944,105.90470288254265
340.0,595.0,441.0,595.0,340.0,595.0,10201.0,142129.0,152330.0,101.0,377.0,390.2947604055171,0.2587787750341839,1.309038629405432,104.99761131547889
339.0,593.0,440.0,593.0,339.0,593.0,10201.0,143641.0,153842.0,101.0,379.0,392.2269751049767,0.2575039617633848,1.310358165625813,104.92200745913641
344.0,588.0,431.0,588.0,344.0,588.0,7569.0,146689.0,154258.0,87.0,383.0,392.75692228145385,0.22151105445737979,1.3474325797334594,102.79780000284799
342.0,590.0,429.0,590.0,342.0,590.0,7569.0,148996.0,156565.0,87.0,386.0,395.6829538911172,0.2198730047490001,1.349112039182578,102.70157406455013
347.0,586.0,427.0,586.0,347.0,586.0,6400.0,151321.0,157721.0,80.0,389.0,397.1410328837855,0.2014397742260247,1.3679687216082126,101.62116574594276
345.0,587.0,419.0,587.0,345.0,587.0,5476.0,153664.0,159140.0,74.0,392.0,398.9235515734813,0.18549920080707313,1.3842164710472633,100.6902382764991
345.0,583.0,420.0,583.0,345.0,583.0,5625.0,156025.0,161650.0,75.0,395.0,402.0572098594925,0.18654061700873456,1.3831565549905303,100.75096699318806
344.0,582.0,411.0,582.0,344.0,582.0,4489.0,163216.0,167705.0,67.0,404.0,409.5180093719933,0.16360696835469157,1.4064505396132063,99.41631998626607
342.0,580.0,404.0,580.0,342.0,580.0,3844.0,163216.0,167060.0,62.0,404.0,408.72973955903916,0.15168947595271418,1.4185190221919923,98.72484686937447
348.0,586.0,403.0,586.0,348.0,586.0,3025.0,161604.0,164629.0,55.0,402.0,405.744993807687,0.13555312040662817,1.4348246123945716,97.79060536829682
345.0,586.0,401.0,586.0,345.0,586.0,3136.0,163216.0,166352.0,56.0,404.0,407.8627220033721,0.13730109906817375,1.433060135834552,97.8917024282357
345.0,584.0,394.0,584.0,345.0,584.0,2401.0,168921.0,171322.0,49.0,411.0,413.91061837068156,0.11838304654488857,1.4521350076110184,96.79879278069097
344.0,591.0,394.0,591.0,344.0,591.0,2500.0,161604.0,164104.0,50.0,402.0,405.0975191234822,0.12342707037107022,1.4470537020429919,97.08993014415522
343.0,592.0,393.0,592.0,343.0,592.0,2500.0,161604.0,164104.0,50.0,402.0,405.0975191234822,0.12342707037107022,1.4470537020429919,97.08993014415522
342.0,589.0,385.0,589.0,342.0,589.0,1849.0,164025.0,165874.0,43.0,405.0,407.276318977669,0.10557942604651584,1.4650197610100983,96.06055079085685
342.0,583.0,385.0,583.0,342.0,583.0,1849.0,173889.0,175738.0,43.0,417.0,419.2111639734801,0.10257360417701147,1.4680419969383054,95.88738942747779
341.0,587.0,383.0,587.0,341.0,587.0,1764.0,171396.0,173160.0,42.0,414.0,416.1249812255929,0.10093121512748267,1.4696929550585982,95.79279649503215
340.0,586.0,382.0,586.0,340.0,586.0,1764.0,171396.0,173160.0,42.0,414.0,416.1249812255929,0.10093121512748267,1.4696929550585982,95.79279649503215
347.0,588.0,382.0,588.0,347.0,588.0,1225.0,164025.0,165250.0,35.0,405.0,406.5095324835569,0.08609884197836304,1.4845907531191178,94.93921554212619
346.0,588.0,374.0,588.0,346.0,588.0,784.0,163216.0,164000.0,28.0,404.0,404.96913462633177,0.06914107176547127,1.501600048176314,93.96465472285611
339.0,585.0,374.0,585.0,339.0,585.0,1225.0,166464.0,167689.0,35.0,408.0,409.4984737456295,0.08547040402827276,1.485221516258966,94.90307547634048
345.0,588.0,373.0,588.0,345.0,588.0,784.0,164025.0,164809.0,28.0,405.0,405.96674740673035,0.06897116618260199,1.5017703603325223,93.9548965551056
344.0,589.0,372.0,589.0,344.0,589.0,784.0,168921.0,169705.0,28.0,411.0,411.9526671839861,0.06796897369642385,1.5027749103686336,93.89734007772671
337.0,587.0,371.0,587.0,337.0,587.0,1156.0,165649.0,166805.0,34.0,407.0,408.4176783637065,0.08324811045451887,1.4874517602203599,94.77529191006806
337.0,587.0,371.0,587.0,337.0,587.0,1156.0,170569.0,171725.0,34.0,413.0,414.3971524998694,0.08204689582178226,1.4886570985791303,94.7062311092253
336.0,585.0,371.0,585.0,336.0,585.0,1225.0,172225.0,173450.0,35.0,415.0,416.473288459176,0.08403900314829149,1.4866580862637258,94.82076607809265
335.0,590.0,363.0,590.0,335.0,590.0,784.0,168100.0,168884.0,28.0,410.0,410.9549853694441,0.0681339830318114,1.5026095176214325,93.90681638410342
341.0,590.0,368.0,590.0,341.0,590.0,729.0,168100.0,168829.0,27.0,410.0,410.8880626155985,0.06571132738226938,1.5050376172699993,93.76769652200333
338.0,589.0,365.0,589.0,338.0,589.0,729.0,168921.0,169650.0,27.0,411.0,411.8859065323794,0.06555213366563069,1.5051971549638579,93.75855568547199
344.0,587.0,364.0,587.0,344.0,587.0,400.0,170569.0,170969.0,20.0,413.0,413.48397792417546,0.04836946790636611,1.5224079780920512,92.77244815828037
344.0,587.0,364.0,587.0,344.0,587.0,400.0,175561.0,175961.0,20.0,419.0,419.47705539159114,0.047678412306316864,1.523099831977408,92.73280785060969
343.0,590.0,357.0,590.0,343.0,590.0,196.0,167281.0,167477.0,14.0,409.0,409.23953865676276,0.03420979323247179,1.5365798573689615,91.9604592879445
337.0,586.0,357.0,586.0,337.0,586.0,400.0,170569.0,170969.0,20.0,413.0,413.48397792417546,0.04836946790636611,1.5224079780920512,92.77244815828037
336.0,590.0,357.0,590.0,336.0,590.0,441.0,167281.0,167722.0,21.0,409.0,409.53876495394184,0.05127719717170543,1.5194966320358412,92.93925600000327
336.0,591.0,356.0,591.0,336.0,591.0,400.0,171396.0,171796.0,20.0,414.0,414.48281025876094,0.0482529058020863,1.5225246764612452,92.76576183424949
342.0,587.0,356.0,587.0,342.0,587.0,196.0,169744.0,169940.0,14.0,412.0,412.23779545306127,0.033960981148304446,1.5368288141164737,91.94619511703075
342.0,589.0,362.0,589.0,342.0,589.0,400.0,168100.0,168500.0,20.0,410.0,410.48751503547584,0.0487225537134096,1.522054475484965,92.79270236571328
342.0,584.0,361.0,584.0,342.0,584.0,361.0,172225.0,172586.0,19.0,415.0,415.4347120788055,0.04573522492842585,1.5250451426960348,92.62134975659083
341.0,587.0,360.0,587.0,341.0,587.0,361.0,171396.0,171757.0,19.0,414.0,414.43576100524916,0.04584546457553249,1.5249347872940051,92.62767265537359
334.0,588.0,360.0,588.0,334.0,588.0,676.0,170569.0,171245.0,26.0,413.0,413.81759266614074,0.0628296149336895,1.5079253009720623,93.60224443330641
341.0,586.0,354.0,586.0,341.0,586.0,169.0,176400.0,176569.0,13.0,420.0,420.2011423116315,0.030937564635078695,1.5398538248061004,91.77287477153317
333.0,589.0,359.0,589.0,333.0,589.0,676.0,169744.0,170420.0,26.0,412.0,412.8195731793734,0.06298150981494957,1.5077731046634126,93.61096463944952
333.0,585.0,360.0,585.0,333.0,585.0,729.0,172225.0,172954.0,27.0,415.0,415.87738577614437,0.064922981925575,1.505827649818839,93.72243099127687
340.0,586.0,359.0,586.0,340.0,586.0,361.0,171396.0,171757.0,19.0,414.0,414.43576100524916,0.04584546457553249,1.5249347872940051,92.62767265537359
339.0,586.0,358.0,586.0,339.0,586.0,361.0,176400.0,176761.0,19.0,420.0,420.42954225410944,0.045191876617738526,1.5255890534181293,92.59018596778289
334.0,587.0,354.0,587.0,334.0,587.0,400.0,175561.0,175961.0,20.0,419.0,419.47705539159114,0.047678412306316864,1.523099831977408,92.73280785060969
334.0,587.0,360.0,587.0,334.0,587.0,676.0,175561.0,176237.0,26.0,419.0,419.80590753346956,0.06193338286438267,1.5088232819997258,93.55079391033848
334.0,586.0,353.0,586.0,334.0,586.0,361.0,176400.0,176761.0,19.0,420.0,420.42954225410944,0.045191876617738526,1.5255890534181293,92.59018596778289
332.0,588.0,359.0,588.0,332.0,588.0,729.0,175561.0,176290.0,27.0,419.0,419.86902719776793,0.06430576739656098,1.5064461568470737,93.68699314895983
332.0,587.0,358.0,587.0,332.0,587.0,676.0,176400.0,177076.0,26.0,420.0,420.80399237649823,0.06178648603870064,1.5089704606962449,93.5423611921937
332.0,591.0,359.0,591.0,332.0,591.0,729.0,171396.0,172125.0,27.0,414.0,414.87950057817994,0.06507913734559685,1.5056711634605107,93.73139699916045
331.0,592.0,358.0,592.0,331.0,592.0,729.0,170569.0,171298.0,27.0,413.0,413.8816255887666,0.06523604415052539,1.5055139225162644,93.74040624163241
330.0,587.0,356.0,587.0,330.0,587.0,676.0,176400.0,177076.0,26.0,420.0,420.80399237649823,0.06178648603870064,1.5089704606962449,93.5423611921937
330.0,587.0,356.0,587.0,330.0,587.0,676.0,176400.0,177076.0,26.0,420.0,420.80399237649823,0.06178648603870064,1.5089704606962449,93.5423611921937
330.0,587.0,356.0,587.0,330.0,587.0,676.0,176400.0,177076.0,26.0,420.0,420.80399237649823,0.06178648603870064,1.5089704606962449,93.5423611921937
330.0,586.0,356.0,586.0,330.0,586.0,676.0,177241.0,177917.0,26.0,421.0,421.80208629166356,0.06164028307347388,1.5091169428694433,93.53396838189552
330.0,588.0,356.0,588.0,330.0,588.0,676.0,175561.0,176237.0,26.0,419.0,419.80590753346956,0.06193338286438267,1.5088232819997258,93.55079391033848
326.0,588.0,358.0,588.0,326.0,588.0,1024.0,174724.0,175748.0,32.0,418.0,419.2230909670888,0.07633167325344721,1.4943903337890676,94.37774092874008
330.0,589.0,357.0,589.0,330.0,589.0,729.0,174724.0,175453.0,27.0,418.0,418.8711018917395,0.06445897049966068,1.506292635233005,93.69578928951
326.0,588.0,359.0,588.0,326.0,588.0,1089.0,174724.0,175813.0,33.0,418.0,419.3006081560102,0.07870248542001067,1.492012365805753,94.51398845800125
325.0,586.0,358.0,586.0,325.0,586.0,1089.0,176400.0,177489.0,33.0,420.0,421.2944338583172,0.07833001660567397,1.4923859880562549,94.49258147991532
327.0,591.0,360.0,591.0,327.0,591.0,1089.0,169744.0,170833.0,33.0,412.0,413.3194890154588,0.07984138391007675,1.4908698718566418,94.57944853940455
327.0,591.0,360.0,591.0,327.0,591.0,1089.0,170569.0,171658.0,33.0,413.0,414.3163042893678,0.07964929127421463,1.4910625782106464,94.56840727863474
326.0,587.0,358.0,587.0,326.0,587.0,1024.0,175561.0,176585.0,32.0,419.0,420.2201803816661,0.0761505550993194,1.4945719806428763,94.36733333065501
326.0,590.0,359.0,590.0,326.0,590.0,1089.0,170569.0,171658.0,33.0,413.0,414.3163042893678,0.07964929127421463,1.4910625782106464,94.56840727863474
325.0,587.0,358.0,587.0,325.0,587.0,1089.0,175561.0,176650.0,33.0,419.0,420.2975136733502,0.07851581064942291,1.4921996200323888,94.50325958111902
327.0,585.0,360.0,585.0,327.0,585.0,1089.0,175561.0,176650.0,33.0,419.0,420.2975136733502,0.07851581064942291,1.4921996200323888,94.50325958111902
326.0,586.0,358.0,586.0,326.0,586.0,1024.0,170569.0,171593.0,32.0,413.0,414.23785437837523,0.07725030356779126,1.4934689828882972,94.43053044680481
325.0,592.0,358.0,592.0,325.0,592.0,1089.0,170569.0,171658.0,33.0,413.0,414.3163042893678,0.07964929127421463,1.4910625782106464,94.56840727863474
326.0,592.0,358.0,592.0,326.0,592.0,1024.0,170569.0,171593.0,32.0,413.0,414.23785437837523,0.07725030356779126,1.4934689828882972,94.43053044680481
325.0,592.0,358.0,592.0,325.0,592.0,1089.0,170569.0,171658.0,33.0,413.0,414.3163042893678,0.07964929127421463,1.4910625782106464,94.56840727863474
326.0,592.0,359.0,592.0,326.0,592.0,1089.0,171396.0,172485.0,33.0,414.0,415.31313487536124,0.07945811781248759,1.4912543595078749,94.557419019714
326.0,592.0,359.0,592.0,326.0,592.0,1089.0,171396.0,172485.0,33.0,414.0,415.31313487536124,0.07945811781248759,1.4912543595078749,94.557419019714
327.0,591.0,360.0,591.0,327.0,591.0,1089.0,167281.0,168370.0,33.0,409.0,410.3291361821629,0.08042324341635312,1.490286135182318,94.6128941871903
331.0,589.0,358.0,589.0,331.0,589.0,729.0,168921.0,169650.0,27.0,411.0,411.8859065323794,0.06555213366563069,1.5051971549638579,93.75855568547199
331.0,589.0,358.0,589.0,331.0,589.0,729.0,168921.0,169650.0,27.0,411.0,411.8859065323794,0.06555213366563069,1.5051971549638579,93.75855568547199
331.0,589.0,358.0,589.0,331.0,589.0,729.0,168921.0,169650.0,27.0,411.0,411.8859065323794,0.06555213366563069,1.5051971549638579,93.75855568547199
325.0,589.0,358.0,589.0,325.0,589.0,1089.0,169744.0,170833.0,33.0,412.0,413.3194890154588,0.07984138391007675,1.4908698718566418,94.57944853940455
325.0,590.0,358.0,590.0,325.0,590.0,1089.0,173889.0,174978.0,33.0,417.0,418.3037174111653,0.07889004717489315,1.4918242190535045,94.52476847283418
326.0,592.0,359.0,592.0,326.0,592.0,1089.0,167281.0,168370.0,33.0,409.0,410.3291361821629,0.08042324341635312,1.490286135182318,94.6128941871903
326.0,592.0,359.0,592.0,326.0,592.0,1089.0,167281.0,168370.0,33.0,409.0,410.3291361821629,0.08042324341635312,1.490286135182318,94.6128941871903
326.0,592.0,359.0,592.0,326.0,592.0,1089.0,167281.0,168370.0,33.0,409.0,410.3291361821629,0.08042324341635312,1.490286135182318,94.6128941871903
327.0,592.0,360.0,592.0,327.0,592.0,1089.0,167281.0,168370.0,33.0,409.0,410.3291361821629,0.08042324341635312,1.490286135182318,94.6128941871903
333.0,585.0,360.0,585.0,333.0,585.0,729.0,173056.0,173785.0,27.0,416.0,416.8752811093505,0.06476757251749267,1.5059833870024284,93.71350790794394
327.0,591.0,360.0,591.0,327.0,591.0,1089.0,168921.0,170010.0,33.0,411.0,412.3226891646881,0.08003440234359571,1.4906762337510824,94.59054318560602
327.0,592.0,360.0,592.0,327.0,592.0,1089.0,167281.0,168370.0,33.0,409.0,410.3291361821629,0.08042324341635312,1.490286135182318,94.6128941871903
328.0,592.0,361.0,592.0,328.0,592.0,1089.0,167281.0,168370.0,33.0,409.0,410.3291361821629,0.08042324341635312,1.490286135182318,94.6128941871903
329.0,592.0,362.0,592.0,329.0,592.0,1089.0,167281.0,168370.0,33.0,409.0,410.3291361821629,0.08042324341635312,1.490286135182318,94.6128941871903
329.0,591.0,362.0,591.0,329.0,591.0,1089.0,168100.0,169189.0,33.0,410.0,411.32590484918404,0.08022835326187325,1.490481657134572,94.60169160452399
330.0,592.0,363.0,592.0,330.0,592.0,1089.0,167281.0,168370.0,33.0,409.0,410.3291361821629,0.08042324341635312,1.490286135182318,94.6128941871903
330.0,592.0,363.0,592.0,330.0,592.0,1089.0,167281.0,168370.0,33.0,409.0,410.3291361821629,0.08042324341635312,1.490286135182318,94.6128941871903
330.0,591.0,363.0,591.0,330.0,591.0,1089.0,168921.0,170010.0,33.0,411.0,412.3226891646881,0.08003440234359571,1.4906762337510824,94.59054318560602
331.0,592.0,364.0,592.0,331.0,592.0,1089.0,167281.0,168370.0,33.0,409.0,410.3291361821629,0.08042324341635312,1.490286135182318,94.6128941871903
331.0,592.0,364.0,592.0,331.0,592.0,1089.0,167281.0,168370.0,33.0,409.0,410.3291361821629,0.08042324341635312,1.490286135182318,94.6128941871903
331.0,590.0,364.0,590.0,331.0,590.0,1089.0,168921.0,170010.0,33.0,411.0,412.3226891646881,0.08003440234359571,1.4906762337510824,94.59054318560602
331.0,591.0,364.0,591.0,331.0,591.0,1089.0,168100.0,169189.0,33.0,410.0,411.32590484918404,0.08022835326187325,1.490481657134572,94.60169160452399
331.0,592.0,364.0,592.0,331.0,592.0,1089.0,168100.0,169189.0,33.0,410.0,411.32590484918404,0.08022835326187325,1.490481657134572,94.60169160452399
331.0,591.0,364.0,591.0,331.0,591.0,1089.0,168921.0,170010.0,33.0,411.0,412.3226891646881,0.08003440234359571,1.4906762337510824,94.59054318560602
330.0,592.0,370.0,592.0,330.0,592.0,1600.0,168100.0,169700.0,40.0,410.0,411.9465984809196,0.09709996428542596,1.473543128543331,95.57219780396379
330.0,592.0,369.0,592.0,330.0,592.0,1521.0,168100.0,169621.0,39.0,410.0,411.8507011041744,0.09469450918850143,1.4759597217407665,95.4337372129507
330.0,597.0,370.0,597.0,330.0,597.0,1600.0,164025.0,165625.0,40.0,405.0,406.97051490249265,0.0982872186934322,1.4723501675822634,95.64054943215683
328.0,597.0,374.0,597.0,328.0,597.0,2116.0,163216.0,165332.0,46.0,404.0,406.6103786181558,0.11313041284467114,1.4574231970352352,96.49580184541763
323.0,597.0,376.0,597.0,323.0,597.0,2809.0,162409.0,165218.0,53.0,403.0,406.4701711073028,0.13039087187041995,1.440033119693086,97.49217988252886
323.0,595.0,376.0,595.0,323.0,595.0,2809.0,164025.0,166834.0,53.0,405.0,408.45317969138154,0.12975783427624596,1.4406715815154547,97.4555987147269
325.0,595.0,378.0,595.0,325.0,595.0,2809.0,164836.0,167645.0,53.0,406.0,409.444745967023,0.12944359531302588,1.4409884932299812,97.43744101100627
324.0,597.0,384.0,597.0,324.0,597.0,3600.0,159201.0,162801.0,60.0,399.0,403.4860592387301,0.14870402242199868,1.42153873214314,98.55183023382006
324.0,600.0,384.0,600.0,324.0,600.0,3600.0,156816.0,160416.0,60.0,396.0,400.51966243868725,0.14980537942799496,1.4204248987877621,98.6156481841641
317.0,603.0,391.0,603.0,317.0,603.0,5476.0,154449.0,159925.0,74.0,393.0,399.9062390110962,0.18504337462448722,1.3846803277950799,100.66366124255055
317.0,601.0,398.0,601.0,317.0,601.0,6561.0,151321.0,157882.0,81.0,389.0,397.34367995477163,0.20385375201946077,1.3655035964693616,101.76240701237052
320.0,599.0,399.0,599.0,320.0,599.0,6241.0,148996.0,155237.0,79.0,386.0,394.0012690334893,0.20050696840086868,1.368920956196481,101.5666067229286
315.0,604.0,407.0,604.0,315.0,604.0,8464.0,150544.0,159008.0,92.0,388.0,398.7580720186113,0.2307163326732758,1.3379825136881625,103.3392489033634
311.0,599.0,408.0,599.0,311.0,599.0,9409.0,150544.0,159953.0,97.0,388.0,399.9412456849131,0.24253562503633294,1.3258176636680326,104.03624346792647
310.0,605.0,411.0,605.0,310.0,605.0,10201.0,145924.0,156125.0,101.0,382.0,395.12656200260693,0.25561430111938066,1.312313266729417,104.80998841737853
306.0,612.0,415.0,612.0,306.0,612.0,11881.0,137641.0,149522.0,109.0,371.0,386.6807468700763,0.28188628702691454,1.2850367706501413,106.37281652262617
305.0,610.0,428.0,610.0,305.0,610.0,15129.0,135424.0,150553.0,123.0,368.0,388.0115977648091,0.31700083376001487,1.248230776653679,108.48164463940729
299.0,615.0,433.0,615.0,299.0,615.0,17956.0,128164.0,146120.0,134.0,358.0,382.25645841502796,0.3505499960827659,1.2126380263191812,110.52095901483688
294.0,623.0,441.0,623.0,294.0,623.0,21609.0,123201.0,144810.0,147.0,351.0,380.5390912902379,0.38629408479845984,1.1741859246874875,112.72410215174104
294.0,627.0,446.0,627.0,294.0,627.0,23104.0,121801.0,144905.0,152.0,349.0,380.66389374354907,0.39930238327883405,1.1600405166598107,113.53457433121739
292.0,633.0,458.0,633.0,292.0,633.0,27556.0,119025.0,146581.0,166.0,345.0,382.8589818719159,0.43358000689542325,1.1223344662611758,115.69497188116674
289.0,634.0,462.0,634.0,289.0,634.0,29929.0,119716.0,149645.0,173.0,346.0,386.83976010746363,0.44721359549995787,1.1071487177940906,116.56505117707798
284.0,644.0,464.0,644.0,284.0,644.0,32400.0,115600.0,148000.0,180.0,340.0,384.7076812334269,0.4678877204190327,1.0838970949836275,117.89727103094762
286.0,651.0,470.0,651.0,286.0,651.0,33856.0,112225.0,146081.0,184.0,335.0,382.2054421381255,0.4814164836865513,1.068526247395295,118.77795572529791
283.0,660.0,469.0,660.0,283.0,660.0,34596.0,108900.0,143496.0,186.0,330.0,378.80865882395034,0.4910130633693954,1.0575440539286356,119.40718906073366
279.0,665.0,475.0,665.0,279.0,665.0,38416.0,102400.0,140816.0,196.0,320.0,375.2545802518605,0.5223120790916135,1.0212363132685172,121.48746936421398
281.0,671.0,482.0,671.0,281.0,671.0,40401.0,104329.0,144730.0,201.0,323.0,380.4339627320358,0.5283439957793076,1.014147412990438,121.89363343153703
278.0,680.0,482.0,680.0,278.0,680.0,41616.0,101124.0,142740.0,204.0,318.0,377.809475794348,0.5399546942836415,1.0004130451449549,122.68055474336339
274.0,689.0,488.0,689.0,274.0,689.0,45796.0,96100.0,141896.0,214.0,310.0,376.6908546805988,0.5681051115017205,0.9665948457266899,124.61819484076176
275.0,699.0,493.0,699.0,275.0,699.0,47524.0,93636.0,141160.0,218.0,306.0,375.71265616159377,0.5802306534657655,0.9517844639425572,125.46676720996999
273.0,712.0,497.0,712.0,273.0,712.0,50176.0,86436.0,136612.0,224.0,294.0,369.6106059084344,0.6060432152628561,0.9197196053504169,127.30394827798344
274.0,719.0,500.0,719.0,274.0,719.0,51076.0,83521.0,134597.0,226.0,289.0,366.87463798959993,0.6160142364662629,0.9071234723969743,128.02565353440133
273.0,728.0,502.0,728.0,273.0,728.0,52441.0,81225.0,133666.0,229.0,285.0,365.60361048545457,0.6263614292428076,0.8939195484342211,128.78218265047877
276.0,740.0,505.0,740.0,276.0,740.0,52441.0,77284.0,129725.0,229.0,278.0,360.17356926904006,0.635804566294933,0.8817458669720294,129.479683219399
280.0,748.0,512.0,748.0,280.0,748.0,53824.0,76176.0,130000.0,232.0,276.0,360.5551275463989,0.6434522276212659,0.8717967127558953,130.04972776570827
280.0,762.0,509.0,762.0,280.0,762.0,52441.0,72361.0,124802.0,229.0,269.0,353.2732653343584,0.6482234079707703,0.8655473829376282,130.40778798908022
281.0,771.0,508.0,771.0,281.0,771.0,51529.0,68121.0,119650.0,227.0,261.0,345.90461112855957,0.6562502860525116,0.8549578874630174,131.0145213869483
285.0,777.0,512.0,777.0,285.0,777.0,51529.0,70756.0,122285.0,227.0,266.0,349.6927222576987,0.6491413333810165,0.8643412671362962,130.47689333410057
286.0,790.0,513.0,790.0,286.0,790.0,51529.0,64516.0,116045.0,227.0,254.0,340.6537831875642,0.6663657097124139,0.8414723738184796,131.7871844033464
289.0,792.0,513.0,792.0,289.0,792.0,50176.0,65536.0,115712.0,224.0,256.0,340.1646660075088,0.658504607868518,0.8519663271732721,131.18592516570965
292.0,802.0,515.0,802.0,292.0,802.0,49729.0,65025.0,114754.0,223.0,255.0,338.7535977668724,0.6582955914566163,0.8522440278048451,131.1700140915524
295.0,808.0,516.0,808.0,295.0,808.0,48841.0,64009.0,112850.0,221.0,253.0,335.9315406448165,0.6578721354231675,0.8528064277877305,131.13779094613483
292.0,818.0,523.0,818.0,292.0,818.0,53361.0,63504.0,116865.0,231.0,252.0,341.8552325180938,0.6757246285173463,0.8288490587889792,132.51044707800082
295.0,826.0,524.0,826.0,295.0,826.0,52441.0,63001.0,115442.0,229.0,251.0,339.7675676105652,0.6739901680741796,0.8311994431790223,132.37577997221794
296.0,831.0,525.0,831.0,296.0,831.0,52441.0,64516.0,116957.0,229.0,254.0,341.9897659287482,0.6696106808287092,0.8371118490048588,132.03702407162893
302.0,838.0,530.0,838.0,302.0,838.0,51984.0,62001.0,113985.0,228.0,249.0,337.6166465090251,0.675322151195839,0.8293949102631506,132.47917209228982
302.0,844.0,532.0,844.0,302.0,844.0,52900.0,65536.0,118436.0,230.0,256.0,344.14531814336806,0.6683223274424553,0.8388451556789801,131.93771291459996
308.0,844.0,531.0,844.0,308.0,844.0,49729.0,67081.0,116810.0,223.0,259.0,341.77477964296895,0.6524764648607319,0.8599485413429759,130.7285779826161
309.0,853.0,536.0,853.0,309.0,853.0,51529.0,68121.0,119650.0,227.0,261.0,345.90461112855957,0.6562502860525116,0.8549578874630174,131.0145213869483
312.0,859.0,537.0,859.0,312.0,859.0,50625.0,65536.0,116161.0,225.0,256.0,340.82400150224163,0.660164774218579,0.8497582159400451,131.31244062006897
315.0,863.0,544.0,863.0,315.0,863.0,52441.0,66564.0,119005.0,229.0,258.0,344.97101327502867,0.6638238900884967,0.8448761814618553,131.59216059110662
319.0,869.0,542.0,869.0,319.0,869.0,49729.0,68644.0,118373.0,223.0,262.0,344.05377486666237,0.648154492960943,0.8656378843977456,130.4026026373757
321.0,876.0,543.0,876.0,321.0,876.0,49284.0,68644.0,117928.0,222.0,262.0,343.4064647032726,0.6464642422845,0.8678554008645144,130.27554830282912
328.0,878.0,545.0,878.0,328.0,878.0,47089.0,70756.0,117845.0,217.0,266.0,343.2855953866984,0.6321267274717939,0.8865015351337469,129.20720350496782
331.0,883.0,547.0,883.0,331.0,883.0,46656.0,70756.0,117412.0,216.0,266.0,342.65434478494507,0.6303728620034419,0.8887628976203978,129.07763697853352
334.0,885.0,551.0,885.0,334.0,885.0,47089.0,73441.0,120530.0,217.0,271.0,347.17430780517157,0.6250462523332134,0.8956055420465815,128.6855823322045
339.0,890.0,550.0,890.0,339.0,890.0,44521.0,73441.0,117962.0,211.0,271.0,343.45596515419555,0.6143436754847771,0.9092424327587891,127.90424604871384
342.0,891.0,553.0,891.0,342.0,891.0,44521.0,76176.0,120697.0,211.0,276.0,347.4147377415069,0.6073432617501507,0.9180841946845689,127.39765040690719
347.0,896.0,554.0,896.0,347.0,896.0,42849.0,76176.0,119025.0,207.0,276.0,345.0,0.6,0.9272952180016123,126.86989764584402
356.0,897.0,560.0,897.0,356.0,897.0,41616.0,87616.0,129232.0,204.0,296.0,359.4885255470611,0.5674729108239481,0.9673628493566343,124.57419147411521
362.0,898.0,565.0,898.0,362.0,898.0,41209.0,90000.0,131209.0,203.0,300.0,362.22782885913114,0.5604207734103882,0.9759025612754998,124.08490202290665
365.0,900.0,568.0,900.0,365.0,900.0,41209.0,95481.0,136690.0,203.0,309.0,369.7161073039691,0.549069937688973,0.9895453085795654,123.30323018142022
376.0,908.0,570.0,908.0,376.0,908.0,37636.0,93636.0,131272.0,194.0,306.0,362.3147802671042,0.5354460004556815,1.0057605877541056,122.37416312109268
383.0,906.0,573.0,906.0,383.0,906.0,36100.0,97969.0,134069.0,190.0,313.0,366.1543390429779,0.5189068645113024,1.0252246472885553,121.25895465757733
394.0,909.0,575.0,909.0,394.0,909.0,32761.0,95481.0,128242.0,181.0,309.0,358.10892197765753,0.5054328135708739,1.0409128351158565,120.36008770686448
403.0,905.0,579.0,905.0,403.0,905.0,30976.0,101124.0,132100.0,176.0,318.0,363.45563690772497,0.48424066688690076,1.0653012416591316,118.96273494288556
409.0,906.0,585.0,906.0,409.0,906.0,30976.0,101124.0,132100.0,176.0,318.0,363.45563690772497,0.48424066688690076,1.0653012416591316,118.96273494288556
419.0,906.0,580.0,906.0,419.0,906.0,25921.0,101124.0,127045.0,161.0,318.0,356.4337245547901,0.451696876329814,1.1021299393552437,116.85260599993516
425.0,907.0,586.0,907.0,425.0,907.0,25921.0,103684.0,129605.0,161.0,322.0,360.00694437746614,0.4472135954999579,1.1071487177940904,116.56505117707799
436.0,908.0,592.0,908.0,436.0,908.0,24336.0,103041.0,127377.0,156.0,321.0,356.8991454178617,0.4370982727273089,1.118426435132486,115.91888557104642
446.0,907.0,588.0,907.0,446.0,907.0,20164.0,106929.0,127093.0,142.0,327.0,356.50105189185626,0.3983157952730961,1.1611163634744253,113.47293284933738
456.0,904.0,594.0,904.0,456.0,904.0,19044.0,111556.0,130600.0,138.0,334.0,361.386219991853,0.38186292770961505,1.178985189759799,112.44912451833304
466.0,901.0,600.0,901.0,466.0,901.0,17956.0,112896.0,130852.0,134.0,336.0,361.7347094211447,0.3704372196254806,1.1913166433669602,111.74258427138132
481.0,897.0,601.0,897.0,481.0,897.0,14400.0,114921.0,129321.0,120.0,339.0,359.612291224869,0.3336927099773763,1.2305782151502134,109.49306191115099
491.0,895.0,602.0,895.0,491.0,895.0,12321.0,116281.0,128602.0,111.0,341.0,358.61121008691293,0.30952741263469724,1.2561003290897648,108.0307524981627
497.0,895.0,602.0,895.0,497.0,895.0,11025.0,116281.0,127306.0,105.0,341.0,356.79966367697153,0.2942827886044806,1.2720913371032472,107.11453522883028
508.0,893.0,599.0,893.0,508.0,893.0,8281.0,116281.0,124562.0,91.0,341.0,352.93342148342936,0.2578389986913511,1.31001141999209,104.94187452051332
514.0,891.0,604.0,891.0,514.0,891.0,8100.0,120409.0,128509.0,90.0,347.0,358.48151974683435,0.25105896689893387,1.3170222206555873,104.54018523148741
525.0,886.0,605.0,886.0,525.0,886.0,6400.0,123201.0,129601.0,80.0,351.0,360.0013888862097,0.22222136488836333,1.3467041138137847,102.83953802556447
531.0,886.0,606.0,886.0,531.0,886.0,5625.0,122500.0,128125.0,75.0,350.0,357.94552658190884,0.20952908873087345,1.35970299357215,102.0947570770121
542.0,887.0,612.0,887.0,542.0,887.0,4900.0,122500.0,127400.0,70.0,350.0,356.9313659514949,0.19611613513818404,1.373400766945016,101.30993247402021
549.0,881.0,619.0,881.0,549.0,881.0,4900.0,129600.0,134500.0,70.0,360.0,366.742416417845,0.19086965910222412,1.3787483095541666,101.00354085174949
554.0,881.0,619.0,881.0,554.0,881.0,4225.0,130321.0,134546.0,65.0,361.0,366.80512537313325,0.17720581176143224,1.3926497261006434,100.20704835438305
564.0,880.0,619.0,880.0,564.0,880.0,3025.0,131044.0,134069.0,55.0,362.0,366.1543390429779,0.15020988183221912,1.4200157669883169,98.63908970953692
570.0,880.0,620.0,880.0,570.0,880.0,2500.0,131769.0,134269.0,50.0,363.0,366.427346141087,0.13645269799472962,1.4339165979006525,97.8426307665351
578.0,879.0,623.0,879.0,578.0,879.0,2025.0,132496.0,134521.0,45.0,364.0,366.77104574925215,0.12269234586953967,1.4477940537767764,97.04751111445417
581.0,879.0,617.0,879.0,581.0,879.0,1296.0,133225.0,134521.0,36.0,365.0,366.77104574925215,0.09815387669563173,1.4724841574652254,95.63287237736566
587.0,879.0,618.0,879.0,587.0,879.0,961.0,133225.0,134186.0,31.0,365.0,366.31407289373965,0.0846268333485306,1.486068154502062,94.85456667823671
595.0,879.0,621.0,879.0,595.0,879.0,676.0,133956.0,134632.0,26.0,366.0,366.9223351064909,0.07085968204267011,1.4998772115046464,94.06336599293304
599.0,878.0,620.0,878.0,599.0,878.0,441.0,137641.0,138082.0,21.0,371.0,371.59386431963594,0.056513312022655776,1.5142528898500793,93.23970029610211
602.0,878.0,618.0,878.0,602.0,878.0,256.0,134689.0,134945.0,16.0,367.0,367.3486082728503,0.043555357607659446,1.5272271861632878,92.49632787520314
609.0,880.0,619.0,880.0,609.0,880.0,100.0,137641.0,137741.0,10.0,371.0,371.13474641967974,0.026944391751161947,1.5438486737056323,91.54398678979751
609.0,879.0,615.0,879.0,609.0,879.0,36.0,138384.0,138420.0,6.0,372.0,372.0483839502599,0.016126934718260072,1.5546686929512603,90.92404535277271
616.0,879.0,616.0,879.0,616.0,879.0,0.0,137641.0,137641.0,0.0,371.0,371.0,nan,nan,nan
619.0,878.0,619.0,878.0,619.0,878.0,0.0,139129.0,139129.0,0.0,373.0,373.0,nan,nan,nan
622.0,879.0,622.0,879.0,622.0,879.0,0.0,135424.0,135424.0,0.0,368.0,368.0,nan,nan,nan
623.0,881.0,623.0,881.0,623.0,881.0,0.0,133225.0,133225.0,0.0,365.0,365.0,nan,nan,nan
628.0,877.0,623.0,877.0,628.0,877.0,25.0,136161.0,136186.0,5.0,369.0,369.0338737839658,0.013548891728370236,1.5572470204983655,89.22368193387874
629.0,877.0,629.0,877.0,629.0,877.0,0.0,136161.0,136161.0,0.0,369.0,369.0,nan,nan,nan
635.0,877.0,629.0,877.0,635.0,877.0,36.0,136161.0,136197.0,6.0,369.0,369.04877726392755,0.016258013492100157,1.554537596989767,89.06844340192252
635.0,883.0,630.0,883.0,635.0,883.0,25.0,131769.0,131794.0,5.0,363.0,363.03443362854716,0.013772798216479776,1.557023093114296,89.21085183985416
636.0,883.0,630.0,883.0,636.0,883.0,36.0,131769.0,131805.0,6.0,363.0,363.0495833904785,0.016526668186661136,1.5542689061921757,89.05304855322653
636.0,882.0,631.0,882.0,636.0,882.0,25.0,132496.0,132521.0,5.0,364.0,364.0343390396021,0.013734968006565079,1.557060926902878,89.21301955626288
636.0,881.0,631.0,881.0,636.0,881.0,25.0,133225.0,133250.0,5.0,365.0,365.0342449688796,0.013697345026974844,1.5570985534220307,89.21517539700811
636.0,880.0,631.0,880.0,636.0,880.0,25.0,133956.0,133981.0,5.0,366.0,366.0341514121326,0.013659927579736402,1.5571359743702602,89.21731945940704
637.0,880.0,631.0,880.0,637.0,880.0,36.0,133956.0,133992.0,6.0,366.0,366.04917702407147,0.016391240239301066,1.5544043524868913,89.06080905426442
637.0,880.0,632.0,880.0,637.0,880.0,25.0,133956.0,133981.0,5.0,366.0,366.0341514121326,0.013659927579736402,1.5571359743702602,89.21731945940704
637.0,887.0,632.0,887.0,637.0,887.0,25.0,128881.0,128906.0,5.0,359.0,359.03481725314606,0.013926225980681509,1.5568696506334148,89.20206023330164
636.0,887.0,631.0,887.0,636.0,887.0,25.0,128881.0,128906.0,5.0,359.0,359.03481725314606,0.013926225980681509,1.5568696506334148,89.20206023330164
636.0,887.0,631.0,887.0,636.0,887.0,25.0,128881.0,128906.0,5.0,359.0,359.03481725314606,0.013926225980681509,1.5568696506334148,89.20206023330164
636.0,887.0,631.0,887.0,636.0,887.0,25.0,132496.0,132521.0,5.0,364.0,364.0343390396021,0.013734968006565079,1.557060926902878,89.21301955626288
636.0,887.0,631.0,887.0,636.0,887.0,25.0,132496.0,132521.0,5.0,364.0,364.0343390396021,0.013734968006565079,1.557060926902878,89.21301955626288
636.0,887.0,631.0,887.0,636.0,887.0,25.0,132496.0,132521.0,5.0,364.0,364.0343390396021,0.013734968006565079,1.557060926902878,89.21301955626288
636.0,887.0,631.0,887.0,636.0,887.0,25.0,128881.0,128906.0,5.0,359.0,359.03481725314606,0.013926225980681509,1.5568696506334148,89.20206023330164
637.0,887.0,631.0,887.0,637.0,887.0,36.0,128881.0,128917.0,6.0,359.0,359.05013577493605,0.01671075819829515,1.554084790753875,89.04249951566871
636.0,887.0,631.0,887.0,636.0,887.0,25.0,128881.0,128906.0,5.0,359.0,359.03481725314606,0.013926225980681509,1.5568696506334148,89.20206023330164
631.0,887.0,631.0,887.0,631.0,887.0,0.0,128881.0,128881.0,0.0,359.0,359.0,nan,nan,nan
632.0,882.0,632.0,882.0,632.0,882.0,0.0,132496.0,132496.0,0.0,364.0,364.0,nan,nan,nan
631.0,882.0,631.0,882.0,631.0,882.0,0.0,132496.0,132496.0,0.0,364.0,364.0,nan,nan,nan
632.0,883.0,632.0,883.0,632.0,883.0,0.0,131769.0,131769.0,0.0,363.0,363.0,nan,nan,nan
631.0,883.0,631.0,883.0,631.0,883.0,0.0,131769.0,131769.0,0.0,363.0,363.0,nan,nan,nan
630.0,883.0,630.0,883.0,630.0,883.0,0.0,131769.0,131769.0,0.0,363.0,363.0,nan,nan,nan
630.0,883.0,630.0,883.0,630.0,883.0,0.0,131769.0,131769.0,0.0,363.0,363.0,nan,nan,nan
630.0,883.0,630.0,883.0,630.0,883.0,0.0,131769.0,131769.0,0.0,363.0,363.0,nan,nan,nan
629.0,883.0,629.0,883.0,629.0,883.0,0.0,131769.0,131769.0,0.0,363.0,363.0,nan,nan,nan
629.0,883.0,629.0,883.0,629.0,883.0,0.0,131769.0,131769.0,0.0,363.0,363.0,nan,nan,nan
628.0,883.0,623.0,883.0,628.0,883.0,25.0,131769.0,131794.0,5.0,363.0,363.03443362854716,0.013772798216479776,1.557023093114296,89.21085183985416
566.0,887.0,618.0,887.0,566.0,887.0,2704.0,129600.0,132304.0,52.0,360.0,363.73616812189573,0.14296076265523777,1.4273440634912378,98.21920924889906
565.0,881.0,618.0,881.0,565.0,881.0,2809.0,133956.0,136765.0,53.0,366.0,369.8175225702536,0.14331392312523994,1.4269872286317216,98.23965438033248
565.0,881.0,617.0,881.0,565.0,881.0,2704.0,133956.0,136660.0,52.0,366.0,369.67553340733815,0.14066389387663972,1.429664382982522,98.08626473492654
565.0,881.0,617.0,881.0,565.0,881.0,2704.0,133956.0,136660.0,52.0,366.0,369.67553340733815,0.14066389387663972,1.429664382982522,98.08626473492654
570.0,879.0,616.0,879.0,570.0,879.0,2116.0,133956.0,136072.0,46.0,366.0,368.8793840810299,0.12470200825832926,1.4457688373932258,97.16354746583237
570.0,881.0,617.0,881.0,570.0,881.0,2209.0,133225.0,135434.0,47.0,365.0,368.01358670570846,0.12771267610177872,1.4427339006332245,97.33743653326955
570.0,881.0,617.0,881.0,570.0,881.0,2209.0,133225.0,135434.0,47.0,365.0,368.01358670570846,0.12771267610177872,1.4427339006332245,97.33743653326955
565.0,880.0,612.0,880.0,565.0,880.0,2209.0,133956.0,136165.0,47.0,366.0,369.00542001439493,0.1273694028617968,1.4430800003697717,97.31760647907481
565.0,880.0,612.0,880.0,565.0,880.0,2209.0,133956.0,136165.0,47.0,366.0,369.00542001439493,0.1273694028617968,1.4430800003697717,97.31760647907481
565.0,880.0,612.0,880.0,565.0,880.0,2209.0,133956.0,136165.0,47.0,366.0,369.00542001439493,0.1273694028617968,1.4430800003697717,97.31760647907481
565.0,880.0,612.0,880.0,565.0,880.0,2209.0,133956.0,136165.0,47.0,366.0,369.00542001439493,0.1273694028617968,1.4430800003697717,97.31760647907481
565.0,880.0,612.0,880.0,565.0,880.0,2209.0,133956.0,136165.0,47.0,366.0,369.00542001439493,0.1273694028617968,1.4430800003697717,97.31760647907481
566.0,880.0,613.0,880.0,566.0,880.0,2209.0,133956.0,136165.0,47.0,366.0,369.00542001439493,0.1273694028617968,1.4430800003697717,97.31760647907481
565.0,880.0,612.0,880.0,565.0,880.0,2209.0,133956.0,136165.0,47.0,366.0,369.00542001439493,0.1273694028617968,1.4430800003697717,97.31760647907481
565.0,881.0,612.0,881.0,565.0,881.0,2209.0,133956.0,136165.0,47.0,366.0,369.00542001439493,0.1273694028617968,1.4430800003697717,97.31760647907481
565.0,881.0,612.0,881.0,565.0,881.0,2209.0,133225.0,135434.0,47.0,365.0,368.01358670570846,0.12771267610177872,1.4427339006332245,97.33743653326955
565.0,881.0,612.0,881.0,565.0,881.0,2209.0,133225.0,135434.0,47.0,365.0,368.01358670570846,0.12771267610177872,1.4427339006332245,97.33743653326955
565.0,881.0,612.0,881.0,565.0,881.0,2209.0,133225.0,135434.0,47.0,365.0,368.01358670570846,0.12771267610177872,1.4427339006332245,97.33743653326955
561.0,881.0,613.0,881.0,561.0,881.0,2704.0,133225.0,135929.0,52.0,365.0,368.68550283405506,0.14104161839909704,1.4292828548339835,98.10812468760324
561.0,881.0,613.0,881.0,561.0,881.0,2704.0,133956.0,136660.0,52.0,366.0,369.67553340733815,0.14066389387663972,1.429664382982522,98.08626473492654
561.0,876.0,613.0,876.0,561.0,876.0,2704.0,137641.0,140345.0,52.0,371.0,374.626480644388,0.13880492353491877,1.4315417726462902,97.97869823069114
561.0,877.0,613.0,877.0,561.0,877.0,2704.0,136900.0,139604.0,52.0,370.0,373.63618668431997,0.1391728153031764,1.4311702750995472,97.99998347221897
561.0,877.0,613.0,877.0,561.0,877.0,2704.0,136900.0,139604.0,52.0,370.0,373.63618668431997,0.1391728153031764,1.4311702750995472,97.99998347221897
555.0,877.0,613.0,877.0,555.0,877.0,3364.0,136900.0,140264.0,58.0,370.0,374.5183573604904,0.1548655729688904,1.415304943526301,98.90900001194163
554.0,878.0,616.0,878.0,554.0,878.0,3844.0,136161.0,140005.0,62.0,369.0,374.1724201487865,0.16569901110120897,1.4043295482104063,99.53784384203004
548.0,877.0,620.0,877.0,548.0,877.0,5184.0,136161.0,141345.0,72.0,369.0,375.9587743356976,0.19151035941964856,1.378095568132511,101.04094018032373
548.0,883.0,619.0,883.0,548.0,883.0,5041.0,131769.0,136810.0,71.0,363.0,369.87835838286077,0.19195499923385073,1.377642523053158,101.06689775129983
543.0,883.0,620.0,883.0,543.0,883.0,5929.0,128881.0,134810.0,77.0,359.0,367.16481312892716,0.20971508501540978,1.3595127710140489,102.10565602675948
536.0,885.0,618.0,885.0,536.0,885.0,6724.0,128164.0,134888.0,82.0,358.0,367.27101709772853,0.22326836636330688,1.3456301303515947,102.9010727452148
526.0,888.0,617.0,888.0,526.0,888.0,8281.0,126736.0,135017.0,91.0,356.0,367.44659475902074,0.24765503694402102,1.3205371846951128,104.33879262688235
519.0,885.0,620.0,885.0,519.0,885.0,10201.0,130321.0,140522.0,101.0,361.0,374.8626415101937,0.26943202340223993,1.2979931313090742,105.63047173901997
514.0,891.0,621.0,891.0,514.0,891.0,11449.0,126025.0,137474.0,107.0,355.0,370.7748643044725,0.2885848268078223,1.2780478771324835,106.7732506246543
504.0,893.0,620.0,893.0,504.0,893.0,13456.0,123904.0,137360.0,116.0,352.0,370.62110031675206,0.3129881161673212,1.2524587284297926,108.23940084665115
494.0,894.0,620.0,894.0,494.0,894.0,15876.0,121104.0,136980.0,126.0,348.0,370.10809231898725,0.3404410836048503,1.223410363876577,109.90374953730783
483.0,898.0,618.0,898.0,483.0,898.0,18225.0,119025.0,137250.0,135.0,345.0,370.4726710568541,0.36439934858051215,1.1978086049948358,111.37062226934317
472.0,904.0,617.0,904.0,472.0,904.0,21025.0,115600.0,136625.0,145.0,340.0,369.6281915655244,0.3922860953485895,1.1676807375761977,113.09682191816083
457.0,907.0,615.0,907.0,457.0,907.0,24964.0,113569.0,138533.0,158.0,337.0,372.2002149381432,0.42450271025839786,1.1323837444344245,115.11919065468665
447.0,908.0,608.0,908.0,447.0,908.0,25921.0,113569.0,139490.0,161.0,337.0,373.48360071092816,0.43107649089152933,1.1251108576419477,115.53589637277202
431.0,913.0,607.0,913.0,431.0,913.0,30976.0,110224.0,141200.0,176.0,332.0,375.7658845611187,0.4683767399628676,1.0833436916090204,117.92897870868092
421.0,913.0,607.0,913.0,421.0,913.0,34596.0,110224.0,144820.0,186.0,332.0,380.5522303179946,0.48876339482907744,1.0601245859513442,119.25933546693409
410.0,912.0,605.0,912.0,410.0,912.0,38025.0,107584.0,145609.0,195.0,328.0,381.5874735889531,0.5110230641639313,1.034421748284209,120.73199958677081
395.0,909.0,599.0,909.0,395.0,909.0,41616.0,105625.0,147241.0,204.0,325.0,383.7199499635118,0.531637721779643,1.0102633122040372,122.11617601380124
384.0,911.0,592.0,911.0,384.0,911.0,43264.0,104976.0,148240.0,208.0,324.0,385.01948002666046,0.5402324058657946,1.0000830666055374,122.69946112100192
374.0,909.0,585.0,909.0,374.0,909.0,44521.0,103041.0,147562.0,211.0,321.0,384.1379960378822,0.5492817741965624,0.9892918267300704,123.31775362157944
361.0,902.0,581.0,902.0,361.0,902.0,48400.0,104976.0,153376.0,220.0,324.0,391.632480777578,0.5617511590540056,0.9742953442750709,124.1769887737929
354.0,901.0,574.0,901.0,354.0,901.0,48400.0,103041.0,151441.0,220.0,321.0,389.15421107833333,0.5653285862958732,0.9699647763493291,124.42511203883262
344.0,899.0,571.0,899.0,344.0,899.0,51529.0,101124.0,152653.0,227.0,318.0,390.7083311115851,0.5809960574789216,0.9508443713001715,125.52063055072999
341.0,899.0,564.0,899.0,341.0,899.0,49729.0,99225.0,148954.0,223.0,315.0,385.94559202042973,0.5778016503118804,0.9547636832874826,125.29607051526203
331.0,897.0,564.0,897.0,331.0,897.0,54289.0,93025.0,147314.0,233.0,305.0,383.8150596315887,0.6070632044080004,0.9184366691155745,127.3774551096243
328.0,887.0,564.0,887.0,328.0,887.0,55696.0,93025.0,148721.0,236.0,305.0,385.64361786499205,0.6119639715718568,0.9122548584336657,127.73164677144656
323.0,880.0,563.0,880.0,323.0,880.0,57600.0,90000.0,147600.0,240.0,300.0,384.1874542459709,0.6246950475544243,0.8960553845713439,128.65980825409008
314.0,870.0,551.0,870.0,314.0,870.0,56169.0,88804.0,144973.0,237.0,298.0,380.7532009057836,0.6224504467360867,0.898926582587959,128.4953007255917
312.0,866.0,545.0,866.0,312.0,866.0,54289.0,87025.0,141314.0,233.0,295.0,375.91754415030965,0.6198167753161198,0.9022871277480711,128.30275567105417
312.0,852.0,537.0,852.0,312.0,852.0,50625.0,88209.0,138834.0,225.0,297.0,372.6043478007201,0.6038576879954624,0.922464337707636,127.14668669802177
311.0,844.0,533.0,844.0,311.0,844.0,49284.0,87025.0,136309.0,222.0,295.0,369.2004875403065,0.6012993143075515,0.9256700840043539,126.96301096503015
304.0,830.0,530.0,830.0,304.0,830.0,51076.0,89401.0,140477.0,226.0,299.0,374.80261471873433,0.6029840538054909,0.9235599098671012,127.08391503713239
308.0,821.0,524.0,821.0,308.0,821.0,46656.0,84100.0,130756.0,216.0,290.0,361.6019911449604,0.5973418434894876,0.9306137898899668,126.67975748263055
305.0,811.0,519.0,811.0,305.0,811.0,45796.0,84681.0,130477.0,214.0,291.0,361.2160018603827,0.5924432995709734,0.9367080075514059,126.330584531196
306.0,795.0,516.0,795.0,306.0,795.0,44100.0,85849.0,129949.0,210.0,293.0,360.4843963336,0.5825494865682382,0.948934459107128,125.63006045863196
306.0,778.0,514.0,778.0,306.0,778.0,43264.0,88804.0,132068.0,208.0,298.0,363.4116123626211,0.5723537523959263,0.9614229314636485,124.91452370003753
308.0,758.0,507.0,758.0,308.0,758.0,39601.0,97969.0,137570.0,199.0,313.0,370.9043003255692,0.5365265375066385,1.004480674177506,122.44749676717333
308.0,743.0,509.0,743.0,308.0,743.0,40401.0,97969.0,138370.0,201.0,313.0,371.9811823197512,0.5403499143330923,0.9999434213055096,122.70746220732234
306.0,729.0,498.0,729.0,306.0,729.0,36864.0,100489.0,137353.0,192.0,317.0,370.6116565894818,0.51806249637926,1.0262121120562884,121.20237709396838
304.0,714.0,491.0,714.0,304.0,714.0,34969.0,106929.0,141898.0,187.0,327.0,376.6935093680272,0.49642479986906857,1.0513209402520747,119.76374720983074
302.0,699.0,487.0,699.0,302.0,699.0,34225.0,108900.0,143125.0,185.0,330.0,378.3186487605389,0.4890057643367664,1.0598467502982862,119.27525427725257
305.0,681.0,483.0,681.0,305.0,681.0,31684.0,119025.0,150709.0,178.0,345.0,388.2125706362431,0.4585116852560316,1.0944765850872284,117.29111089861087
306.0,670.0,473.0,670.0,306.0,670.0,27889.0,120409.0,148298.0,167.0,347.0,385.094793524919,0.43365945945772344,1.1222462930077437,115.70002383645433
306.0,655.0,470.0,655.0,306.0,655.0,26896.0,123904.0,150800.0,164.0,352.0,388.329756778952,0.42232148615217585,1.134791444436815,114.98123960621604
312.0,643.0,466.0,643.0,312.0,643.0,23716.0,123201.0,146917.0,154.0,351.0,383.2975345602943,0.40177665159433773,1.157340173000248,113.68929262614525
310.0,630.0,468.0,630.0,310.0,630.0,24964.0,125316.0,150280.0,158.0,354.0,387.6596445337069,0.40757402073679594,1.1510004951044153,114.05252941304883
318.0,619.0,460.0,619.0,318.0,619.0,20164.0,131044.0,151208.0,142.0,362.0,388.85472865840273,0.3651749343255197,1.196975618931769,111.41834885515011
318.0,613.0,453.0,613.0,318.0,613.0,18225.0,130321.0,148546.0,135.0,361.0,385.41665765765754,0.35027027845774217,1.2129366796552192,110.5038474391444
324.0,604.0,453.0,604.0,324.0,604.0,16641.0,136161.0,152802.0,129.0,369.0,390.8989639280207,0.3300085492775923,1.2344836950055158,109.2692943984688
320.0,596.0,445.0,596.0,320.0,596.0,15625.0,140625.0,156250.0,125.0,375.0,395.28470752104744,0.3162277660168379,1.2490457723982544,108.43494882292201
323.0,591.0,438.0,591.0,323.0,591.0,13225.0,142884.0,156109.0,115.0,378.0,395.10631480653404,0.2910609010547209,1.2754607638901814,106.92148129456062
328.0,589.0,436.0,589.0,328.0,589.0,11664.0,143641.0,155305.0,108.0,379.0,394.08755372378863,0.27405077622851276,1.293193774682789,105.90545461808426
333.0,591.0,434.0,591.0,333.0,591.0,10201.0,141376.0,151577.0,101.0,376.0,389.32890979222185,0.25942075571501216,1.3083739502932978,105.03569462333468
332.0,590.0,425.0,590.0,332.0,590.0,8649.0,152881.0,161530.0,93.0,391.0,401.90794966011805,0.23139626891841134,1.3372836668993209,103.37928987489029
332.0,592.0,425.0,592.0,332.0,592.0,8649.0,151321.0,159970.0,93.0,389.0,399.96249824202266,0.23252179994066458,1.3361265768142758,103.4455862532798
338.0,587.0,417.0,587.0,338.0,587.0,6241.0,160000.0,166241.0,79.0,400.0,407.72662410002124,0.19375727590607414,1.3758057647131605,101.17213625216714
337.0,590.0,418.0,590.0,337.0,590.0,6561.0,156025.0,162586.0,81.0,395.0,403.21954317716296,0.20088312030156472,1.368536992068789,101.58860624692977
342.0,589.0,410.0,589.0,342.0,589.0,4624.0,155236.0,159860.0,68.0,394.0,399.8249617019928,0.17007442384421062,1.3998911340191942,99.79214624291747
342.0,593.0,410.0,593.0,342.0,593.0,4624.0,156816.0,161440.0,68.0,396.0,401.7959681231259,0.16924012532440882,1.4007377052028402,99.74364128703716
340.0,590.0,402.0,590.0,340.0,590.0,3844.0,163216.0,167060.0,62.0,404.0,408.72973955903916,0.15168947595271418,1.4185190221919923,98.72484686937447
345.0,589.0,400.0,589.0,345.0,589.0,3025.0,165649.0,168674.0,55.0,407.0,410.69940345707835,0.13391789600139503,1.4364748848419282,97.69605172201656
343.0,589.0,398.0,589.0,343.0,589.0,3025.0,165649.0,168674.0,55.0,407.0,410.69940345707835,0.13391789600139503,1.4364748848419282,97.69605172201656
349.0,591.0,398.0,591.0,349.0,591.0,2401.0,168100.0,170501.0,49.0,410.0,412.9176673381753,0.11866772452695638,1.4518483086937022,96.81521941864416
348.0,584.0,390.0,584.0,348.0,584.0,1764.0,173056.0,174820.0,42.0,416.0,418.11481676687805,0.10045087692603179,1.470175746937771,95.76513455797236
346.0,591.0,388.0,591.0,346.0,591.0,1764.0,167281.0,169045.0,42.0,409.0,411.1508239077237,0.10215229438388826,1.4684655315122763,95.86312268391137
347.0,583.0,388.0,583.0,347.0,583.0,1681.0,173889.0,175570.0,41.0,417.0,419.0107397191628,0.09784952058145284,1.4727899857623779,95.61534970668315
353.0,590.0,380.0,590.0,353.0,590.0,729.0,167281.0,168010.0,27.0,409.0,409.89022920777217,0.06587129449800516,1.5048773028175404,93.77688186352418
352.0,589.0,380.0,589.0,352.0,589.0,784.0,168100.0,168884.0,28.0,410.0,410.9549853694441,0.0681339830318114,1.5026095176214325,93.90681638410342
352.0,584.0,379.0,584.0,352.0,584.0,729.0,172225.0,172954.0,27.0,415.0,415.87738577614437,0.064922981925575,1.505827649818839,93.72243099127687
351.0,585.0,379.0,585.0,351.0,585.0,784.0,171396.0,172180.0,28.0,414.0,414.9457795905388,0.0674786957168956,1.503266316569938,93.86918457636541
357.0,588.0,378.0,588.0,357.0,588.0,441.0,169744.0,170185.0,21.0,412.0,412.53484701295235,0.05090479059418867,1.5198695256136663,92.91789077178635
357.0,590.0,378.0,590.0,357.0,590.0,441.0,168100.0,168541.0,21.0,410.0,410.5374526154709,0.05115245848146675,1.5196215346408979,92.93209960788333
356.0,590.0,377.0,590.0,356.0,590.0,441.0,168100.0,168541.0,21.0,410.0,410.5374526154709,0.05115245848146675,1.5196215346408979,92.93209960788333
350.0,591.0,370.0,591.0,350.0,591.0,400.0,166464.0,166864.0,20.0,408.0,408.48990195597247,0.04896081862546414,1.5218159258711694,92.80637025178824
356.0,592.0,369.0,592.0,356.0,592.0,169.0,166464.0,166633.0,13.0,408.0,408.2070553040454,0.0318465833235469,1.5389443578530533,91.8249833895494
356.0,593.0,370.0,593.0,356.0,593.0,196.0,170569.0,170765.0,14.0,413.0,413.23722000807237,0.03387884566575711,1.536910996890779,91.94148639091438
356.0,589.0,369.0,589.0,356.0,589.0,169.0,174724.0,174893.0,13.0,418.0,418.2021042510427,0.03108544856148362,1.5397058697172405,91.78135197368233
356.0,590.0,370.0,590.0,356.0,590.0,196.0,173889.0,174085.0,14.0,417.0,417.2349458039199,0.03355423638598891,1.5372357908381904,91.92287706851631
356.0,592.0,362.0,592.0,356.0,592.0,36.0,172225.0,172261.0,6.0,415.0,415.04337122763445,0.014456320509957606,1.556339502711401,90.82831500514737
356.0,593.0,363.0,593.0,356.0,593.0,49.0,171396.0,171445.0,7.0,414.0,414.0591745149478,0.01690579615389562,1.5538897252412418,90.96867691493374
356.0,594.0,362.0,594.0,356.0,594.0,36.0,170569.0,170605.0,6.0,413.0,413.0435812356851,0.014526312167955866,1.5562695037031682,90.83232565288922
352.0,594.0,358.0,594.0,352.0,594.0,36.0,171396.0,171432.0,6.0,414.0,414.04347597806685,0.014491231834595646,1.5563045877293966,90.830315486258
348.0,589.0,361.0,589.0,348.0,589.0,169.0,174724.0,174893.0,13.0,418.0,418.2021042510427,0.03108544856148362,1.5397058697172405,91.78135197368233
351.0,592.0,364.0,592.0,351.0,592.0,169.0,173056.0,173225.0,13.0,416.0,416.20307543313515,0.031234752377721213,1.5395564933646284,91.78991060824606
351.0,594.0,364.0,594.0,351.0,594.0,169.0,172225.0,172394.0,13.0,415.0,415.2035645319052,0.031309943147178956,1.539481265801391,91.79422083012263
351.0,588.0,364.0,588.0,351.0,588.0,169.0,177241.0,177410.0,13.0,421.0,421.2006647668068,0.030864148818941936,1.5399272756983968,91.76866634540312
350.0,589.0,364.0,589.0,350.0,589.0,196.0,176400.0,176596.0,14.0,420.0,420.23326855450176,0.033314830232638475,1.5374753309166493,91.90915243299638
350.0,594.0,364.0,594.0,350.0,594.0,196.0,171396.0,171592.0,14.0,414.0,414.2366473406234,0.033797106291486356,1.5369927831014416,91.93680038622104
350.0,589.0,364.0,589.0,350.0,589.0,196.0,176400.0,176596.0,14.0,420.0,420.23326855450176,0.033314830232638475,1.5374753309166493,91.90915243299638
350.0,590.0,364.0,590.0,350.0,590.0,196.0,175561.0,175757.0,14.0,419.0,419.23382497122054,0.03339425200474,1.5373958649282597,91.91370549874594
345.0,590.0,358.0,590.0,345.0,590.0,169.0,175561.0,175730.0,13.0,419.0,419.2016221342661,0.031011330380387295,1.5397800236492594,91.77710326634335
344.0,589.0,358.0,589.0,344.0,589.0,196.0,176400.0,176596.0,14.0,420.0,420.23326855450176,0.033314830232638475,1.5374753309166493,91.90915243299638
345.0,590.0,365.0,590.0,345.0,590.0,400.0,175561.0,175961.0,20.0,419.0,419.47705539159114,0.047678412306316864,1.523099831977408,92.73280785060969
344.0,590.0,364.0,590.0,344.0,590.0,400.0,175561.0,175961.0,20.0,419.0,419.47705539159114,0.047678412306316864,1.523099831977408,92.73280785060969
345.0,590.0,365.0,590.0,345.0,590.0,400.0,176400.0,176800.0,20.0,420.0,420.47592083257274,0.047565149415449405,1.5232132235179132,92.72631099390627
345.0,591.0,365.0,591.0,345.0,591.0,400.0,169744.0,170144.0,20.0,412.0,412.48515124789645,0.04848659385554547,1.522290714554513,92.77916686407208
344.0,591.0,364.0,591.0,344.0,591.0,400.0,169744.0,170144.0,20.0,412.0,412.48515124789645,0.04848659385554547,1.522290714554513,92.77916686407208
344.0,591.0,364.0,591.0,344.0,591.0,400.0,169744.0,170144.0,20.0,412.0,412.48515124789645,0.04848659385554547,1.522290714554513,92.77916686407208
344.0,589.0,364.0,589.0,344.0,589.0,400.0,171396.0,171796.0,20.0,414.0,414.48281025876094,0.0482529058020863,1.5225246764612452,92.76576183424949
344.0,590.0,364.0,590.0,344.0,590.0,400.0,170569.0,170969.0,20.0,413.0,413.48397792417546,0.04836946790636611,1.5224079780920512,92.77244815828037
344.0,595.0,364.0,595.0,344.0,595.0,400.0,166464.0,166864.0,20.0,408.0,408.48990195597247,0.04896081862546414,1.5218159258711694,92.80637025178824
344.0,594.0,364.0,594.0,344.0,594.0,400.0,167281.0,167681.0,20.0,409.0,409.4887055829501,0.04884139593429788,1.521935491607842,92.79951963970254
344.0,594.0,364.0,594.0,344.0,594.0,400.0,167281.0,167681.0,20.0,409.0,409.4887055829501,0.04884139593429788,1.521935491607842,92.79951963970254
344.0,595.0,364.0,595.0,344.0,595.0,400.0,167281.0,167681.0,20.0,409.0,409.4887055829501,0.04884139593429788,1.521935491607842,92.79951963970254
344.0,595.0,364.0,595.0,344.0,595.0,400.0,167281.0,167681.0,20.0,409.0,409.4887055829501,0.04884139593429788,1.521935491607842,92.79951963970254
344.0,597.0,364.0,597.0,344.0,597.0,400.0,165649.0,166049.0,20.0,407.0,407.49110419737997,0.0490808260450084,1.5216957739997814,92.81325444691937
344.0,595.0,364.0,595.0,344.0,595.0,400.0,172225.0,172625.0,20.0,415.0,415.4816482108446,0.048136903485688005,1.5226408137349812,92.75910765862027
344.0,595.0,364.0,595.0,344.0,595.0,400.0,167281.0,167681.0,20.0,409.0,409.4887055829501,0.04884139593429788,1.521935491607842,92.79951963970254
344.0,596.0,364.0,596.0,344.0,596.0,400.0,165649.0,166049.0,20.0,407.0,407.49110419737997,0.0490808260450084,1.5216957739997814,92.81325444691937
344.0,589.0,364.0,589.0,344.0,589.0,400.0,177241.0,177641.0,20.0,421.0,421.4747916542578,0.0474524227688718,1.5233260775971091,92.7198449314675
343.0,589.0,363.0,589.0,343.0,589.0,400.0,171396.0,171796.0,20.0,414.0,414.48281025876094,0.0482529058020863,1.5225246764612452,92.76576183424949
343.0,589.0,363.0,589.0,343.0,589.0,400.0,171396.0,171796.0,20.0,414.0,414.48281025876094,0.0482529058020863,1.5225246764612452,92.76576183424949
343.0,590.0,363.0,590.0,343.0,590.0,400.0,170569.0,170969.0,20.0,413.0,413.48397792417546,0.04836946790636611,1.5224079780920512,92.77244815828037
343.0,591.0,363.0,591.0,343.0,591.0,400.0,170569.0,170969.0,20.0,413.0,413.48397792417546,0.04836946790636611,1.5224079780920512,92.77244815828037
343.0,591.0,363.0,591.0,343.0,591.0,400.0,175561.0,175961.0,20.0,419.0,419.47705539159114,0.047678412306316864,1.523099831977408,92.73280785060969
343.0,590.0,363.0,590.0,343.0,590.0,400.0,170569.0,170969.0,20.0,413.0,413.48397792417546,0.04836946790636611,1.5224079780920512,92.77244815828037
343.0,590.0,363.0,590.0,343.0,590.0,400.0,170569.0,170969.0,20.0,413.0,413.48397792417546,0.04836946790636611,1.5224079780920512,92.77244815828037
343.0,590.0,363.0,590.0,343.0,590.0,400.0,176400.0,176800.0,20.0,420.0,420.47592083257274,0.047565149415449405,1.5232132235179132,92.72631099390627
343.0,592.0,363.0,592.0,343.0,592.0,400.0,174724.0,175124.0,20.0,418.0,418.4781953698424,0.04779221527258884,1.5229858991299217,92.73933572191858
343.0,592.0,363.0,592.0,343.0,592.0,400.0,174724.0,175124.0,20.0,418.0,418.4781953698424,0.04779221527258884,1.5229858991299217,92.73933572191858
343.0,592.0,362.0,592.0,343.0,592.0,361.0,174724.0,175085.0,19.0,418.0,418.43159536535956,0.045407660918649985,1.5253730473733196,92.60256220249981
342.0,592.0,362.0,592.0,342.0,592.0,400.0,174724.0,175124.0,20.0,418.0,418.4781953698424,0.04779221527258884,1.5229858991299217,92.73933572191858
342.0,591.0,362.0,591.0,342.0,591.0,400.0,175561.0,175961.0,20.0,419.0,419.47705539159114,0.047678412306316864,1.523099831977408,92.73280785060969
342.0,591.0,362.0,591.0,342.0,591.0,400.0,175561.0,175961.0,20.0,419.0,419.47705539159114,0.047678412306316864,1.523099831977408,92.73280785060969
342.0,591.0,362.0,591.0,342.0,591.0,400.0,175561.0,175961.0,20.0,419.0,419.47705539159114,0.047678412306316864,1.523099831977408,92.73280785060969
342.0,592.0,362.0,592.0,342.0,592.0,400.0,174724.0,175124.0,20.0,418.0,418.4781953698424,0.04779221527258884,1.5229858991299217,92.73933572191858
342.0,591.0,362.0,591.0,342.0,591.0,400.0,175561.0,175961.0,20.0,419.0,419.47705539159114,0.047678412306316864,1.523099831977408,92.73280785060969
342.0,593.0,362.0,593.0,342.0,593.0,400.0,174724.0,175124.0,20.0,418.0,418.4781953698424,0.04779221527258884,1.5229858991299217,92.73933572191858
342.0,593.0,355.0,593.0,342.0,593.0,169.0,168921.0,169090.0,13.0,411.0,411.2055447096987,0.03161435969735693,1.5391766984721411,91.81167125266622
342.0,594.0,362.0,594.0,342.0,594.0,400.0,168100.0,168500.0,20.0,410.0,410.48751503547584,0.0487225537134096,1.522054475484965,92.79270236571328
342.0,593.0,362.0,593.0,342.0,593.0,400.0,168921.0,169321.0,20.0,411.0,411.4863302711282,0.04860428774589427,1.5221728817362619,92.78591818724601
336.0,593.0,362.0,593.0,336.0,593.0,676.0,168921.0,169597.0,26.0,411.0,411.82156330138906,0.0631341394354624,1.5076201706850276,93.61972711095513
342.0,592.0,362.0,592.0,342.0,592.0,400.0,169744.0,170144.0,20.0,412.0,412.48515124789645,0.04848659385554547,1.522290714554513,92.77916686407208
342.0,593.0,362.0,593.0,342.0,593.0,400.0,168921.0,169321.0,20.0,411.0,411.4863302711282,0.04860428774589427,1.5221728817362619,92.78591818724601
342.0,592.0,362.0,592.0,342.0,592.0,400.0,169744.0,170144.0,20.0,412.0,412.48515124789645,0.04848659385554547,1.522290714554513,92.77916686407208
335.0,591.0,362.0,591.0,335.0,591.0,729.0,170569.0,171298.0,27.0,413.0,413.8816255887666,0.06523604415052539,1.5055139225162644,93.74040624163241
335.0,591.0,362.0,591.0,335.0,591.0,729.0,170569.0,171298.0,27.0,413.0,413.8816255887666,0.06523604415052539,1.5055139225162644,93.74040624163241
335.0,591.0,362.0,591.0,335.0,591.0,729.0,176400.0,177129.0,27.0,420.0,420.8669623527131,0.06415328931752143,1.5065989504217636,93.67823872199338
336.0,592.0,362.0,592.0,336.0,592.0,676.0,175561.0,176237.0,26.0,419.0,419.80590753346956,0.06193338286438267,1.5088232819997258,93.55079391033848
336.0,591.0,362.0,591.0,336.0,591.0,676.0,176400.0,177076.0,26.0,420.0,420.80399237649823,0.06178648603870064,1.5089704606962449,93.5423611921937
336.0,591.0,362.0,591.0,336.0,591.0,676.0,175561.0,176237.0,26.0,419.0,419.80590753346956,0.06193338286438267,1.5088232819997258,93.55079391033848
335.0,592.0,362.0,592.0,335.0,592.0,729.0,174724.0,175453.0,27.0,418.0,418.8711018917395,0.06445897049966068,1.506292635233005,93.69578928951
342.0,590.0,362.0,590.0,342.0,590.0,400.0,176400.0,176800.0,20.0,420.0,420.47592083257274,0.047565149415449405,1.5232132235179132,92.72631099390627
336.0,591.0,362.0,591.0,336.0,591.0,676.0,175561.0,176237.0,26.0,419.0,419.80590753346956,0.06193338286438267,1.5088232819997258,93.55079391033848
336.0,590.0,362.0,590.0,336.0,590.0,676.0,176400.0,177076.0,26.0,420.0,420.80399237649823,0.06178648603870064,1.5089704606962449,93.5423611921937
336.0,590.0,362.0,590.0,336.0,590.0,676.0,176400.0,177076.0,26.0,420.0,420.80399237649823,0.06178648603870064,1.5089704606962449,93.5423611921937
336.0,590.0,362.0,590.0,336.0,590.0,676.0,176400.0,177076.0,26.0,420.0,420.80399237649823,0.06178648603870064,1.5089704606962449,93.5423611921937
336.0,590.0,362.0,590.0,336.0,590.0,676.0,171396.0,172072.0,26.0,414.0,414.81562169233695,0.06267844950951207,1.5080767649283078,93.59356618786519
336.0,591.0,362.0,591.0,336.0,591.0,676.0,175561.0,176237.0,26.0,419.0,419.80590753346956,0.06193338286438267,1.5088232819997258,93.55079391033848
336.0,592.0,362.0,592.0,336.0,592.0,676.0,175561.0,176237.0,26.0,419.0,419.80590753346956,0.06193338286438267,1.5088232819997258,93.55079391033848
336.0,591.0,363.0,591.0,336.0,591.0,729.0,169744.0,170473.0,27.0,412.0,412.88376088192183,0.06539370776493574,1.505355921522758,93.7494590317192
336.0,591.0,363.0,591.0,336.0,591.0,729.0,169744.0,170473.0,27.0,412.0,412.88376088192183,0.06539370776493574,1.505355921522758,93.7494590317192
337.0,591.0,363.0,591.0,337.0,591.0,676.0,175561.0,176237.0,26.0,419.0,419.80590753346956,0.06193338286438267,1.5088232819997258,93.55079391033848
337.0,590.0,364.0,590.0,337.0,590.0,729.0,170569.0,171298.0,27.0,413.0,413.8816255887666,0.06523604415052539,1.5055139225162644,93.74040624163241
337.0,591.0,364.0,591.0,337.0,591.0,729.0,169744.0,170473.0,27.0,412.0,412.88376088192183,0.06539370776493574,1.505355921522758,93.7494590317192
337.0,591.0,364.0,591.0,337.0,591.0,729.0,169744.0,170473.0,27.0,412.0,412.88376088192183,0.06539370776493574,1.505355921522758,93.7494590317192
338.0,591.0,364.0,591.0,338.0,591.0,676.0,170569.0,171245.0,26.0,413.0,413.81759266614074,0.0628296149336895,1.5079253009720623,93.60224443330641
338.0,595.0,364.0,595.0,338.0,595.0,676.0,172225.0,172901.0,26.0,415.0,415.81366018927275,0.06252800831065808,1.5082275017985645,93.58492960138248
338.0,595.0,365.0,595.0,338.0,595.0,729.0,172225.0,172954.0,27.0,415.0,415.87738577614437,0.064922981925575,1.505827649818839,93.72243099127687
341.0,590.0,368.0,590.0,341.0,590.0,729.0,169744.0,170473.0,27.0,412.0,412.88376088192183,0.06539370776493574,1.505355921522758,93.7494590317192
341.0,596.0,368.0,596.0,341.0,596.0,729.0,165649.0,166378.0,27.0,407.0,407.89459422747933,0.06619357153074289,1.5045543208679117,93.79538736609682
341.0,593.0,368.0,593.0,341.0,593.0,729.0,173056.0,173785.0,27.0,416.0,416.8752811093505,0.06476757251749267,1.5059833870024284,93.71350790794394
335.0,592.0,369.0,592.0,335.0,592.0,1156.0,168100.0,169256.0,34.0,410.0,411.40734072206345,0.08264315347491467,1.4880588090548896,94.74051057389117
334.0,597.0,375.0,597.0,334.0,597.0,1681.0,168921.0,170602.0,41.0,411.0,413.0399496416781,0.09926400590443725,1.4713685801049041,95.69679025183241
335.0,598.0,375.0,598.0,335.0,598.0,1600.0,163216.0,164816.0,40.0,404.0,405.9753687109601,0.09852814501285315,1.47210806614649,95.6544208226407
336.0,597.0,376.0,597.0,336.0,597.0,1600.0,164025.0,165625.0,40.0,405.0,406.97051490249265,0.0982872186934322,1.4723501675822634,95.64054943215683
337.0,592.0,377.0,592.0,337.0,592.0,1600.0,173889.0,175489.0,40.0,417.0,418.9140723346496,0.09548497565879331,1.4751656571073382,95.47923376510676
337.0,597.0,377.0,597.0,337.0,597.0,1600.0,164025.0,165625.0,40.0,405.0,406.97051490249265,0.0982872186934322,1.4723501675822634,95.64054943215683
337.0,592.0,378.0,592.0,337.0,592.0,1681.0,168100.0,169781.0,41.0,410.0,412.0449004659565,0.09950371902099892,1.4711276743037347,95.71059313749963
337.0,590.0,385.0,590.0,337.0,590.0,2304.0,169744.0,172048.0,48.0,412.0,414.78669216839637,0.11572213117317855,1.4548143423145719,96.64527821027443
337.0,593.0,386.0,593.0,337.0,593.0,2401.0,167281.0,169682.0,49.0,409.0,411.92475040958635,0.11895376510218958,1.4515602276156645,96.83172524857329
337.0,597.0,393.0,597.0,337.0,597.0,3136.0,164025.0,167161.0,56.0,405.0,408.8532744151623,0.1369684517755283,1.4333959558224079,97.87246136025543
330.0,596.0,393.0,596.0,330.0,596.0,3969.0,164836.0,168805.0,63.0,406.0,410.85885654321726,0.15333732983159676,1.4168516623365468,98.82037955202105
330.0,592.0,393.0,592.0,330.0,592.0,3969.0,168100.0,172069.0,63.0,410.0,414.8120056121809,0.1518760285325503,1.418330282855057,98.73566083680896
330.0,594.0,393.0,594.0,330.0,594.0,3969.0,167281.0,171250.0,63.0,409.0,413.82363393117123,0.15223876751920457,1.4179632761896832,98.75668876978806
331.0,595.0,394.0,595.0,331.0,595.0,3969.0,161604.0,165573.0,63.0,402.0,406.90662319505196,0.15482667621706603,1.415344315155085,98.90674418377975
332.0,597.0,394.0,597.0,332.0,597.0,3844.0,160801.0,164645.0,62.0,401.0,405.7647101461634,0.15279791083277433,1.4173975138107182,98.78910456631003
327.0,595.0,402.0,595.0,327.0,595.0,5625.0,157609.0,163234.0,75.0,397.0,404.02227661355505,0.18563332851009368,1.3840799726054342,100.69805906112602
327.0,597.0,409.0,597.0,327.0,597.0,6724.0,156816.0,163540.0,82.0,396.0,404.40079129497263,0.20276913835262167,1.366611346535898,101.69893760880265
322.0,595.0,410.0,595.0,322.0,595.0,7744.0,153664.0,161408.0,88.0,392.0,401.756144943671,0.21903834230671995,1.3499675570655483,102.65255650055796
322.0,598.0,410.0,598.0,322.0,598.0,7744.0,151321.0,159065.0,88.0,389.0,398.82953752198443,0.22064564361697817,1.348319947592324,102.74695756965949
317.0,602.0,410.0,602.0,317.0,602.0,8649.0,148996.0,157645.0,93.0,386.0,397.04533746160524,0.23423017782948582,1.3343696848604734,103.54624874729318
318.0,600.0,418.0,600.0,318.0,600.0,10000.0,148225.0,158225.0,100.0,385.0,397.77506206397607,0.25139836439499197,1.3166715772392625,104.56027561935687
313.0,606.0,427.0,606.0,313.0,606.0,12996.0,134689.0,147685.0,114.0,367.0,384.2980614054669,0.2966447438820681,1.2696190010012807,107.25618965301078
310.0,608.0,430.0,608.0,310.0,608.0,14400.0,134689.0,149089.0,120.0,367.0,386.1204475290062,0.31078385195071895,1.254778715322921,108.10647538914922
306.0,612.0,439.0,612.0,306.0,612.0,17689.0,133225.0,150914.0,133.0,365.0,388.4765115164622,0.3423630414122578,1.221365547630454,110.02090887809047
301.0,622.0,440.0,622.0,301.0,622.0,19321.0,122500.0,141821.0,139.0,350.0,376.5912903931794,0.3691004108323305,1.1927554279216956,111.66014798876637
303.0,625.0,447.0,625.0,303.0,625.0,20736.0,126025.0,146761.0,144.0,355.0,383.0939832469312,0.3758868744936195,1.185442677903699,112.07913770143179
299.0,631.0,459.0,631.0,299.0,631.0,25600.0,123201.0,148801.0,160.0,351.0,385.7473266271589,0.41477928414691717,1.143096102905935,114.50541772563788
296.0,633.0,459.0,633.0,296.0,633.0,26569.0,122500.0,149069.0,163.0,350.0,386.0945480060551,0.4221763835873789,1.1349515170016777,114.97206812383357
290.0,642.0,460.0,642.0,290.0,642.0,28900.0,116964.0,145864.0,170.0,342.0,381.9214578941592,0.4451176975950684,1.10949063388732,116.43086926896217
289.0,652.0,466.0,652.0,289.0,652.0,31329.0,112896.0,144225.0,177.0,336.0,379.7696670351649,0.46607197826468494,1.0859504801880135,117.7796207250217
285.0,658.0,474.0,658.0,285.0,658.0,35721.0,112225.0,147946.0,189.0,335.0,384.63749167235375,0.4913717567631085,1.057132260178234,119.43078310466153
286.0,671.0,471.0,671.0,286.0,671.0,34225.0,106276.0,140501.0,185.0,326.0,374.834630203774,0.49355098246772755,1.0546283639023868,119.5742457936061
284.0,675.0,478.0,675.0,284.0,675.0,37636.0,106276.0,143912.0,194.0,326.0,379.3573513193069,0.5113911706872639,1.033993447283858,120.75653942645218
287.0,687.0,478.0,687.0,287.0,687.0,36481.0,104329.0,140810.0,191.0,323.0,375.24658559405975,0.508998635384315,1.0367752766821636,120.59715234260383
284.0,695.0,484.0,695.0,284.0,695.0,40000.0,104976.0,144976.0,200.0,324.0,380.7571404451924,0.5252692037926173,1.017764882644256,121.6863676878566
280.0,709.0,484.0,709.0,280.0,709.0,41616.0,96100.0,137716.0,204.0,310.0,371.1010644015994,0.5497154806843523,0.9887727252432433,123.34749594591361
281.0,722.0,488.0,722.0,281.0,722.0,42849.0,92416.0,135265.0,207.0,304.0,367.78390394360656,0.5628305039465239,0.9729901157680331,124.25177285854633
283.0,728.0,494.0,728.0,283.0,728.0,44521.0,90601.0,135122.0,211.0,301.0,367.589444897429,0.5740099530302801,0.9594017643328161,125.0303280463248
283.0,746.0,501.0,746.0,283.0,746.0,47524.0,84100.0,131624.0,218.0,290.0,362.8002205070995,0.6008816634545955,0.9261926826159396,126.93306827020689
288.0,753.0,502.0,753.0,288.0,753.0,45796.0,82369.0,128165.0,214.0,287.0,358.00139664532037,0.5977630311091059,0.9300885068261313,126.70985398523803
289.0,765.0,508.0,765.0,289.0,765.0,47961.0,81796.0,129757.0,219.0,286.0,360.2179895563241,0.6079651942695575,0.9173011032309131,127.44251824217443
293.0,776.0,511.0,776.0,293.0,776.0,47524.0,77841.0,125365.0,218.0,279.0,354.0692022754874,0.6156988481319048,0.9075237833864535,128.00271740421147
296.0,786.0,513.0,786.0,296.0,786.0,47089.0,77841.0,124930.0,217.0,279.0,353.4543817807328,0.6139406135149205,0.9097531579442097,127.8749836510982
296.0,801.0,516.0,801.0,296.0,801.0,48400.0,75625.0,124025.0,220.0,275.0,352.17183305880667,0.6246950475544243,0.8960553845713439,128.65980825409008
297.0,812.0,518.0,812.0,297.0,812.0,48841.0,72900.0,121741.0,221.0,270.0,348.91402952589914,0.6333938486230909,0.8848651623321583,129.30096076020885
299.0,818.0,522.0,818.0,299.0,818.0,49729.0,73441.0,123170.0,223.0,271.0,350.9558376776201,0.6354075814086975,0.8822600870920473,129.45022057678125
307.0,827.0,527.0,827.0,307.0,827.0,48400.0,74529.0,122929.0,220.0,273.0,350.61232151765574,0.6274736696294956,0.8924919252671158,128.86397943268898
306.0,837.0,529.0,837.0,306.0,837.0,49729.0,72361.0,122090.0,223.0,269.0,349.4137948049561,0.6382117801745043,0.8786230871126789,129.65860532568823
310.0,845.0,531.0,845.0,310.0,845.0,48841.0,74529.0,123370.0,221.0,273.0,351.2406582387637,0.6291982286679646,0.890275102127682,128.9909940425055
312.0,857.0,534.0,857.0,312.0,857.0,49284.0,71824.0,121108.0,222.0,268.0,348.0057470789814,0.6379204994842115,0.8790013827902862,129.6369305799533
319.0,861.0,544.0,861.0,319.0,861.0,50625.0,73441.0,124066.0,225.0,271.0,352.23003846918,0.6387870863537591,0.8778755694983658,129.70143493010005
321.0,868.0,543.0,868.0,321.0,868.0,49284.0,74529.0,123813.0,222.0,273.0,351.8707148939792,0.6309135446719116,0.8880662070140326,129.11755440990467
328.0,875.0,545.0,875.0,328.0,875.0,47089.0,76729.0,123818.0,217.0,277.0,351.8778197045105,0.6166913282065514,0.9062636407021332,128.0749182616073
334.0,882.0,550.0,882.0,334.0,882.0,46656.0,76176.0,122832.0,216.0,276.0,350.4739647962456,0.6163082616581107,0.906750163968212,128.0470425318261
340.0,891.0,555.0,891.0,340.0,891.0,46225.0,75076.0,121301.0,215.0,274.0,348.28293096274473,0.6173142031557044,0.9054721465751485,128.12026753459293
343.0,892.0,556.0,892.0,343.0,892.0,45369.0,77284.0,122653.0,213.0,278.0,350.21850322334484,0.6081917375569489,0.9170157399950302,127.45886835121873
348.0,897.0,558.0,897.0,348.0,897.0,44100.0,80656.0,124756.0,210.0,284.0,353.20815392626486,0.594550260705021,0.934090130411631,126.48057784258887
357.0,901.0,568.0,901.0,357.0,901.0,44521.0,87025.0,131546.0,211.0,295.0,362.6927073984256,0.5817596982125478,0.9499058152588515,125.57440585073414
367.0,901.0,572.0,901.0,367.0,901.0,42025.0,91204.0,133229.0,205.0,302.0,365.0054794109261,0.5616354042981622,0.9744352552907516,124.16897246308702
375.0,901.0,576.0,901.0,375.0,901.0,40401.0,97969.0,138370.0,201.0,313.0,371.9811823197512,0.5403499143330923,0.9999434213055096,122.70746220732234
383.0,901.0,578.0,901.0,383.0,901.0,38025.0,101124.0,139149.0,195.0,318.0,373.026808688062,0.5227506320144024,1.020721954119707,121.51693997259474
392.0,904.0,579.0,904.0,392.0,904.0,34969.0,99225.0,134194.0,187.0,315.0,366.3249923223912,0.5104756812099436,1.0350584402609866,120.69551982365162
403.0,908.0,585.0,908.0,403.0,908.0,33124.0,99225.0,132349.0,182.0,315.0,363.7980208852159,0.5002775978746291,1.0468769791096977,120.01836742760906
413.0,907.0,591.0,907.0,413.0,907.0,31684.0,100489.0,132173.0,178.0,317.0,363.55604794859346,0.4896081388396241,1.0591560422504998,119.31482893326645
424.0,904.0,591.0,904.0,424.0,904.0,27889.0,101761.0,129650.0,167.0,319.0,360.06943774777665,0.4637994300337732,1.0885173335488258,117.63255086081818
434.0,903.0,597.0,903.0,434.0,903.0,26569.0,105625.0,132194.0,163.0,325.0,363.5849281804734,0.4483134128131168,1.1059187061142746,116.63552565508323
444.0,907.0,602.0,907.0,444.0,907.0,24964.0,103041.0,128005.0,158.0,321.0,357.777864044158,0.4416148003513688,1.1133986364157895,116.20695721775442
459.0,906.0,608.0,906.0,459.0,906.0,22201.0,106929.0,129130.0,149.0,327.0,359.3466293149276,0.41464142931870374,1.1432475994744606,114.49673761165066
466.0,899.0,611.0,899.0,466.0,899.0,21025.0,108241.0,129266.0,145.0,329.0,359.53581184633055,0.4032977946073827,1.155678454322803,113.7845020931009
477.0,901.0,613.0,901.0,477.0,901.0,18496.0,110224.0,128720.0,136.0,332.0,358.77569594385847,0.3790669254844994,1.1820085655048573,112.27589784825896
493.0,898.0,609.0,898.0,493.0,898.0,13456.0,111556.0,125012.0,116.0,334.0,353.57036074874827,0.3280817989221419,1.2365240655189909,109.15238977940373
503.0,890.0,610.0,890.0,503.0,890.0,11449.0,116281.0,127730.0,107.0,341.0,357.39334073258834,0.29939002159545103,1.2667430396560246,107.42097010013671
510.0,890.0,607.0,890.0,510.0,890.0,9409.0,116281.0,125690.0,97.0,341.0,354.52785504103906,0.27360332515697977,1.2936590074445573,105.87879874434373
520.0,884.0,611.0,884.0,520.0,884.0,8281.0,123201.0,131482.0,91.0,351.0,362.60446770551516,0.25096215878372613,1.317122230656254,104.53445508054011
532.0,887.0,614.0,887.0,532.0,887.0,6724.0,123201.0,129925.0,82.0,351.0,360.4511062543712,0.22749271281784444,1.341294220613812,103.14950207353942
544.0,883.0,611.0,883.0,544.0,883.0,4489.0,124609.0,129098.0,67.0,353.0,359.30210130195456,0.1864726083071074,1.383225778304832,100.74700078943465
550.0,883.0,611.0,883.0,550.0,883.0,3721.0,124609.0,128330.0,61.0,353.0,358.23176855214837,0.17028082195652655,1.3996816806954402,99.80414703437357
556.0,882.0,613.0,882.0,556.0,882.0,3249.0,126736.0,129985.0,57.0,356.0,360.5343256889696,0.158098677264848,1.41203151158527,99.09655384668602
565.0,884.0,616.0,884.0,565.0,884.0,2601.0,124609.0,127210.0,51.0,353.0,356.66510903086663,0.14299127867757408,1.4273132306974883,98.22097583785151
576.0,883.0,617.0,883.0,576.0,883.0,1681.0,125316.0,126997.0,41.0,354.0,356.36638449775256,0.11505013318745996,1.4554908589619184,96.60651666161112
582.0,881.0,623.0,881.0,582.0,881.0,1681.0,127449.0,129130.0,41.0,357.0,359.3466293149276,0.11409596377226078,1.4564513534384915,96.55148438185786
590.0,877.0,626.0,877.0,590.0,877.0,1296.0,131044.0,132340.0,36.0,362.0,363.78565117387467,0.09895937314689048,1.471674720201025,95.67924971638496
596.0,880.0,627.0,880.0,596.0,880.0,961.0,131769.0,132730.0,31.0,363.0,364.3212867785795,0.08508973020519826,1.4856035819422704,94.88118472519035
604.0,879.0,625.0,879.0,604.0,879.0,441.0,133225.0,133666.0,21.0,365.0,365.60361048545457,0.0574392577034889,1.5133254375191336,93.29283940036488
607.0,877.0,623.0,877.0,607.0,877.0,256.0,134689.0,134945.0,16.0,367.0,367.3486082728503,0.043555357607659446,1.5272271861632878,92.49632787520314
614.0,878.0,625.0,878.0,614.0,878.0,121.0,133956.0,134077.0,11.0,366.0,366.16526323505894,0.030041080092675462,1.5407507263548557,91.72148609815075
616.0,878.0,626.0,878.0,616.0,878.0,100.0,134689.0,134789.0,10.0,367.0,367.1362145035545,0.02723784689429809,1.5435551108145447,91.5608067044785
622.0,877.0,628.0,877.0,622.0,877.0,36.0,135424.0,135460.0,6.0,368.0,368.0489097932502,0.016302181151332504,1.5544934234762344,90.93408755396916
626.0,877.0,631.0,877.0,626.0,877.0,25.0,136161.0,136186.0,5.0,369.0,369.0338737839658,0.013548891728370236,1.5572470204983655,90.77631806612126
632.0,875.0,627.0,875.0,632.0,875.0,25.0,133225.0,133250.0,5.0,365.0,365.0342449688796,0.013697345026974844,1.5570985534220307,89.21517539700811
634.0,874.0,629.0,874.0,634.0,874.0,25.0,133956.0,133981.0,5.0,366.0,366.0341514121326,0.013659927579736402,1.5571359743702602,89.21731945940704
636.0,879.0,631.0,879.0,636.0,879.0,25.0,130321.0,130346.0,5.0,361.0,361.03462437832746,0.013849087213199003,1.556946796840754,89.20648038538762
638.0,878.0,633.0,878.0,638.0,878.0,25.0,131044.0,131069.0,5.0,362.0,362.03452874000845,0.013810837373444844,1.556985050339018,89.20867214938976
640.0,877.0,635.0,877.0,640.0,877.0,25.0,132496.0,132521.0,5.0,364.0,364.0343390396021,0.013734968006565079,1.557060926902878,89.21301955626288
646.0,877.0,635.0,877.0,646.0,877.0,121.0,131769.0,131890.0,11.0,363.0,363.16662842282193,0.030289126640769132,1.5405025668761214,88.26429541107161
646.0,878.0,635.0,878.0,646.0,878.0,121.0,131044.0,131165.0,11.0,362.0,362.1670885102621,0.030372721180291103,1.5404189338580008,88.25950359210536
650.0,878.0,634.0,878.0,650.0,878.0,256.0,134689.0,134945.0,16.0,367.0,367.3486082728503,0.043555357607659446,1.5272271861632878,87.50367212479686
650.0,879.0,634.0,879.0,650.0,879.0,256.0,133956.0,134212.0,16.0,366.0,366.3495598468763,0.04367413463438456,1.527108296003495,87.4968602204151
650.0,880.0,634.0,880.0,650.0,880.0,256.0,133225.0,133481.0,16.0,365.0,365.3505166275258,0.04379356062690879,1.5269887556367765,87.49001106192068
650.0,880.0,635.0,880.0,650.0,880.0,225.0,133225.0,133450.0,15.0,365.0,365.3080891521566,0.04106123145209704,1.5297235482044425,87.64670313389169
655.0,881.0,634.0,881.0,655.0,881.0,441.0,132496.0,132937.0,21.0,364.0,364.6052660069517,0.05759653509666974,1.5131678993174227,86.69813432556501
657.0,880.0,635.0,880.0,657.0,880.0,484.0,132496.0,132980.0,22.0,364.0,364.66422912043345,0.06032947090276385,1.5104301995129266,86.54127568119358
662.0,880.0,635.0,880.0,662.0,880.0,729.0,133225.0,133954.0,27.0,365.0,365.9972677493645,0.07377104251633279,1.4969582074936627,85.76938739685583
662.0,880.0,635.0,880.0,662.0,880.0,729.0,133225.0,133954.0,27.0,365.0,365.9972677493645,0.07377104251633279,1.4969582074936627,85.76938739685583
662.0,880.0,636.0,880.0,662.0,880.0,676.0,133225.0,133901.0,26.0,365.0,365.92485567394846,0.0710528393927055,1.49968356605699,85.92553894019433
662.0,880.0,636.0,880.0,662.0,880.0,676.0,132496.0,133172.0,26.0,364.0,364.9273900380732,0.07124704998790964,1.4994888620096063,85.91438322002513
663.0,880.0,636.0,880.0,663.0,880.0,729.0,133225.0,133954.0,27.0,365.0,365.9972677493645,0.07377104251633279,1.4969582074936627,85.76938739685583
662.0,880.0,636.0,880.0,662.0,880.0,676.0,132496.0,133172.0,26.0,364.0,364.9273900380732,0.07124704998790964,1.4994888620096063,85.91438322002513
662.0,880.0,636.0,880.0,662.0,880.0,676.0,132496.0,133172.0,26.0,364.0,364.9273900380732,0.07124704998790964,1.4994888620096063,85.91438322002513
666.0,880.0,635.0,880.0,666.0,880.0,961.0,136161.0,137122.0,31.0,369.0,370.2998784768907,0.08371593349559962,1.4869822984168064,85.19780990994572
661.0,881.0,635.0,881.0,661.0,881.0,676.0,131769.0,132445.0,26.0,363.0,363.92993831230757,0.07144232244418436,1.4992930906730313,85.90316634868974
662.0,881.0,635.0,881.0,662.0,881.0,729.0,131769.0,132498.0,27.0,363.0,364.00274724238005,0.07417526434772041,1.4965528751433153,85.74616356388081
661.0,881.0,635.0,881.0,661.0,881.0,676.0,131769.0,132445.0,26.0,363.0,363.92993831230757,0.07144232244418436,1.4992930906730313,85.90316634868974
662.0,881.0,635.0,881.0,662.0,881.0,729.0,131769.0,132498.0,27.0,363.0,364.00274724238005,0.07417526434772041,1.4965528751433153,85.74616356388081
656.0,881.0,635.0,881.0,656.0,881.0,441.0,131769.0,132210.0,21.0,363.0,363.60693062701654,0.057754674708171444,1.513009496023959,86.68905848538856
656.0,881.0,635.0,881.0,656.0,881.0,441.0,132496.0,132937.0,21.0,364.0,364.6052660069517,0.05759653509666974,1.5131678993174227,86.69813432556501
656.0,881.0,634.0,881.0,656.0,881.0,484.0,132496.0,132980.0,22.0,364.0,364.66422912043345,0.06032947090276385,1.5104301995129266,86.54127568119358
596.0,886.0,591.0,886.0,596.0,886.0,25.0,126025.0,126050.0,5.0,355.0,355.0352095215346,0.014083110254721724,1.5567127509720364,89.19307054489762
596.0,883.0,591.0,883.0,596.0,883.0,25.0,128881.0,128906.0,5.0,359.0,359.03481725314606,0.013926225980681509,1.5568696506334148,89.20206023330164
596.0,883.0,591.0,883.0,596.0,883.0,25.0,128881.0,128906.0,5.0,359.0,359.03481725314606,0.013926225980681509,1.5568696506334148,89.20206023330164
596.0,884.0,590.0,884.0,596.0,884.0,36.0,128164.0,128200.0,6.0,358.0,358.05027579936313,0.016757423204338366,1.554038119212659,89.03982543333366
596.0,883.0,590.0,883.0,596.0,883.0,36.0,128881.0,128917.0,6.0,359.0,359.05013577493605,0.01671075819829515,1.554084790753875,89.04249951566871
595.0,883.0,590.0,883.0,595.0,883.0,25.0,128881.0,128906.0,5.0,359.0,359.03481725314606,0.013926225980681509,1.5568696506334148,89.20206023330164
596.0,884.0,591.0,884.0,596.0,884.0,25.0,128164.0,128189.0,5.0,358.0,358.03491449857233,0.013965118477348772,1.5568307543542523,89.19983164066687
596.0,884.0,591.0,884.0,596.0,884.0,25.0,128164.0,128189.0,5.0,358.0,358.03491449857233,0.013965118477348772,1.5568307543542523,89.19983164066687
595.0,884.0,590.0,884.0,595.0,884.0,25.0,124609.0,124634.0,5.0,353.0,353.0354089889568,0.0141628852876806,1.5566329679819393,89.18849931628813
596.0,884.0,590.0,884.0,596.0,884.0,36.0,128164.0,128200.0,6.0,358.0,358.05027579936313,0.016757423204338366,1.554038119212659,89.03982543333366
596.0,883.0,590.0,883.0,596.0,883.0,36.0,128164.0,128200.0,6.0,358.0,358.05027579936313,0.016757423204338366,1.554038119212659,89.03982543333366
596.0,883.0,591.0,883.0,596.0,883.0,25.0,128164.0,128189.0,5.0,358.0,358.03491449857233,0.013965118477348772,1.5568307543542523,89.19983164066687
596.0,883.0,591.0,883.0,596.0,883.0,25.0,128164.0,128189.0,5.0,358.0,358.03491449857233,0.013965118477348772,1.5568307543542523,89.19983164066687
595.0,884.0,590.0,884.0,595.0,884.0,25.0,127449.0,127474.0,5.0,357.0,357.03501228871096,0.014004228795233185,1.5567916402113806,89.19759056536105
595.0,884.0,590.0,884.0,595.0,884.0,25.0,123904.0,123929.0,5.0,352.0,352.035509572543,0.014203112652104954,1.5565927365708845,89.18619422623084
595.0,884.0,590.0,884.0,595.0,884.0,25.0,127449.0,127474.0,5.0,357.0,357.03501228871096,0.014004228795233185,1.5567916402113806,89.19759056536105
596.0,883.0,590.0,883.0,596.0,883.0,36.0,124609.0,124645.0,6.0,353.0,353.0509878190401,0.01699471239852574,1.5538007962205163,89.02622782750245
595.0,884.0,590.0,884.0,595.0,884.0,25.0,123904.0,123929.0,5.0,352.0,352.035509572543,0.014203112652104954,1.5565927365708845,89.18619422623084
596.0,883.0,590.0,883.0,596.0,883.0,36.0,124609.0,124645.0,6.0,353.0,353.0509878190401,0.01699471239852574,1.5538007962205163,89.02622782750245
596.0,883.0,591.0,883.0,596.0,883.0,25.0,124609.0,124634.0,5.0,353.0,353.0354089889568,0.0141628852876806,1.5566329679819393,89.18849931628813
596.0,883.0,591.0,883.0,596.0,883.0,25.0,124609.0,124634.0,5.0,353.0,353.0354089889568,0.0141628852876806,1.5566329679819393,89.18849931628813
596.0,878.0,591.0,878.0,596.0,878.0,25.0,128164.0,128189.0,5.0,358.0,358.03491449857233,0.013965118477348772,1.5568307543542523,89.19983164066687
596.0,878.0,591.0,878.0,596.0,878.0,25.0,128164.0,128189.0,5.0,358.0,358.03491449857233,0.013965118477348772,1.5568307543542523,89.19983164066687
596.0,883.0,591.0,883.0,596.0,883.0,25.0,124609.0,124634.0,5.0,353.0,353.0354089889568,0.0141628852876806,1.5566329679819393,89.18849931628813
596.0,884.0,591.0,884.0,596.0,884.0,25.0,123904.0,123929.0,5.0,352.0,352.035509572543,0.014203112652104954,1.5565927365708845,89.18619422623084
596.0,883.0,591.0,883.0,596.0,883.0,25.0,124609.0,124634.0,5.0,353.0,353.0354089889568,0.0141628852876806,1.5566329679819393,89.18849931628813
596.0,884.0,591.0,884.0,596.0,884.0,25.0,123904.0,123929.0,5.0,352.0,352.035509572543,0.014203112652104954,1.5565927365708845,89.18619422623084
596.0,883.0,591.0,883.0,596.0,883.0,25.0,124609.0,124634.0,5.0,353.0,353.0354089889568,0.0141628852876806,1.5566329679819393,89.18849931628813
596.0,884.0,590.0,884.0,596.0,884.0,36.0,123904.0,123940.0,6.0,352.0,352.05113264978996,0.017042978827648374,1.5537525227998992,89.02346196423844
596.0,884.0,590.0,884.0,596.0,884.0,36.0,123904.0,123940.0,6.0,352.0,352.05113264978996,0.017042978827648374,1.5537525227998992,89.02346196423844
595.0,884.0,590.0,884.0,595.0,884.0,25.0,123201.0,123226.0,5.0,351.0,351.03561072916807,0.014243569162724101,1.5565522759673962,89.1838760044144
595.0,884.0,590.0,884.0,595.0,884.0,25.0,123201.0,123226.0,5.0,351.0,351.03561072916807,0.014243569162724101,1.5565522759673962,89.1838760044144
595.0,884.0,590.0,884.0,595.0,884.0,25.0,123201.0,123226.0,5.0,351.0,351.03561072916807,0.014243569162724101,1.5565522759673962,89.1838760044144
594.0,884.0,589.0,884.0,594.0,884.0,25.0,123201.0,123226.0,5.0,351.0,351.03561072916807,0.014243569162724101,1.5565522759673962,89.1838760044144
595.0,884.0,590.0,884.0,595.0,884.0,25.0,123201.0,123226.0,5.0,351.0,351.03561072916807,0.014243569162724101,1.5565522759673962,89.1838760044144
595.0,884.0,590.0,884.0,595.0,884.0,25.0,123201.0,123226.0,5.0,351.0,351.03561072916807,0.014243569162724101,1.5565522759673962,89.1838760044144
595.0,884.0,590.0,884.0,595.0,884.0,25.0,123904.0,123929.0,5.0,352.0,352.035509572543,0.014203112652104954,1.5565927365708845,89.18619422623084
595.0,884.0,585.0,884.0,595.0,884.0,100.0,123904.0,124004.0,10.0,352.0,352.14201680572,0.02839763368969711,1.542394874956336,88.37271667760642
595.0,884.0,585.0,884.0,595.0,884.0,100.0,123904.0,124004.0,10.0,352.0,352.14201680572,0.02839763368969711,1.542394874956336,88.37271667760642
590.0,884.0,585.0,884.0,590.0,884.0,25.0,123201.0,123226.0,5.0,351.0,351.03561072916807,0.014243569162724101,1.5565522759673962,89.1838760044144
590.0,889.0,585.0,889.0,590.0,889.0,25.0,119716.0,119741.0,5.0,346.0,346.0361252817399,0.014449358418659438,1.55634646552995,89.172083934969
590.0,888.0,585.0,888.0,590.0,888.0,25.0,120409.0,120434.0,5.0,347.0,347.03602118512134,0.014407726272693815,1.5563881020101444,89.17446952955791
590.0,888.0,585.0,888.0,590.0,888.0,25.0,120409.0,120434.0,5.0,347.0,347.03602118512134,0.014407726272693815,1.5563881020101444,89.17446952955791
590.0,888.0,584.0,888.0,590.0,888.0,36.0,119716.0,119752.0,6.0,346.0,346.0520192109851,0.017338433723577983,1.5534570242367431,89.00653114371742
585.0,888.0,585.0,888.0,585.0,888.0,0.0,120409.0,120409.0,0.0,347.0,347.0,nan,nan,nan
585.0,888.0,585.0,888.0,585.0,888.0,0.0,120409.0,120409.0,0.0,347.0,347.0,nan,nan,nan
580.0,887.0,585.0,887.0,580.0,887.0,25.0,121801.0,121826.0,5.0,349.0,349.03581478123414,0.014325177498285841,1.5564706593047195,90.82080028589492
581.0,888.0,586.0,888.0,581.0,888.0,25.0,116964.0,116989.0,5.0,342.0,342.03654775476843,0.014618320857292928,1.556177485243109,90.83759792228791
576.0,890.0,586.0,890.0,576.0,890.0,100.0,115600.0,115700.0,10.0,340.0,340.14702703389895,0.02939905160189274,1.5413930385908916,91.68468431789628
571.0,891.0,586.0,891.0,571.0,891.0,225.0,118336.0,118561.0,15.0,344.0,344.32687957811254,0.04356325599203521,1.5272192802749824,92.49678084923633
566.0,892.0,586.0,892.0,566.0,892.0,400.0,114921.0,115321.0,20.0,339.0,339.5894580224775,0.05889464330390431,1.5118675834514663,93.3763682855882
560.0,894.0,585.0,894.0,560.0,894.0,625.0,113569.0,114194.0,25.0,337.0,337.9260274083664,0.0739806879976983,1.4967479875743792,94.24265731728869
550.0,895.0,580.0,895.0,550.0,895.0,900.0,116281.0,117181.0,30.0,341.0,342.31710445141357,0.08763803972949888,1.4830457146446014,95.02773972590131
545.0,895.0,585.0,895.0,545.0,895.0,1600.0,116281.0,117881.0,40.0,341.0,343.3380258579,0.11650326205508944,1.4540278918967056,96.69033850001446
541.0,899.0,585.0,899.0,541.0,899.0,1936.0,114921.0,116857.0,44.0,339.0,341.84353145847297,0.12871385868345767,1.4417243860997295,97.39527745539593
536.0,898.0,586.0,898.0,536.0,898.0,2500.0,112896.0,115396.0,50.0,336.0,339.69986753014786,0.14718875330607123,1.4230708619195982,98.46404566396268
527.0,906.0,586.0,906.0,527.0,906.0,3481.0,111556.0,115037.0,59.0,334.0,339.17104829274564,0.17395352668508388,1.3959533335953203,100.01776558777027
522.0,905.0,586.0,905.0,522.0,905.0,4096.0,111556.0,115652.0,64.0,334.0,340.0764619905353,0.18819297173757704,1.3814744092795461,100.84734684295347
511.0,910.0,585.0,910.0,511.0,910.0,5476.0,108900.0,114376.0,74.0,330.0,338.19520990102745,0.21880853966458022,1.350203072840751,102.6390624406301
507.0,914.0,585.0,914.0,507.0,914.0,6084.0,106929.0,113013.0,78.0,327.0,336.17406205714326,0.2320226596980628,1.336639751985096,103.41618348184089
498.0,918.0,589.0,918.0,498.0,918.0,8281.0,104329.0,112610.0,91.0,323.0,335.574134879314,0.2711770382205627,1.296180646211755,105.73431948552671
484.0,916.0,590.0,916.0,484.0,916.0,11236.0,103684.0,114920.0,106.0,322.0,338.9985250705377,0.31268572622238955,1.2527770983649131,108.22115959304489
473.0,922.0,587.0,922.0,473.0,922.0,12996.0,99856.0,112852.0,114.0,316.0,335.9345174286203,0.33935185009448404,1.2245685527226724,109.83739020454743
469.0,924.0,586.0,924.0,469.0,924.0,13689.0,99856.0,113545.0,117.0,316.0,336.964389809962,0.3472176987781545,1.2161937463152341,110.31723126593276
457.0,929.0,584.0,929.0,457.0,929.0,16129.0,96100.0,112229.0,127.0,310.0,335.00597009605667,0.37909772164234906,1.1819752854196726,112.2778046566819
446.0,933.0,595.0,933.0,446.0,933.0,22201.0,94249.0,116450.0,149.0,307.0,341.2477106150311,0.4366329659221952,1.1189437146882895,115.88924763567047
432.0,935.0,594.0,935.0,432.0,935.0,26244.0,93025.0,119269.0,162.0,305.0,345.3534421429733,0.46908465424512386,1.0825422862385607,117.97489585408738
422.0,937.0,597.0,937.0,422.0,937.0,30625.0,91809.0,122434.0,175.0,303.0,349.90570158258356,0.5001347483293213,1.0470419502382533,120.00891527820133
412.0,939.0,594.0,939.0,412.0,939.0,33124.0,90000.0,123124.0,182.0,300.0,350.89029624656195,0.5186806302335392,1.0254892799100244,121.24379232524569
396.0,940.0,600.0,940.0,396.0,940.0,41616.0,86436.0,128052.0,204.0,294.0,357.8435412299627,0.5700815482062942,0.9641912182003698,124.75591255354136
388.0,941.0,604.0,941.0,388.0,941.0,46656.0,88209.0,134865.0,216.0,297.0,367.23970373585695,0.5881716976750462,0.9420000403794637,126.0273733851036
378.0,946.0,607.0,946.0,378.0,946.0,52441.0,84681.0,137122.0,229.0,291.0,370.2998784768907,0.6184177022739455,0.9040687094610722,128.20067855804152
367.0,946.0,606.0,946.0,367.0,946.0,57121.0,82944.0,140065.0,239.0,288.0,374.25258850140233,0.638606137520688,0.8781107333121808,129.68796103607426
356.0,943.0,600.0,943.0,356.0,943.0,59536.0,83521.0,143057.0,244.0,289.0,378.22876675366723,0.645112221617221,0.8696261826238937,130.17408998157794
349.0,945.0,595.0,945.0,349.0,945.0,60516.0,80089.0,140605.0,246.0,283.0,374.97333238511777,0.6560466538653602,0.8552277305619763,130.99906051624723
343.0,943.0,594.0,943.0,343.0,943.0,63001.0,80656.0,143657.0,251.0,284.0,379.0211075916485,0.6622322476837451,0.8470023570252455,131.4703397048205
336.0,945.0,593.0,945.0,336.0,945.0,66049.0,75625.0,141674.0,257.0,275.0,376.3960679922148,0.6827914047319847,0.8192198476804706,133.06216023455886
329.0,943.0,589.0,943.0,329.0,943.0,67600.0,74529.0,142129.0,260.0,273.0,377.0,0.6896551724137931,0.8097835725701668,133.60281897270363
322.0,942.0,586.0,942.0,322.0,942.0,69696.0,71824.0,141520.0,264.0,268.0,376.19144062564743,0.7017703527782003,0.7929168187097523,134.56921278299137
315.0,938.0,586.0,938.0,315.0,938.0,73441.0,68644.0,142085.0,271.0,262.0,376.9416400452463,0.7189441844829625,0.7685142144658307,135.9673790152961
310.0,938.0,574.0,938.0,310.0,938.0,69696.0,67600.0,137296.0,264.0,260.0,370.5347487078641,0.7124837843700919,0.7777647238799552,135.43736386752073
305.0,932.0,569.0,932.0,305.0,932.0,69696.0,67600.0,137296.0,264.0,260.0,370.5347487078641,0.7124837843700919,0.7777647238799552,135.43736386752073
301.0,929.0,567.0,929.0,301.0,929.0,70756.0,66049.0,136805.0,266.0,257.0,369.8715993422582,0.719168491100769,0.7681914487332431,135.98587212954482
299.0,923.0,565.0,923.0,299.0,923.0,70756.0,68121.0,138877.0,266.0,261.0,372.6620452903676,0.7137834490033468,0.775910782027889,135.5435869111068
293.0,918.0,562.0,918.0,293.0,918.0,72361.0,66049.0,138410.0,269.0,257.0,372.03494459526246,0.723050358327618,0.7625884318529644,136.30690134932536
288.0,916.0,564.0,916.0,288.0,916.0,76176.0,64009.0,140185.0,276.0,253.0,374.41287371029324,0.7371541402007414,0.7419472680059175,137.48955292199915
286.0,908.0,564.0,908.0,286.0,908.0,77284.0,63001.0,140285.0,278.0,251.0,374.54639232009697,0.7422311513346899,0.7344027170432254,137.92182385048278
283.0,901.0,563.0,901.0,283.0,901.0,78400.0,61504.0,139904.0,280.0,248.0,374.0374312819507,0.748588180173163,0.7248661436153413,138.46822925891715
280.0,896.0,564.0,896.0,280.0,896.0,80656.0,60516.0,141172.0,284.0,246.0,375.7286254732264,0.7558646872920712,0.713822530208825,139.10098169768463
275.0,888.0,557.0,888.0,275.0,888.0,79524.0,57121.0,136645.0,282.0,239.0,369.655244788979,0.7628729849646316,0.7030512125175105,139.71813274119154
275.0,878.0,556.0,878.0,275.0,878.0,78961.0,59049.0,138010.0,281.0,243.0,371.4969717238621,0.7563991671212612,0.7130058061709651,139.14777653808088
268.0,869.0,546.0,869.0,268.0,869.0,77284.0,62001.0,139285.0,278.0,249.0,373.20905669610966,0.7448908192663853,0.7304251441779821,138.14972198836696
269.0,860.0,545.0,860.0,269.0,860.0,76176.0,63504.0,139680.0,276.0,252.0,373.7378760575385,0.7384854939281259,0.7399748839758713,137.6025622024998
267.0,851.0,540.0,851.0,267.0,851.0,74529.0,64009.0,138538.0,273.0,253.0,372.2069316925734,0.7334629657716477,0.7473936574603846,137.17749779267365
266.0,841.0,537.0,841.0,266.0,841.0,73441.0,65536.0,138977.0,271.0,256.0,372.7961909676653,0.7269387578681171,0.7569428479201278,136.63036948156375
266.0,833.0,538.0,833.0,266.0,833.0,73984.0,66049.0,140033.0,272.0,257.0,374.2098341839776,0.7268649168270472,0.7570503717183142,136.62420882173046
267.0,825.0,540.0,825.0,267.0,825.0,74529.0,66049.0,140578.0,273.0,257.0,374.93732809631,0.7281216873927117,0.7552186500222182,136.7291587441593
264.0,814.0,539.0,814.0,264.0,814.0,75625.0,67600.0,143225.0,275.0,260.0,378.4507894033252,0.7266466544661507,0.7573681234376017,136.60600298928225
268.0,803.0,540.0,803.0,268.0,803.0,73984.0,68644.0,142628.0,272.0,262.0,377.6612238501591,0.7202222066301377,0.7666737602230997,136.07282927579155
262.0,794.0,538.0,794.0,262.0,794.0,76176.0,67600.0,143776.0,276.0,260.0,379.17805843693014,0.7278902190114672,0.7555562787303389,136.70981404414152
266.0,783.0,533.0,783.0,266.0,783.0,71289.0,71824.0,143113.0,267.0,268.0,378.3027887816848,0.7057838533516161,0.7872673200991632,134.89290520974313
263.0,774.0,533.0,774.0,263.0,774.0,72900.0,75076.0,147976.0,270.0,274.0,384.67648745406836,0.701888492813689,0.7927509720641391,134.5787150958314
265.0,765.0,525.0,765.0,265.0,765.0,67600.0,76176.0,143776.0,260.0,276.0,379.17805843693014,0.6856936845760199,0.8152400480645577,133.29018595585848
264.0,757.0,525.0,757.0,264.0,757.0,68121.0,76729.0,144850.0,261.0,277.0,380.5916446797013,0.68577438219815,0.8151291771741644,133.29653838994886
264.0,742.0,517.0,742.0,264.0,742.0,64009.0,81225.0,145234.0,253.0,285.0,381.09578848368295,0.6638750876955243,0.8448077232176879,131.59608295957028
269.0,727.0,509.0,727.0,269.0,727.0,57600.0,86436.0,144036.0,240.0,294.0,379.5207504208433,0.6323764899122606,0.8861791624821163,129.2256740973367
271.0,719.0,508.0,719.0,271.0,719.0,56169.0,88209.0,144378.0,237.0,297.0,379.97105152892897,0.6237317265258985,0.8972884295691244,128.58915997976754
272.0,710.0,503.0,710.0,272.0,710.0,53361.0,88804.0,142165.0,231.0,298.0,377.04774233510534,0.6126545104590394,0.9113814421530049,127.78168983808644
273.0,696.0,494.0,696.0,273.0,696.0,48841.0,96721.0,145562.0,221.0,311.0,381.5258837877189,0.579252966550926,0.9529843740710061,125.39801742381488
278.0,684.0,491.0,684.0,278.0,684.0,45369.0,104976.0,150345.0,213.0,324.0,387.7434718986253,0.5493322658845134,0.9892314025524164,123.32121567193957
280.0,672.0,487.0,672.0,280.0,672.0,42849.0,109561.0,152410.0,207.0,331.0,390.3972335967559,0.5302291670791187,1.0119254936735915,122.02094003081092
280.0,661.0,482.0,661.0,280.0,661.0,40804.0,114244.0,155048.0,202.0,338.0,393.7613490427927,0.5130010868030811,1.0321189850405048,120.86393820185293
283.0,653.0,482.0,653.0,283.0,653.0,39601.0,117649.0,157250.0,199.0,343.0,396.547601177967,0.501831304511386,1.0450816489021637,120.12123227133311
286.0,646.0,479.0,646.0,286.0,646.0,37249.0,121801.0,159050.0,193.0,349.0,398.81073205218536,0.4839388323550568,1.0656461881787374,118.94297096315444
292.0,633.0,475.0,633.0,292.0,633.0,33489.0,126025.0,159514.0,183.0,355.0,399.3920379777243,0.4581964150477297,1.09483131164266,117.27078656410343
297.0,627.0,473.0,627.0,297.0,627.0,30976.0,128881.0,159857.0,176.0,359.0,399.82121004268896,0.44019675689843585,1.1149785354137542,116.11643567311408
301.0,621.0,460.0,621.0,301.0,621.0,25281.0,138384.0,163665.0,159.0,372.0,404.5553114223072,0.39302413170895945,1.1668782500365544,113.14280106729423
306.0,618.0,452.0,618.0,306.0,618.0,21316.0,139129.0,160445.0,146.0,373.0,400.5558637693374,0.3644934782032676,1.1977075234223507,111.37641381683312
305.0,614.0,441.0,614.0,305.0,614.0,18496.0,141376.0,159872.0,136.0,376.0,399.8399679871936,0.34013608165443815,1.223734723255406,109.88516511385544
310.0,605.0,440.0,605.0,310.0,605.0,16900.0,147456.0,164356.0,130.0,384.0,405.4084360247083,0.32066426953206506,1.2443656193621615,108.70310183936547
313.0,605.0,438.0,605.0,313.0,605.0,15625.0,145924.0,161549.0,125.0,382.0,401.93158621835136,0.31099820040541204,1.2545531911441086,108.11939697277333
316.0,599.0,430.0,599.0,316.0,599.0,12996.0,148996.0,161992.0,114.0,386.0,402.4822977473668,0.28324227087263454,1.2836231805564422,106.45380926895663
320.0,594.0,428.0,594.0,320.0,594.0,11664.0,152100.0,163764.0,108.0,390.0,404.67764949401396,0.26687908298132373,1.3006431270834917,105.47863816541835
321.0,596.0,419.0,596.0,321.0,596.0,9604.0,152881.0,162485.0,98.0,391.0,403.0942817753683,0.24311930094461698,1.3252159790234326,104.07071745865989
325.0,596.0,418.0,596.0,325.0,596.0,8649.0,152881.0,161530.0,93.0,391.0,401.90794966011805,0.23139626891841134,1.3372836668993209,103.37928987489029
329.0,597.0,409.0,597.0,329.0,597.0,6400.0,150544.0,156944.0,80.0,388.0,396.1615831955441,0.2019378036474381,1.367460242766621,101.65029943753765
326.0,602.0,407.0,602.0,326.0,602.0,6561.0,152100.0,158661.0,81.0,390.0,398.32273347123936,0.20335269165812891,1.3660153768519216,101.73308415641223
333.0,597.0,409.0,597.0,333.0,597.0,5776.0,154449.0,160225.0,76.0,393.0,400.2811511925087,0.18986654698474434,1.379770107563679,100.94499613828957
338.0,600.0,407.0,600.0,338.0,600.0,4761.0,149769.0,154530.0,69.0,387.0,393.10303992719264,0.17552649812318832,1.3943557830339566,100.10929849249517
336.0,597.0,406.0,597.0,336.0,597.0,4900.0,157609.0,162509.0,70.0,397.0,403.1240503864784,0.17364381989338123,1.3962678265929678,99.99974646631865
338.0,599.0,400.0,599.0,338.0,599.0,3844.0,155236.0,159080.0,62.0,394.0,398.84834210511644,0.15544755601280627,1.414715826199424,98.94275394840972
341.0,599.0,397.0,599.0,341.0,599.0,3136.0,156025.0,159161.0,56.0,395.0,398.949871537766,0.140368512425248,1.4299627244661914,98.0691710270586
342.0,597.0,399.0,597.0,342.0,597.0,3249.0,156816.0,160065.0,57.0,396.0,400.0812417497226,0.1424710635037903,1.4278388272011757,98.19086137646339
336.0,598.0,399.0,598.0,336.0,598.0,3969.0,156025.0,159994.0,63.0,395.0,399.9924999296862,0.15750295320805924,1.4126347942020292,99.06198829889212
345.0,594.0,394.0,594.0,345.0,594.0,2401.0,158404.0,160805.0,49.0,398.0,401.00498750015566,0.12219299392125635,1.4482971915464868,97.01868344373614
342.0,600.0,392.0,600.0,342.0,600.0,2500.0,152100.0,154600.0,50.0,390.0,393.19206502675,0.12716431598536546,1.4432867685796584,97.30575953331082
342.0,593.0,392.0,593.0,342.0,593.0,2500.0,163216.0,165716.0,50.0,404.0,407.0823012610595,0.12282528580856991,1.4476601006879497,97.05518606109668
338.0,596.0,394.0,596.0,338.0,596.0,3136.0,154449.0,157585.0,56.0,393.0,396.9697721489635,0.14106867557408354,1.4292555244022378,98.10969060599453
340.0,593.0,388.0,593.0,340.0,593.0,2304.0,156816.0,159120.0,48.0,396.0,398.8984833262719,0.12033136751923736,1.450172658214794,96.91122711902467
340.0,598.0,389.0,598.0,340.0,598.0,2401.0,152881.0,155282.0,49.0,391.0,394.0583713106473,0.12434706015006067,1.446126569904108,97.1430509027642
348.0,594.0,389.0,594.0,348.0,594.0,1681.0,155236.0,156917.0,41.0,394.0,396.1275047254356,0.10350202778375102,1.4671086052630358,95.94086883110337
348.0,595.0,390.0,595.0,348.0,595.0,1764.0,155236.0,157000.0,42.0,394.0,396.23225512317896,0.10599843767626445,1.4645983848700566,96.08469386526876
348.0,596.0,389.0,596.0,348.0,596.0,1681.0,154449.0,156130.0,41.0,393.0,395.1328890386119,0.1037625597296041,1.4668466629346733,95.95587702099438
348.0,592.0,389.0,592.0,348.0,592.0,1681.0,158404.0,160085.0,41.0,398.0,400.10623589241897,0.10247278428078317,1.4681433509077548,95.88158227279143
347.0,601.0,382.0,601.0,347.0,601.0,1225.0,152100.0,153325.0,35.0,390.0,391.56736329781114,0.08938436468562458,1.4812925084432862,95.12819104185284
347.0,600.0,388.0,600.0,347.0,600.0,1681.0,152100.0,153781.0,41.0,390.0,392.149206297807,0.10455204126784251,1.4660528637712913,96.00135836283718
346.0,591.0,380.0,591.0,346.0,591.0,1156.0,159201.0,160357.0,34.0,399.0,400.44600135349083,0.0849053302694531,1.4857886516154628,94.87058101400056
345.0,591.0,380.0,591.0,345.0,591.0,1225.0,160000.0,161225.0,35.0,400.0,401.52833025827704,0.08716695028090989,1.4835186138454353,95.00064459755842
345.0,591.0,380.0,591.0,345.0,591.0,1225.0,160000.0,161225.0,35.0,400.0,401.52833025827704,0.08716695028090989,1.4835186138454353,95.00064459755842
345.0,591.0,379.0,591.0,345.0,591.0,1156.0,160000.0,161156.0,34.0,400.0,401.4423993551254,0.0846945914398115,1.4860001522716937,94.85846291903428
345.0,596.0,379.0,596.0,345.0,596.0,1156.0,156025.0,157181.0,34.0,395.0,396.4605907275022,0.08575883907555668,1.4849320182689014,94.9196624893487
345.0,591.0,380.0,591.0,345.0,591.0,1225.0,160801.0,162026.0,35.0,401.0,402.5245334138032,0.08695122183774896,1.483735164499436,94.98823715903337
344.0,592.0,379.0,592.0,344.0,592.0,1225.0,160000.0,161225.0,35.0,400.0,401.52833025827704,0.08716695028090989,1.4835186138454353,95.00064459755842
344.0,597.0,379.0,597.0,344.0,597.0,1225.0,156025.0,157250.0,35.0,395.0,396.547601177967,0.08826178722562064,1.4824195406500478,95.06361685303008
345.0,591.0,379.0,591.0,345.0,591.0,1156.0,160801.0,161957.0,34.0,401.0,402.4388152253706,0.08448489239528148,1.486210605609843,94.84640483097388
344.0,591.0,378.0,591.0,344.0,591.0,1156.0,160801.0,161957.0,34.0,401.0,402.4388152253706,0.08448489239528148,1.486210605609843,94.84640483097388
344.0,592.0,378.0,592.0,344.0,592.0,1156.0,160000.0,161156.0,34.0,400.0,401.4423993551254,0.0846945914398115,1.4860001522716937,94.85846291903428
343.0,596.0,378.0,596.0,343.0,596.0,1225.0,161604.0,162829.0,35.0,402.0,403.52075535218756,0.08673655452853339,1.483950645912368,94.97589098350888
343.0,597.0,378.0,597.0,343.0,597.0,1225.0,160801.0,162026.0,35.0,401.0,402.5245334138032,0.08695122183774896,1.483735164499436,94.98823715903337
342.0,598.0,377.0,598.0,342.0,598.0,1225.0,160801.0,162026.0,35.0,401.0,402.5245334138032,0.08695122183774896,1.483735164499436,94.98823715903337
342.0,591.0,371.0,591.0,342.0,591.0,841.0,165649.0,166490.0,29.0,407.0,408.0318615010352,0.07107288115520465,1.4996634734972678,94.07561227867737
337.0,594.0,372.0,594.0,337.0,594.0,1225.0,163216.0,164441.0,35.0,404.0,405.51325502380314,0.08631037226624205,1.4843784324574412,94.95138061994369
337.0,590.0,379.0,590.0,337.0,590.0,1764.0,168100.0,169864.0,42.0,410.0,412.1456053386958,0.10190573296416677,1.4687133863822703,95.84892164592895
336.0,591.0,378.0,591.0,336.0,591.0,1764.0,173056.0,174820.0,42.0,416.0,418.11481676687805,0.10045087692603179,1.470175746937771,95.76513455797236
336.0,589.0,378.0,589.0,336.0,589.0,1764.0,180625.0,182389.0,42.0,425.0,427.0702518321781,0.09834447569179873,1.472292631838246,95.64384598746017
335.0,592.0,377.0,592.0,335.0,592.0,1764.0,178084.0,179848.0,42.0,422.0,424.084897160934,0.09903677372425176,1.4715969375259763,95.68370633538449
334.0,595.0,377.0,595.0,334.0,595.0,1849.0,175561.0,177410.0,43.0,419.0,421.2006647668068,0.10208910763188488,1.4685290503397488,95.85948332317759
335.0,590.0,378.0,590.0,335.0,590.0,1849.0,176400.0,178249.0,43.0,420.0,422.1954523677393,0.10184856269495363,1.4687708556648753,95.84562889858404
335.0,592.0,378.0,592.0,335.0,592.0,1849.0,181476.0,183325.0,43.0,426.0,428.1646879414509,0.10042864629200811,1.470198090560339,95.76385436270019
332.0,593.0,381.0,593.0,332.0,593.0,2401.0,175561.0,177962.0,49.0,419.0,421.8554254718078,0.11615353754238875,1.4543800069892723,96.67016379130753
324.0,597.0,381.0,597.0,324.0,597.0,3249.0,171396.0,174645.0,57.0,414.0,417.90549170835266,0.13639447466217813,1.4339753707240313,97.83926333180543
327.0,598.0,378.0,598.0,327.0,598.0,2601.0,175561.0,178162.0,51.0,419.0,422.0924069442614,0.12082662270381639,1.449673762952928,96.93981171194868
325.0,597.0,375.0,597.0,325.0,597.0,2500.0,171396.0,173896.0,50.0,414.0,417.00839320090427,0.119901663408274,1.4506054961620816,96.88642733143199
319.0,600.0,376.0,600.0,319.0,600.0,3249.0,171396.0,174645.0,57.0,414.0,417.90549170835266,0.13639447466217813,1.4339753707240313,97.83926333180543
317.0,606.0,367.0,606.0,317.0,606.0,2500.0,168100.0,170600.0,50.0,410.0,413.03752856126766,0.12105437531103976,1.449444326224133,96.9529574681739
313.0,606.0,376.0,606.0,313.0,606.0,3969.0,175561.0,179530.0,63.0,419.0,423.70980635335786,0.14868666963884333,1.4215562800049313,98.55082481539993
311.0,606.0,381.0,606.0,311.0,606.0,4900.0,170569.0,175469.0,70.0,413.0,418.890200410561,0.16710823010753623,1.402900403544522,99.61972779969885
310.0,613.0,379.0,613.0,310.0,613.0,4761.0,164836.0,169597.0,69.0,406.0,411.82156330138906,0.16754829311718866,1.4024540474631442,99.6453021193218
309.0,609.0,377.0,609.0,309.0,609.0,4624.0,163216.0,167840.0,68.0,404.0,409.6828041302197,0.16598207031014625,1.4040425143221953,99.55428967240177
305.0,613.0,372.0,613.0,305.0,613.0,4489.0,163216.0,167705.0,67.0,404.0,409.5180093719933,0.16360696835469157,1.4064505396132063,99.41631998626607
299.0,614.0,377.0,614.0,299.0,614.0,6084.0,162409.0,168493.0,78.0,403.0,410.47898850002053,0.19002190656586093,1.379611867197882,100.95406264339833
291.0,616.0,369.0,616.0,291.0,616.0,6084.0,155236.0,161320.0,78.0,394.0,401.6466108409232,0.1942005680981404,1.3753538894614947,101.198026796954
291.0,615.0,374.0,615.0,291.0,615.0,6889.0,156816.0,163705.0,83.0,396.0,404.6047453997543,0.20513847389010484,1.3641911388204184,101.83760529644462
284.0,616.0,374.0,616.0,284.0,616.0,8100.0,156025.0,164125.0,90.0,395.0,405.123437979093,0.2221545128293579,1.3467726797569732,102.83560948640144
284.0,618.0,373.0,618.0,284.0,618.0,7921.0,156025.0,163946.0,89.0,395.0,404.902457389431,0.21980602581129982,1.349180697780711,102.69764021664983
284.0,621.0,372.0,621.0,284.0,621.0,7744.0,153664.0,161408.0,88.0,392.0,401.756144943671,0.21903834230671995,1.3499675570655483,102.65255650055796
277.0,624.0,372.0,624.0,277.0,624.0,9025.0,152100.0,161125.0,95.0,390.0,401.40378672852603,0.23666941653505022,1.3318598862087332,103.6900496174655
271.0,625.0,377.0,625.0,271.0,625.0,11236.0,151321.0,162557.0,106.0,389.0,403.18358101490196,0.26290753143561707,1.304761810814349,105.24265497049103
270.0,627.0,383.0,627.0,270.0,627.0,12769.0,150544.0,163313.0,113.0,388.0,404.120031673759,0.2796198929609693,1.2873981395692466,106.23752004968806
269.0,625.0,383.0,625.0,269.0,625.0,12996.0,152100.0,165096.0,114.0,390.0,406.32007088008834,0.28056699181282446,1.2864115502010378,106.2940474565989
263.0,626.0,382.0,626.0,263.0,626.0,14161.0,146689.0,160850.0,119.0,383.0,401.06109260310956,0.29671290034050374,1.269547631286816,107.26027883643467
263.0,629.0,382.0,629.0,263.0,629.0,14161.0,150544.0,164705.0,119.0,388.0,405.83863788456614,0.29321998669295635,1.2732031920624407,107.05083063223779
263.0,626.0,381.0,626.0,263.0,626.0,13924.0,148225.0,162149.0,118.0,385.0,402.67729014683704,0.2930386264320272,1.2733928850023641,107.03996202737675
257.0,629.0,381.0,629.0,257.0,629.0,15376.0,142129.0,157505.0,124.0,377.0,396.86899601757756,0.31244567160521647,1.2530298150641073,108.20667999276858
256.0,624.0,380.0,624.0,256.0,624.0,15376.0,151321.0,166697.0,124.0,389.0,408.285439368097,0.30370909183515016,1.2622130981230149,107.6805166314192
256.0,625.0,385.0,625.0,256.0,625.0,16641.0,145924.0,162565.0,129.0,382.0,403.1935019317648,0.3199456325112887,1.2451242238734945,108.6596370025465
249.0,625.0,391.0,625.0,249.0,625.0,20164.0,146689.0,166853.0,142.0,383.0,408.47643750894616,0.34763327076091144,1.215750567663323,110.34262353225758
250.0,631.0,392.0,631.0,250.0,631.0,20164.0,141376.0,161540.0,142.0,376.0,401.9203901271992,0.35330379718993615,1.209696016009649,110.68952378885704
250.0,629.0,392.0,629.0,250.0,629.0,20164.0,142884.0,163048.0,142.0,378.0,403.7920256765851,0.3516661820204792,1.2114459464443368,110.58926016050795
249.0,628.0,392.0,628.0,249.0,628.0,20449.0,143641.0,164090.0,143.0,379.0,405.0802389650722,0.35301647980989287,1.2100031224430874,110.67192788635971
243.0,627.0,392.0,627.0,243.0,627.0,22201.0,143641.0,165842.0,149.0,379.0,407.23703171494606,0.36588028198844064,1.196217832823062,111.46176680095267
242.0,625.0,391.0,625.0,242.0,625.0,22201.0,145161.0,167362.0,149.0,381.0,409.0990100208017,0.36421500993713896,1.1980065464015932,111.35928106214509
242.0,632.0,391.0,632.0,242.0,632.0,22201.0,139876.0,162077.0,149.0,374.0,402.5878786054046,0.3701055295458658,1.1916737126369596,111.72212570921654
242.0,633.0,392.0,633.0,242.0,633.0,22500.0,143641.0,166141.0,150.0,379.0,407.6039744654117,0.36800426246267787,1.1939345804696595,111.59258752436594
235.0,633.0,391.0,633.0,235.0,633.0,24336.0,139129.0,163465.0,156.0,373.0,404.3080508721042,0.38584440666838926,1.1746733966192369,112.6961720674207
235.0,633.0,385.0,633.0,235.0,633.0,22500.0,144400.0,166900.0,150.0,380.0,408.53396431630995,0.36716653473604843,1.194835372923591,111.54097591853844
235.0,633.0,384.0,633.0,235.0,633.0,22201.0,144400.0,166601.0,149.0,380.0,408.1678576272267,0.3650458928005041,1.1971142295484547,111.41040705181832
235.0,633.0,384.0,633.0,235.0,633.0,22201.0,139876.0,162077.0,149.0,374.0,402.5878786054046,0.3701055295458658,1.1916737126369596,111.72212570921654
234.0,632.0,391.0,632.0,234.0,632.0,24649.0,139876.0,164525.0,157.0,374.0,405.6168142471414,0.3870648219832925,1.173350178249351,112.77198689538935
234.0,633.0,390.0,633.0,234.0,633.0,24336.0,139129.0,163465.0,156.0,373.0,404.3080508721042,0.38584440666838926,1.1746733966192369,112.6961720674207
234.0,632.0,390.0,632.0,234.0,632.0,24336.0,139876.0,164212.0,156.0,374.0,405.2307984346698,0.38496580369162114,1.175625556392039,112.641617331017
234.0,632.0,390.0,632.0,234.0,632.0,24336.0,139876.0,164212.0,156.0,374.0,405.2307984346698,0.38496580369162114,1.175625556392039,112.641617331017
234.0,632.0,390.0,632.0,234.0,632.0,24336.0,135424.0,159760.0,156.0,368.0,399.6998874155458,0.3902928294743688,1.169846701428803,112.97272133082866
234.0,633.0,383.0,633.0,234.0,633.0,22201.0,134689.0,156890.0,149.0,367.0,396.0934233233367,0.37617388026755794,1.1851329396095205,112.0968843984418
234.0,632.0,383.0,632.0,234.0,632.0,22201.0,135424.0,157625.0,149.0,368.0,397.0201506221063,0.37529581248338684,1.186080432919275,112.04259703067599
233.0,631.0,383.0,631.0,233.0,631.0,22500.0,136161.0,158661.0,150.0,369.0,398.32273347123936,0.37657905862616464,1.1846956024504316,112.12194197188184
234.0,631.0,384.0,631.0,234.0,631.0,22500.0,136161.0,158661.0,150.0,369.0,398.32273347123936,0.37657905862616464,1.1846956024504316,112.12194197188184
234.0,631.0,384.0,631.0,234.0,631.0,22500.0,136161.0,158661.0,150.0,369.0,398.32273347123936,0.37657905862616464,1.1846956024504316,112.12194197188184
234.0,631.0,384.0,631.0,234.0,631.0,22500.0,135424.0,157924.0,150.0,368.0,397.39652741311164,0.3774567457255816,1.1837479869354262,112.17623634149277
234.0,631.0,390.0,631.0,234.0,631.0,24336.0,135424.0,159760.0,156.0,368.0,399.6998874155458,0.3902928294743688,1.169846701428803,112.97272133082866
228.0,625.0,384.0,625.0,228.0,625.0,24336.0,140625.0,164961.0,156.0,375.0,406.15391171328145,0.38409084709277885,1.1765733888521748,112.58731053136572
229.0,627.0,384.0,627.0,229.0,627.0,24025.0,139129.0,163154.0,155.0,373.0,403.92326003833944,0.38373625719223936,1.176957406388386,112.56530794728181
229.0,628.0,384.0,628.0,229.0,628.0,24025.0,138384.0,162409.0,155.0,372.0,403.0,0.38461538461538464,1.176005207095135,112.61986494804043
229.0,629.0,384.0,629.0,229.0,629.0,24025.0,137641.0,161666.0,155.0,371.0,402.077107032967,0.38549819745716407,1.1750486357396823,112.67467244951098
229.0,628.0,390.0,628.0,229.0,628.0,25921.0,133956.0,159877.0,161.0,366.0,399.8462204398086,0.40265480019520744,1.1563810189162003,113.74424810706391
235.0,628.0,390.0,628.0,235.0,628.0,24025.0,133956.0,157981.0,155.0,366.0,397.46823772472686,0.3899682673697006,1.1701991953085058,112.9525249192175
235.0,626.0,384.0,626.0,235.0,626.0,22201.0,139876.0,162077.0,149.0,374.0,402.5878786054046,0.3701055295458658,1.1916737126369596,111.72212570921654
235.0,624.0,391.0,624.0,235.0,624.0,24336.0,140625.0,164961.0,156.0,375.0,406.15391171328145,0.38409084709277885,1.1765733888521748,112.58731053136572
236.0,625.0,392.0,625.0,236.0,625.0,24336.0,140625.0,164961.0,156.0,375.0,406.15391171328145,0.38409084709277885,1.1765733888521748,112.58731053136572
235.0,624.0,392.0,624.0,235.0,624.0,24649.0,136161.0,160810.0,157.0,369.0,401.01122178811903,0.39151024078561464,1.1685240499079075,113.04850368074253
235.0,621.0,392.0,621.0,235.0,621.0,24649.0,137641.0,162290.0,157.0,371.0,402.8523302650737,0.38972096772208126,1.1704677422134484,112.93713831496298
235.0,619.0,387.0,619.0,235.0,619.0,23104.0,139129.0,162233.0,152.0,373.0,402.7815785261287,0.3773757492986727,1.1838354519491974,112.17122496534863
235.0,618.0,388.0,618.0,235.0,618.0,23409.0,139876.0,163285.0,153.0,374.0,404.0853870161602,0.37863284572050415,1.1824776086224307,112.24902365721236
235.0,618.0,387.0,618.0,235.0,618.0,23104.0,140625.0,163729.0,152.0,375.0,404.63440288734716,0.37564774254332933,1.1857007207717953,112.06435293415643
235.0,619.0,387.0,619.0,235.0,619.0,23104.0,145161.0,168265.0,152.0,381.0,410.20117015922807,0.3705498937045891,1.1911953364881072,111.74953464356551
242.0,618.0,388.0,618.0,242.0,618.0,21316.0,144400.0,165716.0,146.0,380.0,407.0823012610595,0.3586498345610242,1.2039752266481154,111.01730087475626
243.0,612.0,388.0,612.0,243.0,612.0,21025.0,148996.0,170021.0,145.0,386.0,412.336028015986,0.3516549371096392,1.2114579586006384,110.58857191464901
244.0,611.0,389.0,611.0,244.0,611.0,21025.0,153664.0,174689.0,145.0,392.0,417.95813187447374,0.34692470116491997,1.2165061642066155,110.29933103931224
244.0,610.0,383.0,610.0,244.0,610.0,19321.0,153664.0,172985.0,139.0,392.0,415.9146547069483,0.3342031794910877,1.2300366555112447,109.52409099281853
250.0,612.0,384.0,612.0,250.0,612.0,17956.0,147456.0,165412.0,134.0,384.0,406.70874099286334,0.32947410884968253,1.2350497967678906,109.23685915670981
256.0,614.0,378.0,614.0,256.0,614.0,14884.0,144400.0,159284.0,122.0,380.0,399.1039964720975,0.30568473650583794,1.2601388197321368,107.7993640287517
256.0,612.0,379.0,612.0,256.0,612.0,15129.0,145924.0,161053.0,123.0,382.0,401.3140914545613,0.30649310009072195,1.2592897008972121,107.84801495429795
256.0,610.0,379.0,610.0,256.0,610.0,15129.0,151321.0,166450.0,123.0,389.0,407.98284277650697,0.3014832662151418,1.2645484063232708,107.54671332768224
260.0,611.0,377.0,611.0,260.0,611.0,13689.0,152100.0,165789.0,117.0,390.0,407.1719538475115,0.2873478855663454,1.2793395323170296,106.69924423399361
261.0,610.0,379.0,610.0,261.0,610.0,13924.0,152881.0,166805.0,118.0,391.0,408.4176783637065,0.28891991275391843,1.277697882759892,106.79330382505712
268.0,615.0,379.0,615.0,268.0,615.0,12321.0,143641.0,155962.0,111.0,379.0,394.9202451128582,0.28106940926332863,1.285888068346372,106.32404075752294
268.0,614.0,379.0,614.0,268.0,614.0,12321.0,149769.0,162090.0,111.0,387.0,402.6040238248992,0.2757051430968216,1.2914731266937896,106.0040404858816
275.0,608.0,380.0,608.0,275.0,608.0,11025.0,149769.0,160794.0,105.0,387.0,400.99127172545786,0.2618510860552824,1.3058566128485978,105.17992743452623
282.0,608.0,380.0,608.0,282.0,608.0,9604.0,149769.0,159373.0,98.0,387.0,399.2154806617599,0.24548146238605328,1.3227800059395698,104.21028843537269
282.0,608.0,380.0,608.0,282.0,608.0,9604.0,149769.0,159373.0,98.0,387.0,399.2154806617599,0.24548146238605328,1.3227800059395698,104.21028843537269
283.0,610.0,381.0,610.0,283.0,610.0,9604.0,148225.0,157829.0,98.0,385.0,397.2769814625559,0.24667928063493072,1.321544185409683,104.28109573597082
289.0,605.0,386.0,605.0,289.0,605.0,9409.0,152881.0,162290.0,97.0,391.0,402.8523302650737,0.24078301827415213,1.3276238025830605,103.93275933088104
296.0,604.0,381.0,604.0,296.0,604.0,7225.0,152881.0,160106.0,85.0,391.0,400.13247806195386,0.21242964433104367,1.356735643231075,102.2647737278924
297.0,605.0,381.0,605.0,297.0,605.0,7056.0,152100.0,159156.0,84.0,390.0,398.94360503710294,0.2105560759450894,1.358652573790421,102.15494169722223
297.0,601.0,381.0,601.0,297.0,601.0,7056.0,160000.0,167056.0,84.0,400.0,408.724846320847,0.20551723428641383,1.3638041325750756,101.85977912094798
297.0,603.0,387.0,603.0,297.0,603.0,8100.0,153664.0,161764.0,90.0,392.0,402.1989557420556,0.2237698500085619,1.3451156295981626,102.93055146694277
304.0,602.0,388.0,602.0,304.0,602.0,7056.0,159201.0,166257.0,84.0,399.0,407.74624461789955,0.2060104810498419,1.3633001003596938,101.88865803962798
301.0,602.0,385.0,602.0,301.0,602.0,7056.0,153664.0,160720.0,84.0,392.0,400.8989897717379,0.20952908873087345,1.35970299357215,102.0947570770121
303.0,600.0,387.0,600.0,303.0,600.0,7056.0,154449.0,161505.0,84.0,393.0,401.8768468075761,0.20901925718607098,1.3602243699586927,102.06488441052542
304.0,600.0,388.0,600.0,304.0,600.0,7056.0,154449.0,161505.0,84.0,393.0,401.8768468075761,0.20901925718607098,1.3602243699586927,102.06488441052542
310.0,598.0,388.0,598.0,310.0,598.0,6084.0,150544.0,156628.0,78.0,388.0,395.7625550756413,0.1970878725125777,1.3724096869920062,101.3667171724877
310.0,597.0,388.0,597.0,310.0,597.0,6084.0,150544.0,156628.0,78.0,388.0,395.7625550756413,0.1970878725125777,1.3724096869920062,101.3667171724877
311.0,596.0,389.0,596.0,311.0,596.0,6084.0,151321.0,157405.0,78.0,389.0,396.7429898561536,0.19660082722137148,1.3729064516120695,101.33825465634665
305.0,596.0,389.0,596.0,305.0,596.0,7056.0,151321.0,158377.0,84.0,389.0,397.96607895648594,0.21107326589305783,1.3581234933061732,102.18525577599236
306.0,593.0,384.0,593.0,306.0,593.0,6084.0,152881.0,158965.0,78.0,391.0,398.7041509691114,0.19563377960928943,1.3738926508207414,101.28174960393059
306.0,594.0,384.0,594.0,306.0,594.0,6084.0,152100.0,158184.0,78.0,390.0,397.7235220602372,0.19611613513818404,1.373400766945016,101.30993247402021
307.0,593.0,385.0,593.0,307.0,593.0,6084.0,152881.0,158965.0,78.0,391.0,398.7041509691114,0.19563377960928943,1.3738926508207414,101.28174960393059
306.0,593.0,384.0,593.0,306.0,593.0,6084.0,157609.0,163693.0,78.0,397.0,404.5899158407189,0.19278780055088535,1.3767938707433458,101.1155219469261
312.0,594.0,390.0,594.0,312.0,594.0,6084.0,163216.0,169300.0,78.0,404.0,411.4608122288197,0.18956847816803268,1.3800736898251482,100.92760215597234
305.0,600.0,389.0,600.0,305.0,600.0,7056.0,159201.0,166257.0,84.0,399.0,407.74624461789955,0.2060104810498419,1.3633001003596938,101.88865803962798
305.0,595.0,390.0,595.0,305.0,595.0,7225.0,168100.0,175325.0,85.0,410.0,418.7182823808867,0.20300045060530655,1.36637512141775,101.71247231108751
306.0,595.0,390.0,595.0,306.0,595.0,7056.0,168100.0,175156.0,84.0,410.0,418.51642739562806,0.2007089674417819,1.3687147656308023,101.57842057211741
306.0,598.0,385.0,598.0,306.0,598.0,6241.0,164836.0,171077.0,79.0,406.0,413.6145548696274,0.19099908131835702,1.3786164617073466,101.01109517691017
300.0,599.0,385.0,599.0,300.0,599.0,7225.0,164025.0,171250.0,85.0,405.0,413.82363393117123,0.20540151173226018,1.3639223778151535,101.853004167744
300.0,600.0,385.0,600.0,300.0,600.0,7225.0,162409.0,169634.0,85.0,403.0,411.86648321998723,0.20637756035758698,1.3629249596995376,101.91015201617869
300.0,603.0,386.0,603.0,300.0,603.0,7396.0,159201.0,166597.0,86.0,399.0,408.1629576529453,0.21070015881530454,1.358505184425631,102.1633864857698
300.0,599.0,386.0,599.0,300.0,599.0,7396.0,162409.0,169805.0,86.0,403.0,412.0740224765449,0.20870036767458472,1.360550450996392,102.04620134328601
300.0,602.0,379.0,602.0,300.0,602.0,6241.0,160000.0,166241.0,79.0,400.0,407.72662410002124,0.19375727590607414,1.3758057647131605,101.17213625216714
299.0,599.0,383.0,599.0,299.0,599.0,7056.0,163216.0,170272.0,84.0,404.0,412.6402791778815,0.2035671364108136,1.3657963507913224,101.74563342528795
299.0,595.0,383.0,595.0,299.0,595.0,7056.0,166464.0,173520.0,84.0,408.0,416.5573189850348,0.20165292067048707,1.3677511095414314,101.63363399894044
300.0,598.0,384.0,598.0,300.0,598.0,7056.0,164025.0,171081.0,84.0,405.0,413.61939026114334,0.20308525658568774,1.366288511336553,101.71743470320338
300.0,600.0,384.0,600.0,300.0,600.0,7056.0,162409.0,169465.0,84.0,403.0,411.66126852061274,0.20405125870080235,1.3653018492186124,101.77396627836681
300.0,597.0,385.0,597.0,300.0,597.0,7225.0,164836.0,172061.0,85.0,406.0,414.8023625776497,0.2049168656412565,1.3644175570587094,101.82463248698576
300.0,596.0,378.0,596.0,300.0,596.0,6084.0,165649.0,171733.0,78.0,407.0,414.406804963432,0.18822084740351416,1.3814460263944335,100.84897306248084
299.0,597.0,384.0,597.0,299.0,597.0,7225.0,164025.0,171250.0,85.0,405.0,413.82363393117123,0.20540151173226018,1.3639223778151535,101.853004167744
300.0,597.0,378.0,597.0,300.0,597.0,6084.0,164025.0,170109.0,78.0,405.0,412.4427232962172,0.18911716850434102,1.380533313608367,100.90126765303008
300.0,598.0,378.0,598.0,300.0,598.0,6084.0,162409.0,168493.0,78.0,403.0,410.47898850002053,0.19002190656586093,1.379611867197882,100.95406264339833
300.0,593.0,378.0,593.0,300.0,593.0,6084.0,165649.0,171733.0,78.0,407.0,414.406804963432,0.18822084740351416,1.3814460263944335,100.84897306248084
300.0,595.0,377.0,595.0,300.0,595.0,5929.0,163216.0,169145.0,77.0,404.0,411.2724158024703,0.18722383763510722,1.382461081727195,100.79081467594136
293.0,601.0,377.0,601.0,293.0,601.0,7056.0,158404.0,165460.0,84.0,398.0,406.7677470006687,0.20650604827786878,1.362793643072026,101.91767590471498
294.0,599.0,377.0,599.0,294.0,599.0,6889.0,159201.0,166090.0,83.0,399.0,407.54140893901814,0.20366028624202845,1.3657012078393238,101.75108471488788
293.0,596.0,378.0,596.0,293.0,596.0,7225.0,161604.0,168829.0,85.0,402.0,410.8880626155985,0.20686899361084807,1.3624226876994188,101.93893008195309
294.0,595.0,378.0,595.0,294.0,595.0,7056.0,162409.0,169465.0,84.0,403.0,411.66126852061274,0.20405125870080235,1.3653018492186124,101.77396627836681
299.0,598.0,378.0,598.0,299.0,598.0,6241.0,159201.0,165442.0,79.0,399.0,406.74562075085703,0.19422458649748978,1.3753294048623124,101.19942966115022
300.0,596.0,379.0,596.0,300.0,596.0,6241.0,160000.0,166241.0,79.0,400.0,407.72662410002124,0.19375727590607414,1.3758057647131605,101.17213625216714
300.0,597.0,379.0,597.0,300.0,597.0,6241.0,164836.0,171077.0,79.0,406.0,413.6145548696274,0.19099908131835702,1.3786164617073466,101.01109517691017
301.0,598.0,379.0,598.0,301.0,598.0,6084.0,158404.0,164488.0,78.0,398.0,405.5712021334848,0.19232134724971922,1.3772692196014429,101.08828646356076
302.0,597.0,380.0,597.0,302.0,597.0,6084.0,158404.0,164488.0,78.0,398.0,405.5712021334848,0.19232134724971922,1.3772692196014429,101.08828646356076
302.0,594.0,374.0,594.0,302.0,594.0,5184.0,160801.0,165985.0,72.0,401.0,407.4125673073917,0.17672503446776638,1.393138213157031,100.17906010770527
306.0,599.0,378.0,599.0,306.0,599.0,5184.0,160000.0,165184.0,72.0,400.0,406.4283454681772,0.17715299831526515,1.392703388563699,100.20397372173169
306.0,597.0,372.0,597.0,306.0,597.0,4356.0,161604.0,165960.0,66.0,402.0,407.3818847224309,0.16201014938346855,1.4080689521545156,99.32359177813801
306.0,596.0,372.0,596.0,306.0,596.0,4356.0,160801.0,165157.0,66.0,401.0,406.39512792355174,0.16240352175780873,1.4076703003436475,99.346432844396
305.0,594.0,371.0,594.0,305.0,594.0,4356.0,162409.0,166765.0,66.0,403.0,408.36870595088453,0.16161865255154487,1.4084656773473927,99.30086109895964
312.0,594.0,371.0,594.0,312.0,594.0,3481.0,163216.0,166697.0,59.0,404.0,408.285439368097,0.14450674530866017,1.4257818593590068,98.30871695241379
312.0,599.0,371.0,599.0,312.0,599.0,3481.0,158404.0,161885.0,59.0,398.0,402.3493506891741,0.14663873546444248,1.4236269133116812,98.43218626600395
311.0,599.0,371.0,599.0,311.0,599.0,3600.0,163216.0,166816.0,60.0,404.0,408.431144747802,0.14690358649570856,1.4233591626669586,98.44752724790847
311.0,592.0,371.0,592.0,311.0,592.0,3600.0,168921.0,172521.0,60.0,411.0,415.35647340567596,0.1444542311042746,1.425834930403395,98.305676205556
318.0,592.0,365.0,592.0,318.0,592.0,2209.0,168100.0,170309.0,47.0,410.0,412.68510998096355,0.11388828640356816,1.4566603934025397,96.53950727416833
319.0,590.0,372.0,590.0,319.0,590.0,2809.0,168921.0,171730.0,53.0,411.0,414.40318531594323,0.1278947698232399,1.4425503013014906,97.34795600009932
319.0,588.0,366.0,588.0,319.0,588.0,2209.0,170569.0,172778.0,47.0,413.0,415.6657310868915,0.11307162579196367,1.457482363731416,96.49241184343873
319.0,594.0,366.0,594.0,319.0,594.0,2209.0,165649.0,167858.0,47.0,407.0,409.70477175644413,0.11471675030414323,1.4558264638943548,96.58728791539875
320.0,596.0,367.0,596.0,320.0,596.0,2209.0,163216.0,165425.0,47.0,404.0,406.7247226319049,0.1155572734695453,1.454980313481485,96.63576876288944
322.0,593.0,369.0,593.0,322.0,593.0,2209.0,165649.0,167858.0,47.0,407.0,409.70477175644413,0.11471675030414323,1.4558264638943548,96.58728791539875
324.0,587.0,370.0,587.0,324.0,587.0,2116.0,169744.0,171860.0,46.0,412.0,414.56000771902734,0.11096101684554438,1.4596063406207946,96.37071693189401
325.0,593.0,372.0,593.0,325.0,593.0,2209.0,160000.0,162209.0,47.0,400.0,402.75178460188107,0.11669718619983115,1.453832635896873,96.70152584472947
326.0,586.0,372.0,586.0,326.0,586.0,2116.0,170569.0,172685.0,46.0,413.0,415.5538472929832,0.11069564221256754,1.4598733602113652,96.35541783630701
324.0,588.0,378.0,588.0,324.0,588.0,2916.0,164836.0,167752.0,54.0,406.0,409.5753898856717,0.13184385911241758,1.4385674792240346,97.57615489568907
326.0,592.0,379.0,592.0,326.0,592.0,2809.0,161604.0,164413.0,53.0,402.0,405.4787294051317,0.13070969241162184,1.4397115470317803,97.51060463882847
328.0,590.0,381.0,590.0,328.0,590.0,2809.0,163216.0,166025.0,53.0,404.0,407.4616546375867,0.13007358949430567,1.4403531274106511,97.47384479090076
329.0,591.0,382.0,591.0,329.0,591.0,2809.0,162409.0,165218.0,53.0,403.0,406.4701711073028,0.13039087187041995,1.440033119693086,97.49217988252886
332.0,597.0,378.0,597.0,332.0,597.0,2116.0,162409.0,164525.0,46.0,403.0,405.6168142471414,0.11340752746007295,1.4571442874576788,96.51178218707739
330.0,596.0,376.0,596.0,330.0,596.0,2116.0,163216.0,165332.0,46.0,404.0,406.6103786181558,0.11313041284467114,1.4574231970352352,96.49580184541763
332.0,594.0,378.0,594.0,332.0,594.0,2116.0,160000.0,162116.0,46.0,400.0,402.6363123216782,0.11424702291443903,1.4562993000274465,96.5601964005713
333.0,593.0,379.0,593.0,333.0,593.0,2116.0,161604.0,163720.0,46.0,402.0,404.623281584241,0.11368599409281142,1.4568640081605981,96.527841007885
334.0,594.0,380.0,594.0,334.0,594.0,2116.0,160801.0,162917.0,46.0,401.0,403.6297808636028,0.1139658225950989,1.456582349073519,96.54397888483615
335.0,592.0,388.0,592.0,335.0,592.0,2809.0,162409.0,165218.0,53.0,403.0,406.4701711073028,0.13039087187041995,1.440033119693086,97.49217988252886
338.0,589.0,384.0,589.0,338.0,589.0,2116.0,167281.0,169397.0,46.0,409.0,411.5786680575173,0.11176478172958078,1.4587975448481656,96.41705751615368
338.0,594.0,391.0,594.0,338.0,594.0,2809.0,163216.0,166025.0,53.0,404.0,407.4616546375867,0.13007358949430567,1.4403531274106511,97.47384479090076
338.0,593.0,392.0,593.0,338.0,593.0,2916.0,164025.0,166941.0,54.0,405.0,408.58414066138204,0.13216372009101796,1.4382447944982226,97.59464336859143
340.0,591.0,393.0,591.0,340.0,591.0,2809.0,160000.0,162809.0,53.0,400.0,403.49597271843993,0.13135199254388463,1.4390636610036975,97.5477257738431
340.0,587.0,400.0,587.0,340.0,587.0,3600.0,168921.0,172521.0,60.0,411.0,415.35647340567596,0.1444542311042746,1.425834930403395,98.305676205556
340.0,591.0,400.0,591.0,340.0,591.0,3600.0,164836.0,168436.0,60.0,406.0,410.40955154576994,0.14619542789395495,1.4240750504843367,98.40650989736787
340.0,584.0,401.0,584.0,340.0,584.0,3721.0,172225.0,175946.0,61.0,415.0,419.4591756059223,0.145425356143142,1.4248534412652651,98.36191139080877
347.0,589.0,401.0,589.0,347.0,589.0,2916.0,168100.0,171016.0,54.0,410.0,413.5408081435253,0.1305796161748045,1.4398427477562097,97.5030873910496
347.0,586.0,402.0,586.0,347.0,586.0,3025.0,173056.0,176081.0,55.0,416.0,419.6200662504118,0.13107094827819385,1.4393471562564162,97.53148269235032
348.0,584.0,402.0,584.0,348.0,584.0,2916.0,168921.0,171837.0,54.0,411.0,414.53226653663523,0.13026730211175883,1.4401577524708615,97.48503895037332
349.0,589.0,397.0,589.0,349.0,589.0,2304.0,165649.0,167953.0,48.0,407.0,409.8206924985609,0.11712439337154396,1.4534024788857927,96.72617202599234
349.0,590.0,398.0,590.0,349.0,590.0,2401.0,164836.0,167237.0,49.0,406.0,408.94620673139883,0.11982016019085816,1.4506875912279837,96.88172363063694
349.0,588.0,397.0,588.0,349.0,588.0,2304.0,166464.0,168768.0,48.0,408.0,410.81382644696856,0.1168412475673972,1.4536875822280324,96.70983680775693
356.0,587.0,397.0,587.0,356.0,587.0,1681.0,173889.0,175570.0,41.0,417.0,419.0107397191628,0.09784952058145284,1.4727899857623779,95.61534970668315
349.0,583.0,398.0,583.0,349.0,583.0,2401.0,169744.0,172145.0,49.0,412.0,414.90360326225175,0.11809972151297067,1.4524203342440494,96.78244476883562
356.0,585.0,397.0,585.0,356.0,585.0,1681.0,168100.0,169781.0,41.0,410.0,412.0449004659565,0.09950371902099892,1.4711276743037347,95.71059313749963
356.0,587.0,398.0,587.0,356.0,587.0,1764.0,166464.0,168228.0,42.0,408.0,410.1560678571024,0.10240004547398947,1.468216474376602,95.87739260664313
356.0,589.0,398.0,589.0,356.0,589.0,1764.0,164836.0,166600.0,42.0,406.0,408.16663263917104,0.1028991510855053,1.4677147182721964,95.9061411137705
356.0,592.0,405.0,592.0,356.0,592.0,2401.0,167281.0,169682.0,49.0,409.0,411.92475040958635,0.11895376510218958,1.4515602276156645,96.83172524857329
356.0,592.0,405.0,592.0,356.0,592.0,2401.0,166464.0,168865.0,49.0,408.0,410.93186783212616,0.11924117800476228,1.4512707544059302,96.84831084177317
355.0,589.0,405.0,589.0,355.0,589.0,2500.0,168921.0,171421.0,50.0,411.0,414.03019213579097,0.12076413978911305,1.4497367067783415,96.93620529640606
355.0,589.0,405.0,589.0,355.0,589.0,2500.0,168100.0,170600.0,50.0,410.0,413.03752856126766,0.12105437531103976,1.449444326224133,96.9529574681739
355.0,590.0,405.0,590.0,355.0,590.0,2500.0,166464.0,168964.0,50.0,408.0,411.052308106888,0.12163902017793377,1.4488553287660337,96.98670453666693
355.0,590.0,405.0,590.0,355.0,590.0,2500.0,171396.0,173896.0,50.0,414.0,417.00839320090427,0.119901663408274,1.4506054961620816,96.88642733143199
355.0,592.0,405.0,592.0,355.0,592.0,2500.0,170569.0,173069.0,50.0,413.0,416.0156247065728,0.12018779351200179,1.4503172818308223,96.90294079620833
363.0,591.0,398.0,591.0,363.0,591.0,1225.0,171396.0,172621.0,35.0,414.0,415.4768344926104,0.08424055710047657,1.4864558150496783,94.83235536497456
356.0,593.0,399.0,593.0,356.0,593.0,1849.0,169744.0,171593.0,43.0,412.0,414.23785437837523,0.1038050954192195,1.4668038963000058,95.9583273686648
356.0,593.0,399.0,593.0,356.0,593.0,1849.0,169744.0,171593.0,43.0,412.0,414.23785437837523,0.1038050954192195,1.4668038963000058,95.9583273686648
362.0,589.0,398.0,589.0,362.0,589.0,1296.0,178084.0,179380.0,36.0,422.0,423.5327614246624,0.08499932774717274,1.4856943131055838,94.87598621246218
363.0,588.0,398.0,588.0,363.0,588.0,1225.0,173056.0,174281.0,35.0,416.0,417.4697593838385,0.08383840796434693,1.4868593918716815,94.80923211636447
362.0,593.0,397.0,593.0,362.0,593.0,1225.0,168921.0,170146.0,35.0,411.0,412.4875755704649,0.08485104054733153,1.4858431379605255,94.86745917638737
362.0,592.0,390.0,592.0,362.0,592.0,784.0,169744.0,170528.0,28.0,412.0,412.95036021294374,0.06780475983980594,1.5029395039385927,93.88790956083308
361.0,591.0,390.0,591.0,361.0,591.0,841.0,169744.0,170585.0,29.0,412.0,413.0193700058146,0.07021462455766113,1.5005238797528315,94.02631463156692
361.0,590.0,389.0,590.0,361.0,590.0,784.0,175561.0,176345.0,28.0,419.0,419.934518705,0.0666770621437523,1.5040697597256092,93.82315067446679
358.0,592.0,394.0,592.0,358.0,592.0,1296.0,170569.0,171865.0,36.0,413.0,414.566038165212,0.08683779346549694,1.4838490235414494,94.98171351646661
357.0,594.0,393.0,594.0,357.0,594.0,1296.0,168921.0,170217.0,36.0,411.0,412.5736297923075,0.08725715217941257,1.4834280669423867,95.00583255295109
357.0,594.0,393.0,594.0,357.0,594.0,1296.0,173889.0,175185.0,36.0,417.0,418.5510721524913,0.08601100891908375,1.4846789132176286,94.93416434056007
357.0,593.0,392.0,593.0,357.0,593.0,1225.0,173889.0,175114.0,35.0,417.0,418.4662471454538,0.08363876474805487,1.487059738755324,94.79775308549316
358.0,595.0,386.0,595.0,358.0,595.0,784.0,170569.0,171353.0,28.0,413.0,413.94806437523056,0.06764133573679161,1.503103304100928,93.8785245028477
358.0,590.0,393.0,590.0,358.0,590.0,1225.0,174724.0,175949.0,35.0,418.0,419.4627516240268,0.08344006676276045,1.487259133731346,94.78632859491098
359.0,590.0,386.0,590.0,359.0,590.0,729.0,173889.0,174618.0,27.0,417.0,417.8731865051884,0.06461290379937971,1.5061383803709154,93.70462744207711
359.0,592.0,387.0,592.0,359.0,592.0,784.0,172225.0,173009.0,28.0,415.0,415.94350577933056,0.06731683416366349,1.5034285470052624,93.85988945711276
359.0,592.0,387.0,592.0,359.0,592.0,784.0,172225.0,173009.0,28.0,415.0,415.94350577933056,0.06731683416366349,1.5034285470052624,93.85988945711276
360.0,592.0,387.0,592.0,360.0,592.0,729.0,172225.0,172954.0,27.0,415.0,415.87738577614437,0.064922981925575,1.505827649818839,93.72243099127687
360.0,593.0,387.0,593.0,360.0,593.0,729.0,165649.0,166378.0,27.0,407.0,407.89459422747933,0.06619357153074289,1.5045543208679117,93.79538736609682
360.0,592.0,388.0,592.0,360.0,592.0,784.0,172225.0,173009.0,28.0,415.0,415.94350577933056,0.06731683416366349,1.5034285470052624,93.85988945711276
360.0,592.0,387.0,592.0,360.0,592.0,729.0,172225.0,172954.0,27.0,415.0,415.87738577614437,0.064922981925575,1.505827649818839,93.72243099127687
360.0,590.0,388.0,590.0,360.0,590.0,784.0,174724.0,175508.0,28.0,418.0,418.9367494025799,0.06683586493648287,1.50391060189923,93.83226974619478
360.0,593.0,388.0,593.0,360.0,593.0,784.0,172225.0,173009.0,28.0,415.0,415.94350577933056,0.06731683416366349,1.5034285470052624,93.85988945711276
360.0,593.0,388.0,593.0,360.0,593.0,784.0,166464.0,167248.0,28.0,408.0,408.95965571190516,0.06846641131692663,1.5022763112362012,93.92590770368398
360.0,593.0,388.0,593.0,360.0,593.0,784.0,166464.0,167248.0,28.0,408.0,408.95965571190516,0.06846641131692663,1.5022763112362012,93.92590770368398
360.0,593.0,388.0,593.0,360.0,593.0,784.0,166464.0,167248.0,28.0,408.0,408.95965571190516,0.06846641131692663,1.5022763112362012,93.92590770368398
355.0,591.0,390.0,591.0,355.0,591.0,1225.0,170569.0,171794.0,35.0,413.0,414.48039760644895,0.0844430766861806,1.4862525712818986,94.84400037508067
355.0,591.0,390.0,591.0,355.0,591.0,1225.0,170569.0,171794.0,35.0,413.0,414.48039760644895,0.0844430766861806,1.4862525712818986,94.84400037508067
355.0,592.0,390.0,592.0,355.0,592.0,1225.0,169744.0,170969.0,35.0,412.0,413.48397792417546,0.0846465688361407,1.4860483479460946,94.85570151030032
355.0,593.0,390.0,593.0,355.0,593.0,1225.0,164025.0,165250.0,35.0,405.0,406.5095324835569,0.08609884197836304,1.4845907531191178,94.93921554212619
348.0,594.0,390.0,594.0,348.0,594.0,1764.0,168921.0,170685.0,42.0,411.0,413.14041196668234,0.10166035271172429,1.4689600476408782,95.83478899684134
349.0,588.0,391.0,588.0,349.0,588.0,1764.0,173889.0,175653.0,42.0,417.0,419.10977082382607,0.10021240954951349,1.4704154237119258,95.75140209036599
350.0,589.0,398.0,589.0,350.0,589.0,2304.0,168100.0,170404.0,48.0,410.0,412.8001937984041,0.11627901517759792,1.4542536733082363,96.67740217804125
350.0,588.0,399.0,588.0,350.0,588.0,2401.0,168921.0,171322.0,49.0,411.0,413.91061837068156,0.11838304654488857,1.4521350076110184,96.79879278069097
345.0,592.0,400.0,592.0,345.0,592.0,3025.0,168100.0,171125.0,55.0,410.0,413.67257583746107,0.13295539325674427,1.4374460726233442,97.64040676102675
345.0,590.0,401.0,590.0,345.0,590.0,3136.0,169744.0,172880.0,56.0,412.0,415.7884077268148,0.1346838895922121,1.4357018883455415,97.74034115883792
345.0,591.0,401.0,591.0,345.0,591.0,3136.0,168921.0,172057.0,56.0,411.0,414.79754097631775,0.13500562194315716,1.4353771904419768,97.75894497832893
346.0,586.0,401.0,586.0,346.0,586.0,3025.0,173056.0,176081.0,55.0,416.0,419.6200662504118,0.13107094827819385,1.4393471562564162,97.53148269235032
346.0,588.0,401.0,588.0,346.0,588.0,3025.0,165649.0,168674.0,55.0,407.0,410.69940345707835,0.13391789600139503,1.4364748848419282,97.69605172201656
339.0,588.0,401.0,588.0,339.0,588.0,3844.0,165649.0,169493.0,62.0,407.0,411.6952756590729,0.15059682164374055,1.4196243749794324,98.66151481978115
339.0,592.0,401.0,592.0,339.0,592.0,3844.0,162409.0,166253.0,62.0,403.0,407.74133957694306,0.1520571842539411,1.4181469983996315,98.7461622625552
339.0,590.0,401.0,590.0,339.0,590.0,3844.0,164025.0,167869.0,62.0,405.0,409.71819583709,0.15132352097111185,1.4188892510003766,98.7036343211999
340.0,591.0,401.0,591.0,340.0,591.0,3721.0,163216.0,166937.0,61.0,404.0,408.57924567946424,0.1492978428176337,1.4209382081215745,98.58623772575199
340.0,592.0,408.0,592.0,340.0,592.0,4624.0,162409.0,167033.0,68.0,403.0,408.6967090643134,0.16638254845673195,1.4036363890190264,99.57755893822682
341.0,596.0,409.0,596.0,341.0,596.0,4624.0,160000.0,164624.0,68.0,400.0,405.73883225543005,0.16759549393386897,1.4024061696473666,99.64804531609816
340.0,595.0,408.0,595.0,340.0,595.0,4624.0,160801.0,165425.0,68.0,401.0,406.7247226319049,0.16718924672189533,1.4028182308999804,99.62443594542252
339.0,596.0,408.0,596.0,339.0,596.0,4761.0,158404.0,163165.0,69.0,398.0,403.93687625667457,0.17081876910924856,1.3991357349158007,99.83542742338989
339.0,596.0,408.0,596.0,339.0,596.0,4761.0,159201.0,163962.0,69.0,399.0,404.9222147524139,0.17040309838814213,1.3995575906894588,99.81125686799605
339.0,596.0,415.0,596.0,339.0,596.0,5776.0,159201.0,164977.0,76.0,399.0,406.17360820220705,0.1871121078899952,1.382574821490126,100.7842978675626
339.0,596.0,415.0,596.0,339.0,596.0,5776.0,160000.0,165776.0,76.0,400.0,407.15598976313737,0.18666064582327016,1.3830343802813032,100.75796708839
335.0,594.0,416.0,594.0,335.0,594.0,6561.0,158404.0,164965.0,81.0,398.0,406.15883592506026,0.19942936810796155,1.370020770159358,101.50359202460619
335.0,593.0,416.0,593.0,335.0,593.0,6561.0,163216.0,169777.0,81.0,404.0,412.0400465974151,0.1965828338019321,1.3729248031542085,101.33720319043452
328.0,600.0,416.0,600.0,328.0,600.0,7744.0,154449.0,162193.0,88.0,393.0,402.7319207611932,0.21850763613093663,1.3505114383469017,102.62139439858025
329.0,600.0,416.0,600.0,329.0,600.0,7569.0,156025.0,163594.0,87.0,395.0,404.46755123248147,0.21509760111755863,1.354004557584354,102.42125340893827
328.0,597.0,417.0,597.0,328.0,597.0,7921.0,161604.0,169525.0,89.0,402.0,411.7341375208036,0.2161589042285888,1.3529176863412438,102.48352654404263
323.0,601.0,424.0,601.0,323.0,601.0,10201.0,158404.0,168605.0,101.0,398.0,410.6153918206184,0.24597226994384785,1.3222736737801113,104.23929913114141
323.0,599.0,423.0,599.0,323.0,599.0,10000.0,155236.0,165236.0,100.0,394.0,406.49231235043055,0.24600711246364626,1.3222377266942373,104.24135874744778
324.0,606.0,424.0,606.0,324.0,606.0,10000.0,149769.0,159769.0,100.0,387.0,399.7111457039946,0.25018066439922304,1.3179294777676591,104.48820322803248
324.0,601.0,431.0,601.0,324.0,601.0,11449.0,155236.0,166685.0,107.0,394.0,408.27074350239695,0.26208098841981264,1.3056183910869645,105.193576536056
317.0,606.0,431.0,606.0,317.0,606.0,12996.0,145924.0,158920.0,114.0,382.0,398.6477141537375,0.2859667720458474,1.2807811459267124,106.61664585847016
318.0,610.0,431.0,610.0,318.0,610.0,12769.0,143641.0,156410.0,113.0,379.0,395.4870415070512,0.28572364740295875,1.2810348564375695,106.60210931697995
318.0,612.0,437.0,612.0,318.0,612.0,14161.0,142884.0,157045.0,119.0,378.0,396.2890359321085,0.30028587523270983,1.2658039799804919,107.47477425625567
318.0,613.0,438.0,613.0,318.0,613.0,14400.0,142884.0,157284.0,120.0,378.0,396.5904688718578,0.30257913242683887,1.2633988536720753,107.61257784292381
312.0,613.0,443.0,613.0,312.0,613.0,17161.0,139129.0,156290.0,131.0,373.0,395.3353007258522,0.33136428687111547,1.233047137521911,109.3516030793073
313.0,619.0,442.0,619.0,313.0,619.0,16641.0,135424.0,152065.0,129.0,368.0,389.95512562344913,0.3308072942848449,1.233637421762817,109.31778228359029
309.0,623.0,441.0,623.0,309.0,623.0,17424.0,133956.0,151380.0,132.0,366.0,389.0758280849634,0.3392654862413474,1.224660363225536,109.83212985021838
304.0,623.0,453.0,623.0,304.0,623.0,22201.0,130321.0,152522.0,149.0,361.0,390.54065089309205,0.38152238354513257,1.1793536286956272,112.42801452230178
303.0,626.0,452.0,626.0,303.0,626.0,22201.0,128881.0,151082.0,149.0,359.0,388.69268066172793,0.38333626387390596,1.1773905218630167,112.54049225854367
303.0,628.0,458.0,628.0,303.0,628.0,24025.0,128164.0,152189.0,155.0,358.0,390.114085877452,0.39731967035071564,1.1622021003425107,113.41072470913433
304.0,631.0,455.0,631.0,304.0,631.0,22801.0,122500.0,145301.0,151.0,350.0,381.1836827567518,0.3961344801224322,1.163493246526622,113.33674748205034
303.0,632.0,461.0,632.0,303.0,632.0,24964.0,123904.0,148868.0,158.0,352.0,385.83416126621034,0.40950236101822574,1.1488878033583125,114.17357773351264
303.0,633.0,460.0,633.0,303.0,633.0,24649.0,123904.0,148553.0,157.0,352.0,385.42573863197043,0.4073417633115411,1.1512548220027023,114.03795755516033
303.0,636.0,459.0,636.0,303.0,636.0,24336.0,126736.0,151072.0,156.0,356.0,388.6798168158465,0.40135863312375597,1.1577966100742025,113.66314070819435
302.0,637.0,458.0,637.0,302.0,637.0,24336.0,126736.0,151072.0,156.0,356.0,388.6798168158465,0.40135863312375597,1.1577966100742025,113.66314070819435
301.0,636.0,463.0,636.0,301.0,636.0,26244.0,126736.0,152980.0,162.0,356.0,391.1265779770022,0.41418816598427477,1.1437456428342063,114.4682018291227
300.0,637.0,462.0,637.0,300.0,637.0,26244.0,126025.0,152269.0,162.0,355.0,390.2166065148945,0.4151540382836487,1.142684211216888,114.5290173810368
299.0,636.0,461.0,636.0,299.0,636.0,26244.0,127449.0,153693.0,162.0,357.0,392.0369880508726,0.41322631521436465,1.144802145806276,114.40766866778009
299.0,637.0,461.0,637.0,299.0,637.0,26244.0,126736.0,152980.0,162.0,356.0,391.1265779770022,0.41418816598427477,1.1437456428342063,114.4682018291227
300.0,637.0,462.0,637.0,300.0,637.0,26244.0,126736.0,152980.0,162.0,356.0,391.1265779770022,0.41418816598427477,1.1437456428342063,114.4682018291227
300.0,636.0,462.0,636.0,300.0,636.0,26244.0,127449.0,153693.0,162.0,357.0,392.0369880508726,0.41322631521436465,1.144802145806276,114.40766866778009
300.0,637.0,462.0,637.0,300.0,637.0,26244.0,126736.0,152980.0,162.0,356.0,391.1265779770022,0.41418816598427477,1.1437456428342063,114.4682018291227
301.0,636.0,464.0,636.0,301.0,636.0,26569.0,127449.0,154018.0,163.0,357.0,392.45127086047256,0.41533818871987055,1.1424817833917036,114.54061564107587
302.0,637.0,464.0,637.0,302.0,637.0,26244.0,126736.0,152980.0,162.0,356.0,391.1265779770022,0.41418816598427477,1.1437456428342063,114.4682018291227
303.0,635.0,466.0,635.0,303.0,635.0,26569.0,127449.0,154018.0,163.0,357.0,392.45127086047256,0.41533818871987055,1.1424817833917036,114.54061564107587
304.0,629.0,461.0,629.0,304.0,629.0,24649.0,131769.0,156418.0,157.0,363.0,395.4971554891388,0.3969687210665958,1.1625844995875907,113.38881484630225
306.0,631.0,461.0,631.0,306.0,631.0,24025.0,130321.0,154346.0,155.0,361.0,392.8689348879598,0.39453361219360245,1.165236091411512,113.23688982580016
306.0,630.0,461.0,630.0,306.0,630.0,24025.0,130321.0,154346.0,155.0,361.0,392.8689348879598,0.39453361219360245,1.165236091411512,113.23688982580016
312.0,630.0,461.0,630.0,312.0,630.0,22201.0,134689.0,156890.0,149.0,367.0,396.0934233233367,0.37617388026755794,1.1851329396095205,112.0968843984418
311.0,628.0,454.0,628.0,311.0,628.0,20449.0,136161.0,156610.0,143.0,369.0,395.73981351387937,0.3613485303140588,1.2010825855211777,111.18303700297575
318.0,625.0,456.0,625.0,318.0,625.0,19044.0,137641.0,156685.0,138.0,371.0,395.83456140160376,0.3486304973253427,1.2146867974926792,110.40357307340737
318.0,623.0,456.0,623.0,318.0,623.0,19044.0,138384.0,157428.0,138.0,372.0,396.7719748167705,0.3478068229585229,1.215565464748215,110.35322914806883
318.0,619.0,457.0,619.0,318.0,619.0,19321.0,141376.0,160697.0,139.0,376.0,400.8703032153916,0.34674556554845104,1.2166971553888564,110.28838805064562
316.0,615.0,459.0,615.0,316.0,615.0,20449.0,145924.0,166373.0,143.0,382.0,407.8884651470301,0.35058603569103947,1.2125995445531437,110.52316385761904
318.0,612.0,456.0,612.0,318.0,612.0,19044.0,149769.0,168813.0,138.0,387.0,410.86859213135284,0.33587381134229416,1.2282635454702577,109.62568271477934
328.0,608.0,448.0,608.0,328.0,608.0,14400.0,160000.0,174400.0,120.0,400.0,417.612260356422,0.28734788556634544,1.2793395323170296,106.69924423399361
328.0,608.0,436.0,608.0,328.0,608.0,11664.0,159201.0,170865.0,108.0,399.0,413.35819817683546,0.2612746051157243,1.3064538870350542,105.14570614443018
327.0,602.0,437.0,602.0,327.0,602.0,12100.0,164836.0,176936.0,110.0,406.0,420.6376112522512,0.2615077612116677,1.3062123328108277,105.1595461820019
334.0,604.0,432.0,604.0,334.0,604.0,9604.0,163216.0,172820.0,98.0,404.0,415.7162493817147,0.23573771808475893,1.332818716142021,103.6351127090173
334.0,600.0,431.0,600.0,334.0,600.0,9409.0,173056.0,182465.0,97.0,416.0,427.15922090012293,0.22708160155269186,1.3417163807498034,103.12531407946845
334.0,600.0,432.0,600.0,334.0,600.0,9604.0,172225.0,181829.0,98.0,415.0,426.4141179651537,0.22982353508288036,1.3388999662054564,103.2866827462188
340.0,598.0,431.0,598.0,340.0,598.0,8281.0,173056.0,181337.0,91.0,416.0,425.8368232081392,0.21369687880543223,1.3554386270971586,102.33908727832619
339.0,601.0,431.0,601.0,339.0,601.0,8464.0,175561.0,184025.0,92.0,419.0,428.981351576033,0.2144615369922295,1.3546558205391512,102.38393879027518
346.0,597.0,425.0,597.0,346.0,597.0,6241.0,173056.0,179297.0,79.0,416.0,423.43476475131325,0.18656947085201506,1.3831271855523761,100.75264973804096
346.0,595.0,426.0,595.0,346.0,595.0,6400.0,180625.0,187025.0,80.0,425.0,432.46387132337424,0.18498655102724204,1.3847381496458928,100.66034829453532
346.0,595.0,418.0,595.0,346.0,595.0,5184.0,174724.0,179908.0,72.0,418.0,424.1556318145499,0.1697490133326344,1.400221346050497,99.77322648717937
353.0,591.0,426.0,591.0,353.0,591.0,5329.0,177241.0,182570.0,73.0,421.0,427.2821082142336,0.1708473128095473,1.3991067653628089,99.8370872565107
352.0,591.0,418.0,591.0,352.0,591.0,4356.0,178084.0,182440.0,66.0,422.0,427.12995680471766,0.15451971688835436,1.4156550135260035,98.88894247842453
352.0,590.0,418.0,590.0,352.0,590.0,4356.0,183184.0,187540.0,66.0,428.0,433.0588874506561,0.15240421548332783,1.4177958748185555,98.76628016183838
352.0,588.0,418.0,588.0,352.0,588.0,4356.0,184041.0,188397.0,66.0,429.0,434.0472324528749,0.1520571842539411,1.4181469983996315,98.7461622625552
353.0,590.0,418.0,590.0,353.0,590.0,4225.0,182329.0,186554.0,65.0,427.0,431.9189738828337,0.15049118915908632,1.41973122520313,98.65539275292323
360.0,588.0,411.0,588.0,360.0,588.0,2601.0,177241.0,179842.0,51.0,421.0,424.07782304666677,0.12026094558212211,1.450243595293486,96.90716272380463
361.0,591.0,412.0,591.0,361.0,591.0,2601.0,180625.0,183226.0,51.0,425.0,428.04906260848185,0.11914522061843064,1.4513674007765582,96.84277341263093
360.0,589.0,404.0,589.0,360.0,589.0,1936.0,177241.0,179177.0,44.0,421.0,423.2930427020978,0.1039469009911557,1.4666613194235196,95.96649642194362
360.0,589.0,411.0,589.0,360.0,589.0,2601.0,177241.0,179842.0,51.0,421.0,424.07782304666677,0.12026094558212211,1.450243595293486,96.90716272380463
367.0,589.0,404.0,589.0,367.0,589.0,1369.0,177241.0,178610.0,37.0,421.0,422.62276322980995,0.08754852605958775,1.4831355737038807,95.0225911810536
368.0,587.0,404.0,587.0,368.0,587.0,1296.0,178929.0,180225.0,36.0,423.0,424.5291509425472,0.0847998304005088,1.4858945333451747,94.86451443776052
368.0,588.0,404.0,588.0,368.0,588.0,1296.0,177241.0,178537.0,36.0,421.0,422.5363889654949,0.0851997625296595,1.485493148589248,94.88751209023602
368.0,592.0,404.0,592.0,368.0,592.0,1296.0,173889.0,175185.0,36.0,417.0,418.5510721524913,0.08601100891908375,1.4846789132176286,94.93416434056007
367.0,584.0,404.0,584.0,367.0,584.0,1369.0,180625.0,181994.0,37.0,425.0,426.6075479876089,0.08673076736343795,1.4839564549686868,94.97555814909884
367.0,584.0,404.0,584.0,367.0,584.0,1369.0,180625.0,181994.0,37.0,425.0,426.6075479876089,0.08673076736343795,1.4839564549686868,94.97555814909884
367.0,591.0,403.0,591.0,367.0,591.0,1296.0,174724.0,176020.0,36.0,418.0,419.5473751556551,0.08580675778663552,1.484883922269323,94.92241818713599
367.0,587.0,404.0,587.0,367.0,587.0,1369.0,177241.0,178610.0,37.0,421.0,422.62276322980995,0.08754852605958775,1.4831355737038807,95.0225911810536
367.0,589.0,404.0,589.0,367.0,589.0,1369.0,176400.0,177769.0,37.0,420.0,421.6266120633279,0.08775537155715075,1.482927929014993,95.03448834536516
368.0,590.0,404.0,590.0,368.0,590.0,1296.0,176400.0,177696.0,36.0,420.0,421.5400336860071,0.0854011413464358,1.485291033116692,94.89909245378776
368.0,584.0,404.0,584.0,368.0,584.0,1296.0,180625.0,181921.0,36.0,425.0,426.5219806762601,0.08440362192570051,1.486292167401458,94.84173168454483
368.0,590.0,404.0,590.0,368.0,590.0,1296.0,175561.0,176857.0,36.0,419.0,420.5436957083057,0.08560347085780605,1.4850879599454498,94.91072768943228
368.0,587.0,404.0,587.0,368.0,587.0,1296.0,177241.0,178537.0,36.0,421.0,422.5363889654949,0.0851997625296595,1.485493148589248,94.88751209023602
367.0,587.0,396.0,587.0,367.0,587.0,841.0,177241.0,178082.0,29.0,421.0,421.99763032510026,0.06872076503761138,1.5020213570175973,93.94051550437904
367.0,588.0,396.0,588.0,367.0,588.0,841.0,176400.0,177241.0,29.0,420.0,421.0,0.0688836104513064,1.5018581247958807,93.94986802176395
368.0,588.0,404.0,588.0,368.0,588.0,1296.0,176400.0,177696.0,36.0,420.0,421.5400336860071,0.0854011413464358,1.485291033116692,94.89909245378776
368.0,587.0,397.0,587.0,368.0,587.0,841.0,177241.0,178082.0,29.0,421.0,421.99763032510026,0.06872076503761138,1.5020213570175973,93.94051550437904
367.0,588.0,404.0,588.0,367.0,588.0,1369.0,176400.0,177769.0,37.0,420.0,421.6266120633279,0.08775537155715075,1.482927929014993,95.03448834536516
367.0,587.0,396.0,587.0,367.0,587.0,841.0,177241.0,178082.0,29.0,421.0,421.99763032510026,0.06872076503761138,1.5020213570175973,93.94051550437904
367.0,587.0,396.0,587.0,367.0,587.0,841.0,177241.0,178082.0,29.0,421.0,421.99763032510026,0.06872076503761138,1.5020213570175973,93.94051550437904
367.0,587.0,396.0,587.0,367.0,587.0,841.0,178084.0,178925.0,29.0,422.0,422.9952718411874,0.06855868594883013,1.5021838192717045,93.93120710288851
368.0,589.0,397.0,589.0,368.0,589.0,841.0,170569.0,171410.0,29.0,413.0,414.01690786729955,0.07004544850447282,1.500693473369807,94.01659763308186
367.0,588.0,397.0,588.0,367.0,588.0,900.0,171396.0,172296.0,30.0,414.0,415.08553335427143,0.07227426057847045,1.4984589962563017,94.14462374110428
367.0,588.0,396.0,588.0,367.0,588.0,841.0,170569.0,171410.0,29.0,413.0,414.01690786729955,0.07004544850447282,1.500693473369807,94.01659763308186
367.0,586.0,396.0,586.0,367.0,586.0,841.0,178929.0,179770.0,29.0,423.0,423.9929244692652,0.0683973678011275,1.5023455169847817,93.92194250637228
367.0,586.0,396.0,586.0,367.0,586.0,841.0,178929.0,179770.0,29.0,423.0,423.9929244692652,0.0683973678011275,1.5023455169847817,93.92194250637228
367.0,586.0,396.0,586.0,367.0,586.0,841.0,178929.0,179770.0,29.0,423.0,423.9929244692652,0.0683973678011275,1.5023455169847817,93.92194250637228
367.0,587.0,396.0,587.0,367.0,587.0,841.0,178084.0,178925.0,29.0,422.0,422.9952718411874,0.06855868594883013,1.5021838192717045,93.93120710288851
366.0,589.0,395.0,589.0,366.0,589.0,841.0,180625.0,181466.0,29.0,425.0,425.98826274910436,0.0680769930440084,1.5026666402407851,93.90354349909978
366.0,589.0,395.0,589.0,366.0,589.0,841.0,180625.0,181466.0,29.0,425.0,425.98826274910436,0.0680769930440084,1.5026666402407851,93.90354349909978
366.0,590.0,395.0,590.0,366.0,590.0,841.0,179776.0,180617.0,29.0,424.0,424.9905881310785,0.06823680526086291,1.5025064555326144,93.9127214068205
366.0,590.0,395.0,590.0,366.0,590.0,841.0,179776.0,180617.0,29.0,424.0,424.9905881310785,0.06823680526086291,1.5025064555326144,93.9127214068205
366.0,589.0,395.0,589.0,366.0,589.0,841.0,180625.0,181466.0,29.0,425.0,425.98826274910436,0.0680769930440084,1.5026666402407851,93.90354349909978
365.0,590.0,395.0,590.0,365.0,590.0,900.0,179776.0,180676.0,30.0,424.0,425.0599957653037,0.0705782720060169,1.5001593278829946,94.04720191512217
366.0,590.0,395.0,590.0,366.0,590.0,841.0,179776.0,180617.0,29.0,424.0,424.9905881310785,0.06823680526086291,1.5025064555326144,93.9127214068205
366.0,590.0,395.0,590.0,366.0,590.0,841.0,179776.0,180617.0,29.0,424.0,424.9905881310785,0.06823680526086291,1.5025064555326144,93.9127214068205
366.0,589.0,395.0,589.0,366.0,589.0,841.0,180625.0,181466.0,29.0,425.0,425.98826274910436,0.0680769930440084,1.5026666402407851,93.90354349909978
367.0,588.0,396.0,588.0,367.0,588.0,841.0,178084.0,178925.0,29.0,422.0,422.9952718411874,0.06855868594883013,1.5021838192717045,93.93120710288851
367.0,587.0,396.0,587.0,367.0,587.0,841.0,178929.0,179770.0,29.0,423.0,423.9929244692652,0.0683973678011275,1.5023455169847817,93.92194250637228
367.0,587.0,396.0,587.0,367.0,587.0,841.0,178084.0,178925.0,29.0,422.0,422.9952718411874,0.06855868594883013,1.5021838192717045,93.93120710288851
367.0,593.0,396.0,593.0,367.0,593.0,841.0,172225.0,173066.0,29.0,415.0,416.01201905714214,0.06970952441644877,1.5010302206108461,93.99730343740764
367.0,592.0,396.0,592.0,367.0,592.0,841.0,173056.0,173897.0,29.0,416.0,417.0095922158146,0.06954276482204191,1.5011973858896368,93.98772557245181
367.0,594.0,396.0,594.0,367.0,594.0,841.0,171396.0,172237.0,29.0,414.0,415.01445757949205,0.06987708372652375,1.50086225170405,94.00692734685649
367.0,594.0,396.0,594.0,367.0,594.0,841.0,171396.0,172237.0,29.0,414.0,415.01445757949205,0.06987708372652375,1.50086225170405,94.00692734685649
367.0,594.0,396.0,594.0,367.0,594.0,841.0,171396.0,172237.0,29.0,414.0,415.01445757949205,0.06987708372652375,1.50086225170405,94.00692734685649
367.0,593.0,396.0,593.0,367.0,593.0,841.0,172225.0,173066.0,29.0,415.0,416.01201905714214,0.06970952441644877,1.5010302206108461,93.99730343740764
366.0,593.0,395.0,593.0,366.0,593.0,841.0,171396.0,172237.0,29.0,414.0,415.01445757949205,0.06987708372652375,1.50086225170405,94.00692734685649
366.0,594.0,395.0,594.0,366.0,594.0,841.0,170569.0,171410.0,29.0,413.0,414.01690786729955,0.07004544850447282,1.500693473369807,94.01659763308186
366.0,594.0,395.0,594.0,366.0,594.0,841.0,170569.0,171410.0,29.0,413.0,414.01690786729955,0.07004544850447282,1.500693473369807,94.01659763308186
366.0,586.0,395.0,586.0,366.0,586.0,841.0,176400.0,177241.0,29.0,420.0,421.0,0.0688836104513064,1.5018581247958807,93.94986802176395
367.0,588.0,396.0,588.0,367.0,588.0,841.0,180625.0,181466.0,29.0,425.0,425.98826274910436,0.0680769930440084,1.5026666402407851,93.90354349909978
367.0,589.0,396.0,589.0,367.0,589.0,841.0,173889.0,174730.0,29.0,417.0,418.0071769718793,0.06937679924560464,1.5013637532846815,93.97819342286716
367.0,588.0,396.0,588.0,367.0,588.0,841.0,173889.0,174730.0,29.0,417.0,418.0071769718793,0.06937679924560464,1.5013637532846815,93.97819342286716
367.0,588.0,396.0,588.0,367.0,588.0,841.0,173056.0,173897.0,29.0,416.0,417.0095922158146,0.06954276482204191,1.5011973858896368,93.98772557245181
367.0,589.0,396.0,589.0,367.0,589.0,841.0,173056.0,173897.0,29.0,416.0,417.0095922158146,0.06954276482204191,1.5011973858896368,93.98772557245181
367.0,589.0,396.0,589.0,367.0,589.0,841.0,173056.0,173897.0,29.0,416.0,417.0095922158146,0.06954276482204191,1.5011973858896368,93.98772557245181
367.0,587.0,396.0,587.0,367.0,587.0,841.0,180625.0,181466.0,29.0,425.0,425.98826274910436,0.0680769930440084,1.5026666402407851,93.90354349909978
367.0,587.0,396.0,587.0,367.0,587.0,841.0,180625.0,181466.0,29.0,425.0,425.98826274910436,0.0680769930440084,1.5026666402407851,93.90354349909978
367.0,587.0,396.0,587.0,367.0,587.0,841.0,180625.0,181466.0,29.0,425.0,425.98826274910436,0.0680769930440084,1.5026666402407851,93.90354349909978
368.0,594.0,396.0,594.0,368.0,594.0,784.0,173889.0,174673.0,28.0,417.0,417.93899076300596,0.0669954242576939,1.503750684144011,93.84143235863806
367.0,588.0,396.0,588.0,367.0,588.0,841.0,179776.0,180617.0,29.0,424.0,424.9905881310785,0.06823680526086291,1.5025064555326144,93.9127214068205
368.0,589.0,396.0,589.0,368.0,589.0,784.0,178929.0,179713.0,28.0,423.0,423.9257010373398,0.0660493098943622,1.504698898901453,93.78710365496461
368.0,588.0,396.0,588.0,368.0,588.0,784.0,179776.0,180560.0,28.0,424.0,424.92352253081964,0.06589421040575405,1.5048543370136265,93.77819770716158
368.0,588.0,396.0,588.0,368.0,588.0,784.0,179776.0,180560.0,28.0,424.0,424.92352253081964,0.06589421040575405,1.5048543370136265,93.77819770716158
368.0,594.0,397.0,594.0,368.0,594.0,841.0,168921.0,169762.0,29.0,411.0,412.0218440811118,0.07038461774927394,1.5003534649413204,94.03607868103302
368.0,593.0,397.0,593.0,368.0,593.0,841.0,169744.0,170585.0,29.0,412.0,413.0193700058146,0.07021462455766113,1.5005238797528315,94.02631463156692
368.0,594.0,397.0,594.0,368.0,594.0,841.0,168921.0,169762.0,29.0,411.0,412.0218440811118,0.07038461774927394,1.5003534649413204,94.03607868103302
368.0,588.0,397.0,588.0,368.0,588.0,841.0,179776.0,180617.0,29.0,424.0,424.9905881310785,0.06823680526086291,1.5025064555326144,93.9127214068205
368.0,586.0,397.0,586.0,368.0,586.0,841.0,180625.0,181466.0,29.0,425.0,425.98826274910436,0.0680769930440084,1.5026666402407851,93.90354349909978
368.0,594.0,397.0,594.0,368.0,594.0,841.0,173889.0,174730.0,29.0,417.0,418.0071769718793,0.06937679924560464,1.5013637532846815,93.97819342286716
369.0,588.0,397.0,588.0,369.0,588.0,784.0,178084.0,178868.0,28.0,422.0,422.927889834662,0.06620513963017721,1.5045427273371026,93.79605162648184
369.0,589.0,397.0,589.0,369.0,589.0,784.0,178084.0,178868.0,28.0,422.0,422.927889834662,0.06620513963017721,1.5045427273371026,93.79605162648184
369.0,590.0,397.0,590.0,369.0,590.0,784.0,177241.0,178025.0,28.0,421.0,421.9300889957956,0.06636170477114045,1.5043858171246562,93.8050419194175
369.0,591.0,397.0,591.0,369.0,591.0,784.0,176400.0,177184.0,28.0,420.0,420.9322985944414,0.06651901052377393,1.5042281630190728,93.81407483429035
369.0,584.0,397.0,584.0,369.0,584.0,784.0,183184.0,183968.0,28.0,428.0,428.9149099763262,0.06528101343351633,1.505468857171545,93.74298829568713
369.0,585.0,397.0,585.0,369.0,585.0,784.0,176400.0,177184.0,28.0,420.0,420.9322985944414,0.06651901052377393,1.5042281630190728,93.81407483429035
369.0,591.0,398.0,591.0,369.0,591.0,841.0,170569.0,171410.0,29.0,413.0,414.01690786729955,0.07004544850447282,1.500693473369807,94.01659763308186
369.0,589.0,398.0,589.0,369.0,589.0,841.0,172225.0,173066.0,29.0,415.0,416.01201905714214,0.06970952441644877,1.5010302206108461,93.99730343740764
369.0,589.0,397.0,589.0,369.0,589.0,784.0,172225.0,173009.0,28.0,415.0,415.94350577933056,0.06731683416366349,1.5034285470052624,93.85988945711276
369.0,589.0,398.0,589.0,369.0,589.0,841.0,173056.0,173897.0,29.0,416.0,417.0095922158146,0.06954276482204191,1.5011973858896368,93.98772557245181
369.0,590.0,398.0,590.0,369.0,590.0,841.0,172225.0,173066.0,29.0,415.0,416.01201905714214,0.06970952441644877,1.5010302206108461,93.99730343740764
369.0,590.0,398.0,590.0,369.0,590.0,841.0,171396.0,172237.0,29.0,414.0,415.01445757949205,0.06987708372652375,1.50086225170405,94.00692734685649
369.0,591.0,398.0,591.0,369.0,591.0,841.0,171396.0,172237.0,29.0,414.0,415.01445757949205,0.06987708372652375,1.50086225170405,94.00692734685649
369.0,590.0,398.0,590.0,369.0,590.0,841.0,172225.0,173066.0,29.0,415.0,416.01201905714214,0.06970952441644877,1.5010302206108461,93.99730343740764
369.0,590.0,398.0,590.0,369.0,590.0,841.0,172225.0,173066.0,29.0,415.0,416.01201905714214,0.06970952441644877,1.5010302206108461,93.99730343740764
369.0,590.0,398.0,590.0,369.0,590.0,841.0,172225.0,173066.0,29.0,415.0,416.01201905714214,0.06970952441644877,1.5010302206108461,93.99730343740764
369.0,590.0,398.0,590.0,369.0,590.0,841.0,172225.0,173066.0,29.0,415.0,416.01201905714214,0.06970952441644877,1.5010302206108461,93.99730343740764
369.0,590.0,398.0,590.0,369.0,590.0,841.0,172225.0,173066.0,29.0,415.0,416.01201905714214,0.06970952441644877,1.5010302206108461,93.99730343740764
369.0,590.0,398.0,590.0,369.0,590.0,841.0,172225.0,173066.0,29.0,415.0,416.01201905714214,0.06970952441644877,1.5010302206108461,93.99730343740764
369.0,590.0,398.0,590.0,369.0,590.0,841.0,172225.0,173066.0,29.0,415.0,416.01201905714214,0.06970952441644877,1.5010302206108461,93.99730343740764
369.0,590.0,398.0,590.0,369.0,590.0,841.0,172225.0,173066.0,29.0,415.0,416.01201905714214,0.06970952441644877,1.5010302206108461,93.99730343740764
369.0,589.0,398.0,589.0,369.0,589.0,841.0,173056.0,173897.0,29.0,416.0,417.0095922158146,0.06954276482204191,1.5011973858896368,93.98772557245181
369.0,589.0,398.0,589.0,369.0,589.0,841.0,173056.0,173897.0,29.0,416.0,417.0095922158146,0.06954276482204191,1.5011973858896368,93.98772557245181
369.0,588.0,405.0,588.0,369.0,588.0,1296.0,173056.0,174352.0,36.0,416.0,417.5547868244358,0.0862162311053483,1.4844729258544338,94.94596654710416
369.0,588.0,405.0,588.0,369.0,588.0,1296.0,173889.0,175185.0,36.0,417.0,418.5510721524913,0.08601100891908375,1.4846789132176286,94.93416434056007
369.0,588.0,405.0,588.0,369.0,588.0,1296.0,173889.0,175185.0,36.0,417.0,418.5510721524913,0.08601100891908375,1.4846789132176286,94.93416434056007
369.0,588.0,405.0,588.0,369.0,588.0,1296.0,173889.0,175185.0,36.0,417.0,418.5510721524913,0.08601100891908375,1.4846789132176286,94.93416434056007
369.0,588.0,405.0,588.0,369.0,588.0,1296.0,173889.0,175185.0,36.0,417.0,418.5510721524913,0.08601100891908375,1.4846789132176286,94.93416434056007
369.0,588.0,405.0,588.0,369.0,588.0,1296.0,174724.0,176020.0,36.0,418.0,419.5473751556551,0.08580675778663552,1.484883922269323,94.92241818713599
369.0,589.0,405.0,589.0,369.0,589.0,1296.0,180625.0,181921.0,36.0,425.0,426.5219806762601,0.08440362192570051,1.486292167401458,94.84173168454483
369.0,590.0,405.0,590.0,369.0,590.0,1296.0,173889.0,175185.0,36.0,417.0,418.5510721524913,0.08601100891908375,1.4846789132176286,94.93416434056007
369.0,590.0,405.0,590.0,369.0,590.0,1296.0,173889.0,175185.0,36.0,417.0,418.5510721524913,0.08601100891908375,1.4846789132176286,94.93416434056007
369.0,585.0,405.0,585.0,369.0,585.0,1296.0,178929.0,180225.0,36.0,423.0,424.5291509425472,0.0847998304005088,1.4858945333451747,94.86451443776052
369.0,591.0,412.0,591.0,369.0,591.0,1849.0,173889.0,175738.0,43.0,417.0,419.2111639734801,0.10257360417701147,1.4680419969383054,95.88738942747779
368.0,589.0,412.0,589.0,368.0,589.0,1936.0,170569.0,172505.0,44.0,413.0,415.3372123949406,0.10593801539304593,1.4646591492863397,96.08121232067116
368.0,589.0,412.0,589.0,368.0,589.0,1936.0,171396.0,173332.0,44.0,414.0,416.3315986086091,0.10568498799286224,1.4649136051501037,96.06663307360512
368.0,586.0,412.0,586.0,368.0,586.0,1936.0,173889.0,175825.0,44.0,417.0,419.3149174546501,0.10493306621927828,1.4656697313478424,96.02331023369543
368.0,589.0,412.0,589.0,368.0,589.0,1936.0,173056.0,174992.0,44.0,416.0,418.32045132888254,0.10518252182083085,1.4654188876059542,96.03768252142288
369.0,586.0,419.0,586.0,369.0,586.0,2500.0,176400.0,178900.0,50.0,420.0,422.965719651132,0.11821288978511235,1.452306367636759,96.78897457443878
362.0,591.0,419.0,591.0,362.0,591.0,3249.0,172225.0,175474.0,57.0,415.0,418.8961685191212,0.13607190584126372,1.4343009752230038,97.82060756822382
360.0,592.0,418.0,592.0,360.0,592.0,3364.0,170569.0,173933.0,58.0,413.0,417.0527544567953,0.1390711351985772,1.4312729537279134,97.9941004201674
361.0,594.0,426.0,594.0,361.0,594.0,4225.0,163216.0,167441.0,65.0,404.0,409.1955522729933,0.15884825638729203,1.4112723389583073,99.14005123413284
362.0,591.0,426.0,591.0,362.0,591.0,4096.0,165649.0,169745.0,64.0,407.0,412.0012135904456,0.15533934825643478,1.414825364555667,98.93647786290218
355.0,597.0,426.0,597.0,355.0,597.0,5041.0,167281.0,172322.0,71.0,409.0,415.1168510190835,0.17103617891131098,1.3989150778383768,99.84807014264597
356.0,597.0,426.0,597.0,356.0,597.0,4900.0,161604.0,166504.0,70.0,402.0,408.0490166634396,0.17154801786407997,1.398395560563936,99.87783628985557
356.0,600.0,433.0,600.0,356.0,600.0,5929.0,159201.0,165130.0,77.0,399.0,406.36190766359977,0.1894862647011275,1.3801574208808012,100.92280471986925
351.0,597.0,433.0,597.0,351.0,597.0,6724.0,163216.0,169940.0,82.0,404.0,412.23779545306127,0.19891431815435462,1.3705463503395912,101.4734784984831
345.0,606.0,432.0,606.0,345.0,606.0,7569.0,151321.0,158890.0,87.0,389.0,398.61008517096,0.21825840147192097,1.350766837542759,102.6067611025666
340.0,605.0,439.0,605.0,340.0,605.0,9801.0,152881.0,162682.0,99.0,391.0,403.33856745915085,0.24545136019016203,1.3228110581756312,104.20850927330193
340.0,612.0,445.0,612.0,340.0,612.0,11025.0,148996.0,160021.0,105.0,386.0,400.0262491387284,0.2624827751330543,1.3052020280424288,105.2174323812531
335.0,615.0,463.0,615.0,335.0,615.0,16384.0,142129.0,158513.0,128.0,377.0,398.1369111248039,0.3214974457866226,1.2434858614606619,108.75350825411469
330.0,622.0,463.0,622.0,330.0,622.0,17689.0,135424.0,153113.0,133.0,368.0,391.29656272448904,0.33989565120111975,1.2239903861838235,109.87051670707916
331.0,630.0,464.0,630.0,331.0,630.0,17689.0,133956.0,151645.0,133.0,366.0,389.41622975936684,0.3415368693857087,1.2222447176787288,109.97053614485
325.0,632.0,469.0,632.0,325.0,632.0,20736.0,131769.0,152505.0,144.0,363.0,390.5188855868561,0.3687401693354794,1.1931430089883313,111.63794122942898
318.0,643.0,471.0,643.0,318.0,643.0,23409.0,126025.0,149434.0,153.0,355.0,386.566941162847,0.39579173412955276,1.1638664998532988,113.31536164174253
318.0,652.0,474.0,652.0,318.0,652.0,24336.0,121104.0,145440.0,156.0,348.0,381.3659659696969,0.4090559040929092,1.1493771199070923,114.14554196042165
312.0,658.0,479.0,658.0,312.0,658.0,27889.0,119025.0,146914.0,167.0,345.0,383.29362113137233,0.43569731086852975,1.1199834855639073,115.82967315283695
311.0,666.0,485.0,666.0,311.0,666.0,30276.0,112896.0,143172.0,174.0,336.0,378.38076061026146,0.4598542476614527,1.0929652718027816,117.37770277133174
301.0,679.0,491.0,679.0,301.0,679.0,36100.0,107584.0,143684.0,190.0,328.0,379.05672398732094,0.5012442412348694,1.0457602283049077,120.08235253549138
300.0,686.0,499.0,686.0,300.0,686.0,39601.0,105625.0,145226.0,199.0,325.0,381.0852922903218,0.5221928109689314,1.021376169495403,121.47945619267477
294.0,698.0,501.0,698.0,294.0,698.0,42849.0,101124.0,143973.0,207.0,318.0,379.4377419287649,0.5455440435307616,0.9937581961251469,123.06184950549516
298.0,709.0,511.0,709.0,298.0,709.0,45369.0,96721.0,142090.0,213.0,311.0,376.9482723133242,0.5650642691444722,0.9702851777263168,124.40675439218106
294.0,725.0,518.0,725.0,294.0,725.0,50176.0,86436.0,136612.0,224.0,294.0,369.6106059084344,0.6060432152628561,0.9197196053504169,127.30394827798344
290.0,735.0,521.0,735.0,290.0,735.0,53361.0,83521.0,136882.0,231.0,289.0,369.97567487606534,0.6243653723380072,0.8964775035838408,128.63562261622178
288.0,750.0,522.0,750.0,288.0,750.0,54756.0,76729.0,131485.0,234.0,277.0,362.6086044207997,0.6453239033689557,0.8693491117081186,130.18996497567767
282.0,762.0,524.0,762.0,282.0,762.0,58564.0,74529.0,133093.0,242.0,273.0,364.81913327017264,0.6633424015641828,0.8455197945058718,131.5552842800449
281.0,772.0,526.0,772.0,281.0,772.0,60025.0,70756.0,130781.0,245.0,266.0,361.6365578865057,0.6774757547517903,0.8264709419879025,132.6467031338917
276.0,790.0,525.0,790.0,276.0,790.0,62001.0,65025.0,127026.0,249.0,255.0,356.4070706369333,0.698639338313388,0.797302362955758,134.31793960682737
274.0,799.0,534.0,799.0,274.0,799.0,67600.0,62500.0,130100.0,260.0,250.0,360.69377593742865,0.7208330649018561,0.7657928325402434,136.12330271407544
273.0,816.0,535.0,816.0,273.0,816.0,68644.0,58564.0,127208.0,262.0,242.0,356.6623052692841,0.7345884219589368,0.7457364334743207,137.27244973278295
274.0,827.0,542.0,827.0,274.0,827.0,71824.0,54289.0,126113.0,268.0,233.0,355.12392203285884,0.7546661415144051,0.7156512023816336,138.99620650006966
271.0,839.0,545.0,839.0,271.0,839.0,75076.0,52900.0,127976.0,274.0,230.0,357.7373338079211,0.7659250911371694,0.698317358981427,139.9893625696422
267.0,851.0,542.0,851.0,267.0,851.0,75625.0,49729.0,125354.0,275.0,223.0,354.0536682481909,0.7767184036269484,0.6813575196844589,140.9610897825786
266.0,861.0,548.0,861.0,266.0,861.0,79524.0,48841.0,128365.0,282.0,221.0,358.28061627724156,0.7870925391670791,0.6647151229715448,141.91462887521095
267.0,874.0,553.0,874.0,267.0,874.0,81796.0,47089.0,128885.0,286.0,217.0,359.0055709874152,0.7966450192217926,0.649072081800147,142.81090911308144
268.0,886.0,556.0,886.0,268.0,886.0,82944.0,44521.0,127465.0,288.0,211.0,357.0224082603219,0.806672055693506,0.6322970958370072,143.77204501016055
264.0,894.0,559.0,894.0,264.0,894.0,87025.0,42025.0,129050.0,295.0,205.0,359.23529893372114,0.8211887887287699,0.6073052251662506,145.2039737217317
261.0,908.0,563.0,908.0,261.0,908.0,91204.0,38809.0,130013.0,302.0,197.0,360.5731548521049,0.8375554195760091,0.5780029368609023,146.8828711717037
263.0,915.0,564.0,915.0,263.0,915.0,90601.0,37636.0,128237.0,301.0,194.0,358.10194079340033,0.8405427776602189,0.5725119759378725,147.19748005806457
261.0,925.0,568.0,925.0,261.0,925.0,94249.0,36864.0,131113.0,307.0,192.0,362.0952913253637,0.8478431157618745,0.5588920553820385,147.97784402321733
261.0,938.0,566.0,938.0,261.0,938.0,93025.0,34596.0,127621.0,305.0,186.0,357.2408151373524,0.8537658270730718,0.5476205279830675,148.62365497184445
262.0,945.0,571.0,945.0,262.0,945.0,95481.0,34596.0,130077.0,309.0,186.0,360.6618915272308,0.8567581085196792,0.5418460328264592,148.95450917313684
266.0,953.0,568.0,953.0,266.0,953.0,91204.0,34225.0,125429.0,302.0,185.0,354.1595685563218,0.8527229723908282,0.5496202091621232,148.5090816799128
266.0,958.0,571.0,958.0,266.0,958.0,93025.0,33856.0,126881.0,305.0,184.0,356.2035934686791,0.856251889628448,0.5428268138677911,148.89831455884206
266.0,965.0,571.0,965.0,266.0,965.0,93025.0,32400.0,125425.0,305.0,180.0,354.1539213392956,0.8612074626947194,0.5331557055076299,149.45242825109298
270.0,972.0,577.0,972.0,270.0,972.0,94249.0,32400.0,126649.0,307.0,180.0,355.87778801155883,0.862655693448417,0.5302993638489086,149.6160845729851
270.0,978.0,577.0,978.0,270.0,978.0,94249.0,31329.0,125578.0,307.0,177.0,354.36986327846785,0.8663264905197537,0.5229962877312556,150.03452001198943
275.0,982.0,577.0,982.0,275.0,982.0,91204.0,30976.0,122180.0,302.0,176.0,349.54255821001254,0.8639863527535094,0.5276625868351502,149.76716076739058
275.0,982.0,580.0,982.0,275.0,982.0,93025.0,32761.0,125786.0,305.0,181.0,354.6632205346362,0.8599707619533496,0.5355839480181698,149.3133002036048
277.0,988.0,577.0,988.0,277.0,988.0,90000.0,33856.0,123856.0,300.0,184.0,351.93181157718607,0.8524378590714686,0.5501657803531801,148.47782275324133
281.0,990.0,580.0,990.0,281.0,990.0,89401.0,36864.0,126265.0,299.0,192.0,355.33786738820845,0.841452677694328,0.5708302089944864,147.2938382060452
281.0,992.0,589.0,992.0,281.0,992.0,94864.0,36481.0,131345.0,308.0,191.0,362.41550739448223,0.849853258803156,0.5550895315688824,148.19571258920917
286.0,996.0,588.0,996.0,286.0,996.0,91204.0,37249.0,128453.0,302.0,193.0,358.4034040016919,0.8426259255020199,0.5686551727711174,147.41845860193231
287.0,995.0,588.0,995.0,287.0,995.0,90601.0,39204.0,129805.0,301.0,198.0,360.2846097184835,0.8354506184296717,0.5818440978812355,146.66278885680845
293.0,1002.0,589.0,1002.0,293.0,1002.0,87616.0,40401.0,128017.0,296.0,201.0,357.79463383343244,0.8272902162579657,0.5965295286646611,145.82137565258665
299.0,1001.0,592.0,1001.0,299.0,1001.0,85849.0,42849.0,128698.0,293.0,207.0,358.74503480884584,0.8167360425103095,0.6150648273191511,144.75938126766988
302.0,1001.0,591.0,1001.0,302.0,1001.0,83521.0,46225.0,129746.0,289.0,215.0,360.20272070044115,0.8023259775440281,0.6396143987702807,143.35279443466527
308.0,1000.0,596.0,1000.0,308.0,1000.0,82944.0,47961.0,130905.0,288.0,219.0,361.80796011143815,0.7960023873197676,0.650134510668023,142.7500364229193
315.0,996.0,604.0,996.0,315.0,996.0,83521.0,52900.0,136421.0,289.0,230.0,369.35213550215195,0.7824511413940808,0.6722039497807059,141.4855507055416
320.0,995.0,602.0,995.0,320.0,995.0,79524.0,52900.0,132424.0,282.0,230.0,363.9010854614204,0.7749358583045411,0.6841827217299816,140.79921762909842
327.0,993.0,604.0,993.0,327.0,993.0,76729.0,58564.0,135293.0,277.0,242.0,367.8219678050782,0.7530817195420804,0.7180627363450752,138.85803578181202
332.0,986.0,605.0,986.0,332.0,986.0,74529.0,63504.0,138033.0,273.0,252.0,371.5279262720368,0.734803444627488,0.7454194762741582,137.29061004263855
340.0,985.0,611.0,985.0,340.0,985.0,73441.0,63504.0,136945.0,271.0,252.0,370.06080581439585,0.7323120842360165,0.7490852609841145,137.08057605015443
348.0,983.0,615.0,983.0,348.0,983.0,71289.0,67081.0,138370.0,267.0,259.0,371.9811823197512,0.7177782444126153,0.7701902104717112,135.87135151767836
355.0,978.0,617.0,978.0,355.0,978.0,68644.0,68121.0,136765.0,262.0,261.0,369.8175225702536,0.7084575067700539,0.7834861198384372,135.10955202617652
361.0,974.0,619.0,974.0,361.0,974.0,66564.0,70756.0,137320.0,258.0,266.0,370.56713291925934,0.696230121564003,0.8006641529442283,134.12532322887867
368.0,968.0,621.0,968.0,368.0,968.0,64009.0,73441.0,137450.0,253.0,271.0,370.74249823833253,0.6824143474303247,0.8197358065299601,133.0325979700807
380.0,969.0,621.0,969.0,380.0,969.0,58081.0,73984.0,132065.0,241.0,272.0,363.40748478808194,0.6631674087300022,0.8457536191180626,131.54188711662007
387.0,965.0,624.0,965.0,387.0,965.0,56169.0,73984.0,130153.0,237.0,272.0,360.7672379803909,0.656933266243211,0.8540523736910703,131.06640350437183
396.0,958.0,627.0,958.0,396.0,958.0,53361.0,78400.0,131761.0,231.0,280.0,362.98898054899684,0.6363829547955637,0.8809962820612887,129.52263127117112
402.0,954.0,630.0,954.0,402.0,954.0,51984.0,79524.0,131508.0,228.0,282.0,362.6403176702778,0.6287221494420366,0.8908874719225388,128.9559078377589
413.0,947.0,628.0,947.0,413.0,947.0,46225.0,84681.0,130906.0,215.0,291.0,361.809342057388,0.5942356235950867,0.9344813850671597,126.45816060211223
422.0,944.0,630.0,944.0,422.0,944.0,43264.0,86436.0,129700.0,208.0,294.0,360.1388621073821,0.5775549985993483,0.9550658545950333,125.27875737464943
427.0,937.0,627.0,937.0,427.0,937.0,40000.0,90000.0,130000.0,200.0,300.0,360.5551275463989,0.5547001962252291,0.982793723247329,123.69006752597979
436.0,936.0,630.0,936.0,436.0,936.0,37636.0,92416.0,130052.0,194.0,304.0,360.6272313622475,0.5379516107731985,1.0027910572204797,122.54430468780467
443.0,926.0,632.0,926.0,443.0,926.0,35721.0,99225.0,134946.0,189.0,315.0,367.3499693752539,0.5144957554275266,1.0303768265243125,120.96375653207352
453.0,924.0,630.0,924.0,453.0,924.0,31329.0,100489.0,131818.0,177.0,317.0,363.0674868395682,0.4875126702772274,1.0615576437547025,119.17722730300338
458.0,923.0,632.0,923.0,458.0,923.0,30276.0,101124.0,131400.0,174.0,318.0,362.49137920783716,0.4800114153893734,1.0701286019201606,118.68614757373943
463.0,920.0,628.0,920.0,463.0,920.0,27225.0,103041.0,130266.0,165.0,321.0,360.9238146756182,0.4571601908516191,1.095996763768476,117.20401107606963
473.0,915.0,630.0,915.0,473.0,915.0,24649.0,105625.0,130274.0,157.0,325.0,360.9348971767623,0.43498149175393164,1.1207786048088242,115.78411617589359
479.0,917.0,628.0,917.0,479.0,917.0,22201.0,106929.0,129130.0,149.0,327.0,359.3466293149276,0.41464142931870374,1.1432475994744606,114.49673761165066
490.0,915.0,630.0,915.0,490.0,915.0,19600.0,107584.0,127184.0,140.0,328.0,356.62865841095834,0.3925651982759951,1.1673772934950848,113.11420798332684
496.0,914.0,626.0,914.0,496.0,914.0,16900.0,108241.0,125141.0,130.0,329.0,353.7527385053012,0.367488321219178,1.1944894000616684,111.56079870335266
501.0,912.0,627.0,912.0,501.0,912.0,15876.0,108900.0,124776.0,126.0,330.0,353.23646470884063,0.3567015656321241,1.2060615125304834,110.89776549883885
510.0,912.0,626.0,912.0,510.0,912.0,13456.0,108900.0,122356.0,116.0,330.0,349.79422522391644,0.3316235421718127,1.2327723447081516,109.36734754777623
520.0,911.0,626.0,911.0,520.0,911.0,11236.0,112225.0,123461.0,106.0,335.0,351.370175171428,0.3016761452456352,1.2643461085017784,107.55830413905845
525.0,906.0,631.0,906.0,525.0,906.0,11236.0,114921.0,126157.0,106.0,339.0,355.18586683594265,0.29843529795897117,1.2677435041050784,107.36364770965305
530.0,903.0,632.0,903.0,530.0,903.0,10404.0,116964.0,127368.0,102.0,342.0,356.8865365911132,0.28580512163411176,1.2809498368832768,106.60698057861701
540.0,905.0,633.0,905.0,540.0,905.0,8649.0,114921.0,123570.0,93.0,339.0,351.5252480263687,0.2645613665651233,1.3030472727742226,105.3408907640049
542.0,901.0,631.0,901.0,542.0,901.0,7921.0,119716.0,127637.0,89.0,346.0,357.26320829326943,0.24911605207033208,1.3190289017024988,104.42521087667049
548.0,899.0,638.0,899.0,548.0,899.0,8100.0,121801.0,129901.0,90.0,349.0,360.41781310029614,0.24971018836673045,1.3184153762599233,104.46036329515397
556.0,897.0,637.0,897.0,556.0,897.0,6561.0,123904.0,130465.0,81.0,352.0,361.19939091864484,0.22425286984563086,1.3446200144563976,102.95894812282867
565.0,896.0,635.0,896.0,565.0,896.0,4900.0,124609.0,129509.0,70.0,353.0,359.87358891699733,0.19451274601911694,1.3750356428726345,101.21626098334013
571.0,895.0,637.0,895.0,571.0,895.0,4356.0,125316.0,129672.0,66.0,354.0,360.0999861149678,0.1832824286167243,1.3864719178951976,100.56101069119637
575.0,894.0,642.0,894.0,575.0,894.0,4489.0,127449.0,131938.0,67.0,357.0,363.23270777836075,0.18445475466620814,1.3852792579102342,100.62934507472892
584.0,891.0,630.0,891.0,584.0,891.0,2116.0,129600.0,131716.0,46.0,360.0,362.92698990292797,0.12674725572849682,1.4437072310636403,97.28166880753507
589.0,892.0,630.0,892.0,589.0,892.0,1681.0,128881.0,130562.0,41.0,359.0,361.33364083627754,0.11346853812202155,1.45708288041778,96.51530055129598
595.0,893.0,631.0,893.0,595.0,893.0,1296.0,128881.0,130177.0,36.0,359.0,360.80049889100763,0.09977813254320099,1.4708518883206547,95.72639451037898
603.0,893.0,634.0,893.0,603.0,893.0,961.0,128881.0,129842.0,31.0,359.0,360.33595435371143,0.08603082658126841,1.4846590218246372,94.93530403342712
608.0,898.0,639.0,898.0,608.0,898.0,961.0,125316.0,126277.0,31.0,354.0,355.3547523250533,0.08723676775720561,1.4834485293937856,95.00466014084743
613.0,895.0,639.0,895.0,613.0,895.0,676.0,127449.0,128125.0,26.0,357.0,357.94552658190884,0.07263675076003613,1.4980955508093152,94.16544763129986
618.0,897.0,644.0,897.0,618.0,897.0,676.0,129600.0,130276.0,26.0,360.0,360.93766774887877,0.07203459855591857,1.4986992845976923,94.1308562332764
624.0,896.0,644.0,896.0,624.0,896.0,400.0,126736.0,127136.0,20.0,356.0,356.5613551690648,0.05609132821058785,1.51467554409372,93.21548399174821
625.0,898.0,640.0,898.0,625.0,898.0,225.0,128881.0,129106.0,15.0,359.0,359.3132338225243,0.041746305418321875,1.5290378862670966,92.392582401291
630.0,899.0,646.0,899.0,630.0,899.0,256.0,128164.0,128420.0,16.0,358.0,358.35736353534026,0.04464816863857221,1.5261333107848756,92.55900231769942
635.0,894.0,640.0,894.0,635.0,894.0,25.0,128164.0,128189.0,5.0,358.0,358.03491449857233,0.013965118477348772,1.5568307543542523,90.80016835933313
640.0,896.0,640.0,896.0,640.0,896.0,0.0,126736.0,126736.0,0.0,356.0,356.0,nan,nan,nan
641.0,900.0,646.0,900.0,641.0,900.0,25.0,123201.0,123226.0,5.0,351.0,351.03561072916807,0.014243569162724101,1.5565522759673962,90.8161239955856
646.0,896.0,646.0,896.0,646.0,896.0,0.0,129600.0,129600.0,0.0,360.0,360.0,nan,nan,nan
647.0,901.0,647.0,901.0,647.0,901.0,0.0,122500.0,122500.0,0.0,350.0,350.0,nan,nan,nan
652.0,897.0,646.0,897.0,652.0,897.0,36.0,125316.0,125352.0,6.0,354.0,354.05084380636634,0.016946718543287685,1.5538487969884918,89.02897806892084
652.0,898.0,647.0,898.0,652.0,898.0,25.0,125316.0,125341.0,5.0,354.0,354.0353089735542,0.014122885128312133,1.5566729721423507,89.19079138584266
581.0,932.0,660.0,932.0,581.0,932.0,6241.0,113569.0,119810.0,79.0,337.0,346.13581149600805,0.22823411324751383,1.3405327892697623,103.19312887594245
585.0,932.0,659.0,932.0,585.0,932.0,5476.0,114244.0,119720.0,74.0,338.0,346.0057802985378,0.21386925945616267,1.3552621668907672,102.34919770340443
585.0,932.0,659.0,932.0,585.0,932.0,5476.0,114244.0,119720.0,74.0,338.0,346.0057802985378,0.21386925945616267,1.3552621668907672,102.34919770340443
585.0,932.0,659.0,932.0,585.0,932.0,5476.0,113569.0,119045.0,74.0,337.0,345.028984289726,0.21447473507866543,1.3546423080299468,102.38471300002323
584.0,932.0,663.0,932.0,584.0,932.0,6241.0,114244.0,120485.0,79.0,338.0,347.10949281170633,0.22759389079242062,1.3411903170367059,103.15545530998392
584.0,932.0,664.0,932.0,584.0,932.0,6400.0,113569.0,119969.0,80.0,337.0,346.36541397778154,0.23096994322051967,1.3377218632263423,103.35418307475382
584.0,931.0,664.0,931.0,584.0,931.0,6400.0,117649.0,124049.0,80.0,343.0,352.20590568586437,0.22713985969148606,1.3416565594162577,103.12874158940546
584.0,932.0,663.0,932.0,584.0,932.0,6241.0,116964.0,123205.0,79.0,342.0,351.0056979594491,0.2250675714361956,1.343783940414126,103.00685163681128
583.0,932.0,662.0,932.0,583.0,932.0,6241.0,116964.0,123205.0,79.0,342.0,351.0056979594491,0.2250675714361956,1.343783940414126,103.00685163681128
584.0,931.0,663.0,931.0,584.0,931.0,6241.0,117649.0,123890.0,79.0,343.0,351.98011307458836,0.2244444986108038,1.3444233730934545,102.97021484300302
584.0,932.0,663.0,932.0,584.0,932.0,6241.0,113569.0,119810.0,79.0,337.0,346.13581149600805,0.22823411324751383,1.3405327892697623,103.19312887594245
585.0,931.0,660.0,931.0,585.0,931.0,5625.0,114244.0,119869.0,75.0,338.0,346.2210276687423,0.2166246241743542,1.3524406641187257,102.51085790412687
585.0,931.0,660.0,931.0,585.0,931.0,5625.0,114244.0,119869.0,75.0,338.0,346.2210276687423,0.2166246241743542,1.3524406641187257,102.51085790412687
585.0,931.0,664.0,931.0,585.0,931.0,6241.0,117649.0,123890.0,79.0,343.0,351.98011307458836,0.2244444986108038,1.3444233730934545,102.97021484300302
585.0,931.0,664.0,931.0,585.0,931.0,6241.0,114244.0,120485.0,79.0,338.0,347.10949281170633,0.22759389079242062,1.3411903170367059,103.15545530998392
585.0,931.0,665.0,931.0,585.0,931.0,6400.0,114244.0,120644.0,80.0,338.0,347.3384516577455,0.2303229015336,1.338386834118969,103.31608304910726
585.0,931.0,664.0,931.0,585.0,931.0,6241.0,114244.0,120485.0,79.0,338.0,347.10949281170633,0.22759389079242062,1.3411903170367059,103.15545530998392
585.0,931.0,664.0,931.0,585.0,931.0,6241.0,117649.0,123890.0,79.0,343.0,351.98011307458836,0.2244444986108038,1.3444233730934545,102.97021484300302
584.0,931.0,664.0,931.0,584.0,931.0,6400.0,114244.0,120644.0,80.0,338.0,347.3384516577455,0.2303229015336,1.338386834118969,103.31608304910726
585.0,931.0,664.0,931.0,585.0,931.0,6241.0,113569.0,119810.0,79.0,337.0,346.13581149600805,0.22823411324751383,1.3405327892697623,103.19312887594245
585.0,931.0,664.0,931.0,585.0,931.0,6241.0,113569.0,119810.0,79.0,337.0,346.13581149600805,0.22823411324751383,1.3405327892697623,103.19312887594245
585.0,931.0,665.0,931.0,585.0,931.0,6400.0,113569.0,119969.0,80.0,337.0,346.36541397778154,0.23096994322051967,1.3377218632263423,103.35418307475382
584.0,931.0,663.0,931.0,584.0,931.0,6241.0,114244.0,120485.0,79.0,338.0,347.10949281170633,0.22759389079242062,1.3411903170367059,103.15545530998392
584.0,931.0,664.0,931.0,584.0,931.0,6400.0,114244.0,120644.0,80.0,338.0,347.3384516577455,0.2303229015336,1.338386834118969,103.31608304910726
584.0,931.0,664.0,931.0,584.0,931.0,6400.0,114244.0,120644.0,80.0,338.0,347.3384516577455,0.2303229015336,1.338386834118969,103.31608304910726
584.0,931.0,663.0,931.0,584.0,931.0,6241.0,113569.0,119810.0,79.0,337.0,346.13581149600805,0.22823411324751383,1.3405327892697623,103.19312887594245
579.0,931.0,664.0,931.0,579.0,931.0,7225.0,116964.0,124189.0,85.0,342.0,352.40459701882435,0.2412000317789826,1.327194125290126,103.95737802631878
579.0,931.0,663.0,931.0,579.0,931.0,7056.0,116964.0,124020.0,84.0,342.0,352.1647341799005,0.23852473529359494,1.329949871553485,103.79948539601936
579.0,931.0,663.0,931.0,579.0,931.0,7056.0,116964.0,124020.0,84.0,342.0,352.1647341799005,0.23852473529359494,1.329949871553485,103.79948539601936
578.0,932.0,663.0,932.0,578.0,932.0,7225.0,116281.0,123506.0,85.0,341.0,351.4342043683284,0.24186604190329145,1.3265077946833808,103.99670187343594
578.0,932.0,662.0,932.0,578.0,932.0,7056.0,112896.0,119952.0,84.0,336.0,346.3408725518835,0.24253562503633297,1.3258176636680326,104.03624346792647
578.0,931.0,667.0,931.0,578.0,931.0,7921.0,116964.0,124885.0,89.0,342.0,353.3907186104355,0.25184588986930984,1.316209174199017,104.58676936199696
578.0,931.0,663.0,931.0,578.0,931.0,7225.0,116964.0,124189.0,85.0,342.0,352.40459701882435,0.2412000317789826,1.327194125290126,103.95737802631878
579.0,930.0,663.0,930.0,579.0,930.0,7056.0,117649.0,124705.0,84.0,343.0,353.1359511576243,0.23786872937925854,1.3306253189347235,103.76078511179124
577.0,931.0,667.0,931.0,577.0,931.0,8100.0,116964.0,125064.0,90.0,342.0,353.643888678993,0.2544932992796438,1.313472611823808,104.74356283647073
577.0,931.0,661.0,931.0,577.0,931.0,7056.0,113569.0,120625.0,84.0,337.0,347.3110997362451,0.24185809225156135,1.3265159875768648,103.9962324552173
572.0,932.0,661.0,932.0,572.0,932.0,7921.0,113569.0,121490.0,89.0,337.0,348.5541564807397,0.2553405212510152,1.3125964438237117,104.79376356502067
571.0,931.0,660.0,931.0,571.0,931.0,7921.0,114244.0,122165.0,89.0,338.0,349.521100936696,0.2546341258410014,1.3133269878260023,104.75190647694082
570.0,932.0,664.0,932.0,570.0,932.0,8836.0,113569.0,122405.0,94.0,337.0,349.86425939212484,0.2686756291234813,1.298778485433891,105.58547426224477
564.0,933.0,663.0,933.0,564.0,933.0,9801.0,106276.0,116077.0,99.0,326.0,340.7007484582328,0.290577582961009,1.2759659156527596,106.89253823055128
563.0,934.0,657.0,934.0,563.0,934.0,8836.0,106276.0,115112.0,94.0,326.0,339.28159395994356,0.27705599617967447,1.290067522770148,106.0845756583733
561.0,931.0,659.0,931.0,561.0,931.0,9604.0,111556.0,121160.0,98.0,334.0,348.08045047086455,0.2815441081722081,1.285393393417275,106.35238354319112
555.0,936.0,658.0,936.0,555.0,936.0,10609.0,105625.0,116234.0,103.0,325.0,340.93107807883985,0.3021138482898335,1.263886983209521,107.5846100805725
555.0,933.0,657.0,933.0,555.0,933.0,10404.0,107584.0,117988.0,102.0,328.0,343.49381362697056,0.2969485794313913,1.2693008288354166,107.27441957527333
545.0,936.0,657.0,936.0,545.0,936.0,12544.0,106276.0,118820.0,112.0,326.0,344.70277051396033,0.32491760896788047,1.2398717178531444,108.96058342937962
540.0,939.0,656.0,939.0,540.0,939.0,13456.0,101761.0,115217.0,116.0,319.0,339.43629741086914,0.3417430630867044,1.2220253232109897,109.98310652189997
534.0,936.0,654.0,936.0,534.0,936.0,14400.0,103684.0,118084.0,120.0,322.0,343.6335257218073,0.3492092331443453,1.2140692504096942,110.43895591491304
529.0,944.0,653.0,944.0,529.0,944.0,15376.0,99225.0,114601.0,124.0,315.0,338.52769458347126,0.3662920404564571,1.1957753581854267,111.48711873023075
524.0,946.0,651.0,946.0,524.0,946.0,16129.0,94864.0,110993.0,127.0,308.0,333.1561195595843,0.38120266308746675,1.1796994872180098,112.40819828866063
519.0,946.0,651.0,946.0,519.0,946.0,17424.0,94864.0,112288.0,132.0,308.0,335.094016658012,0.3939192985791677,1.1659045405098132,113.19859051364818
509.0,951.0,651.0,951.0,509.0,951.0,20164.0,91204.0,111368.0,142.0,302.0,333.71844420109596,0.4255083962768087,1.1312727232346895,115.18284748038103
502.0,951.0,649.0,951.0,502.0,951.0,21609.0,91809.0,113418.0,147.0,303.0,336.77588987336964,0.4364920542716795,1.1191003399349986,115.88027367006885
497.0,954.0,647.0,954.0,497.0,954.0,22500.0,90601.0,113101.0,150.0,301.0,336.304921165302,0.44602380328021235,1.108478504244298,116.48886002582742
486.0,954.0,649.0,954.0,486.0,954.0,26569.0,88804.0,115373.0,163.0,298.0,339.66601242985735,0.4798831617975327,1.0702747936251762,118.67777140604221
477.0,958.0,647.0,958.0,477.0,958.0,28900.0,85849.0,114749.0,170.0,293.0,338.7462176910615,0.5018506218571007,1.0450593156755374,120.12251187096172
472.0,961.0,646.0,961.0,472.0,961.0,30276.0,85849.0,116125.0,174.0,293.0,340.77118422777477,0.510606553762177,1.0349062369184947,120.7042404328042
462.0,961.0,644.0,961.0,462.0,961.0,33124.0,84681.0,117805.0,182.0,291.0,343.2273299141547,0.5302608042474951,1.0118881788484289,122.02307801280601
452.0,967.0,642.0,967.0,452.0,967.0,36100.0,80656.0,116756.0,190.0,284.0,341.69577111811026,0.5560501945291116,0.9811703480500062,123.78308007335261
441.0,968.0,642.0,968.0,441.0,968.0,40401.0,81796.0,122197.0,201.0,286.0,349.56687486087696,0.5749972736404024,0.958195511075366,125.0994412670006
433.0,971.0,638.0,971.0,433.0,971.0,42025.0,76729.0,118754.0,205.0,277.0,344.60702256338305,0.5948805061344757,0.9336793448483814,126.50411412164797
420.0,975.0,634.0,975.0,420.0,975.0,45796.0,74529.0,120325.0,214.0,273.0,346.87894141904894,0.6169299269784042,0.9059605086195607,128.09228645057374
410.0,976.0,630.0,976.0,410.0,976.0,48400.0,75625.0,124025.0,220.0,275.0,352.17183305880667,0.6246950475544243,0.8960553845713439,128.65980825409008
395.0,982.0,628.0,982.0,395.0,982.0,54289.0,72361.0,126650.0,233.0,269.0,355.8791929854849,0.6547165571702959,0.8569887538829879,130.89816131232914
389.0,979.0,628.0,979.0,389.0,979.0,57121.0,70756.0,127877.0,239.0,266.0,357.5989373586001,0.6683465050689759,0.8388126527943605,131.93957519271066
374.0,982.0,627.0,982.0,374.0,982.0,64009.0,69169.0,133178.0,253.0,263.0,364.9356107589392,0.6932729844419622,0.8047755826882883,133.88975565677947
361.0,981.0,621.0,981.0,361.0,981.0,67600.0,67600.0,135200.0,260.0,260.0,367.6955262170047,0.7071067811865475,0.7853981633974484,135.0
348.0,979.0,618.0,979.0,348.0,979.0,72900.0,68121.0,141021.0,270.0,261.0,375.5276288104512,0.7189883760491119,0.7684506335910435,135.97102193107915
340.0,978.0,612.0,978.0,340.0,978.0,73984.0,66564.0,140548.0,272.0,258.0,374.89731927555846,0.7255319950689578,0.7589892102611564,136.5131215560683
328.0,978.0,609.0,978.0,328.0,978.0,78961.0,64009.0,142970.0,281.0,253.0,378.1137395017536,0.743162627124521,0.7330116813003889,138.00152432769914
325.0,977.0,602.0,977.0,325.0,977.0,76729.0,59536.0,136265.0,277.0,244.0,369.14089451048363,0.7503909865292184,0.7221429334746655,138.6242577067051
318.0,973.0,594.0,973.0,318.0,973.0,76176.0,60025.0,136201.0,276.0,245.0,369.0541965619684,0.7478576387185356,0.7259672732775214,138.40513917657756
309.0,974.0,594.0,974.0,309.0,974.0,81225.0,57121.0,138346.0,285.0,239.0,371.94892122440683,0.7662342427605854,0.6978363729971749,140.01692103654477
299.0,971.0,587.0,971.0,299.0,971.0,82944.0,54289.0,137233.0,288.0,233.0,370.44972668366216,0.7774334255237058,0.6802214944334085,141.02617923488407
296.0,966.0,584.0,966.0,296.0,966.0,82944.0,54289.0,137233.0,288.0,233.0,370.44972668366216,0.7774334255237058,0.6802214944334085,141.02617923488407
289.0,956.0,581.0,956.0,289.0,956.0,85264.0,55225.0,140489.0,292.0,235.0,374.81862280308326,0.7790434685882903,0.677657600619621,141.1730795295338
282.0,953.0,579.0,953.0,282.0,953.0,88209.0,52900.0,141109.0,297.0,230.0,375.6447790133652,0.7906405641523183,0.6589418411006841,142.24541356035067
281.0,941.0,573.0,941.0,281.0,941.0,85264.0,55225.0,140489.0,292.0,235.0,374.81862280308326,0.7790434685882903,0.677657600619621,141.1730795295338
273.0,935.0,564.0,935.0,273.0,935.0,84681.0,54289.0,138970.0,291.0,233.0,372.7868023414992,0.7806070337581944,0.6751598781018507,141.31618848819681
271.0,926.0,560.0,926.0,271.0,926.0,83521.0,55225.0,138746.0,289.0,235.0,372.4862413566439,0.7758675835848969,0.6827072307241258,140.88375703644346
269.0,915.0,557.0,915.0,269.0,915.0,82944.0,56644.0,139588.0,288.0,238.0,373.61477486844655,0.7708474593955971,0.690625893621939,140.43005107301192
265.0,905.0,556.0,905.0,265.0,905.0,84681.0,57121.0,141802.0,291.0,239.0,376.56606326114945,0.7727727705462157,0.6875979691205757,140.6035383676243
265.0,899.0,546.0,899.0,265.0,899.0,78961.0,52900.0,131861.0,281.0,230.0,363.1266996517882,0.7738345879536215,0.6859232718029121,140.6994914558883
264.0,885.0,544.0,885.0,264.0,885.0,78400.0,56644.0,135044.0,280.0,238.0,367.48333295538725,0.7619393177594593,0.7044940642422177,139.63546342690265
261.0,873.0,540.0,873.0,261.0,873.0,77841.0,57600.0,135441.0,279.0,240.0,368.0230971012553,0.7581045923409473,0.7103946168803705,139.2973866639417
260.0,861.0,534.0,861.0,260.0,861.0,75076.0,57121.0,132197.0,274.0,239.0,363.5890537406207,0.7535980447735583,0.7172776075957106,138.903020345525
259.0,849.0,536.0,849.0,259.0,849.0,76729.0,56169.0,132898.0,277.0,237.0,364.5517795869333,0.7598371905188981,0.7077336808740908,139.44984706665593
260.0,833.0,534.0,833.0,260.0,833.0,75076.0,59536.0,134612.0,274.0,244.0,366.8950803703969,0.7468075061769289,0.7275477274873011,138.3145858206435
259.0,820.0,533.0,820.0,259.0,820.0,75076.0,61504.0,136580.0,274.0,248.0,369.56731457205467,0.7414075574223384,0.7356308626473815,137.85145629073708
259.0,805.0,521.0,805.0,259.0,805.0,68644.0,65536.0,134180.0,262.0,256.0,366.30588310863914,0.7152492277125015,0.773815669788792,135.66362800001326
262.0,791.0,515.0,791.0,262.0,791.0,64009.0,69696.0,133705.0,253.0,264.0,365.65694304908254,0.6919053632356149,0.8066715494215094,133.7811247648687
260.0,780.0,514.0,780.0,260.0,780.0,64516.0,70756.0,135272.0,254.0,266.0,367.79342027828613,0.6906050679422546,0.8084709912875923,133.67802434046303
262.0,765.0,509.0,765.0,262.0,765.0,61009.0,75076.0,136085.0,247.0,274.0,368.89700459613385,0.6695635825788666,0.8371752610483062,132.03339082916912
267.0,747.0,506.0,747.0,267.0,747.0,57121.0,82944.0,140065.0,239.0,288.0,374.25258850140233,0.638606137520688,0.8781107333121808,129.68796103607426
268.0,736.0,500.0,736.0,268.0,736.0,53824.0,82369.0,136193.0,232.0,287.0,369.04335788630584,0.6286524199453933,0.8909771379164704,128.95077035474077
266.0,722.0,495.0,722.0,266.0,722.0,52441.0,87616.0,140057.0,229.0,296.0,374.24190037995476,0.6119036905474889,0.9123310758332573,127.7272798361245
274.0,706.0,486.0,706.0,274.0,706.0,44944.0,95481.0,140425.0,212.0,309.0,374.73323845103465,0.56573577747281,0.9694710474329301,124.45340062196587
272.0,692.0,487.0,692.0,272.0,692.0,46225.0,99225.0,145450.0,215.0,315.0,381.3790765104976,0.5637435644534684,0.9718850650646652,124.31508759999727
275.0,682.0,477.0,682.0,275.0,682.0,40804.0,103041.0,143845.0,202.0,321.0,379.26903380054637,0.5326034608621112,1.0091226779285893,122.18152954375236
280.0,670.0,478.0,670.0,280.0,670.0,39204.0,104976.0,144180.0,198.0,324.0,379.71041597512175,0.5214500094539749,1.0222469243443686,121.42956561483851
278.0,661.0,470.0,661.0,278.0,661.0,36864.0,108900.0,145764.0,192.0,330.0,381.7905184783928,0.5028935783036376,1.043853099605467,120.1916229609576
280.0,651.0,465.0,651.0,280.0,651.0,34225.0,110224.0,144449.0,185.0,332.0,380.06446821559103,0.4867595249526431,1.0624200311225318,119.12781614652135
284.0,643.0,466.0,643.0,284.0,643.0,33124.0,111556.0,144680.0,182.0,334.0,380.3682426281143,0.4784836892335969,1.0718692442004991,118.58641611743401
289.0,635.0,451.0,635.0,289.0,635.0,26244.0,117649.0,143893.0,162.0,343.0,379.3323081415555,0.4270661805573029,1.1295506299848332,115.28151615552576
292.0,626.0,451.0,626.0,292.0,626.0,25281.0,122500.0,147781.0,159.0,350.0,384.422944164367,0.41360694623892347,1.1443841189176547,114.43161984422107
291.0,620.0,446.0,620.0,291.0,620.0,24025.0,126025.0,150050.0,155.0,355.0,387.36287896493127,0.4001415943989627,1.1591249833630017,113.58703052512824
291.0,615.0,438.0,615.0,291.0,615.0,21609.0,128881.0,150490.0,147.0,359.0,387.9304061297593,0.3789339471132608,1.1821522643111682,112.2676645131363
295.0,607.0,434.0,607.0,295.0,607.0,19321.0,134689.0,154010.0,139.0,367.0,392.441078379927,0.3541932984534112,1.208745024094473,110.7440116119477
299.0,600.0,432.0,600.0,299.0,600.0,17689.0,139129.0,156818.0,133.0,373.0,396.00252524447365,0.3358564441423497,1.2282819837481207,109.62462627927631
307.0,601.0,427.0,601.0,307.0,601.0,14400.0,139876.0,154276.0,120.0,374.0,392.77983654968847,0.3055146645360433,1.2603174367243684,107.78913002894751
309.0,597.0,425.0,597.0,309.0,597.0,13456.0,148225.0,161681.0,116.0,385.0,402.09575973889605,0.2884884935750765,1.2781484895262494,106.7674859591248
308.0,597.0,420.0,597.0,308.0,597.0,12544.0,150544.0,163088.0,112.0,388.0,403.84155308734637,0.2773364928491538,1.28977558607032,106.10130239915841
310.0,593.0,416.0,593.0,310.0,593.0,11236.0,152100.0,163336.0,106.0,390.0,404.14848756366763,0.26227983838069235,1.3054123329814944,105.2053827958339
313.0,599.0,409.0,599.0,313.0,599.0,9216.0,150544.0,159760.0,96.0,388.0,399.6998874155458,0.2401802027534577,1.3282448433677059,103.89717631501536
317.0,592.0,406.0,592.0,317.0,592.0,7921.0,153664.0,161585.0,89.0,392.0,401.9763674645563,0.2214060507122908,1.3475402571315573,102.79163054238803
322.0,593.0,398.0,593.0,322.0,593.0,5776.0,152881.0,158657.0,76.0,391.0,398.31771238547753,0.19080246154469258,1.3788167651948045,100.99961863245709
323.0,591.0,399.0,591.0,323.0,591.0,5776.0,160000.0,165776.0,76.0,400.0,407.15598976313737,0.18666064582327016,1.3830343802813032,100.75796708839
323.0,597.0,392.0,597.0,323.0,597.0,4761.0,153664.0,158425.0,69.0,392.0,398.02638103522736,0.17335534348386106,1.3965607454273736,99.9829634533673
325.0,596.0,386.0,596.0,325.0,596.0,3721.0,160000.0,163721.0,61.0,400.0,404.6245172996812,0.1507570534951567,1.419462292643024,98.67080145359095
327.0,596.0,387.0,596.0,327.0,596.0,3600.0,160000.0,163600.0,60.0,400.0,404.4749683231337,0.14834045293024464,1.4219063791853994,98.53076560994813
328.0,593.0,389.0,593.0,328.0,593.0,3721.0,156816.0,160537.0,61.0,396.0,400.67068772247364,0.15224472832475314,1.4179572450812257,98.75703432684845
329.0,594.0,391.0,594.0,329.0,594.0,3844.0,161604.0,165448.0,62.0,402.0,406.7529963011951,0.15242665834989902,1.417773166641345,98.76758124455299
329.0,589.0,391.0,589.0,329.0,589.0,3844.0,160801.0,164645.0,62.0,401.0,405.7647101461634,0.15279791083277433,1.4173975138107182,98.78910456631003
331.0,593.0,386.0,593.0,331.0,593.0,3025.0,163216.0,166241.0,55.0,404.0,407.72662410002124,0.13489430601055796,1.4354895340473792,97.75250816388407
330.0,586.0,386.0,586.0,330.0,586.0,3136.0,169744.0,172880.0,56.0,412.0,415.7884077268148,0.1346838895922121,1.4357018883455415,97.74034115883792
330.0,587.0,387.0,587.0,330.0,587.0,3249.0,173056.0,176305.0,57.0,416.0,419.88688953097835,0.13575084486126748,1.434625043231831,97.80203983904282
328.0,590.0,385.0,590.0,328.0,590.0,3249.0,171396.0,174645.0,57.0,414.0,417.90549170835266,0.13639447466217813,1.4339753707240313,97.83926333180543
328.0,592.0,379.0,592.0,328.0,592.0,2601.0,168921.0,171522.0,51.0,411.0,414.1521459560484,0.1231431504049537,1.4473398046029562,97.07353767496137
328.0,591.0,379.0,591.0,328.0,591.0,2601.0,169744.0,172345.0,51.0,412.0,415.1445531378197,0.12284877547958342,1.4476364317687953,97.05654219026987
329.0,596.0,371.0,596.0,329.0,596.0,1764.0,165649.0,167413.0,42.0,407.0,409.16133737194673,0.10264899481893139,1.4679662062373866,95.89173191476677
327.0,591.0,363.0,591.0,327.0,591.0,1296.0,169744.0,171040.0,36.0,412.0,413.5698248180106,0.08704696967638204,1.4836390522406133,94.9937439858234
328.0,594.0,357.0,594.0,328.0,594.0,841.0,166464.0,167305.0,29.0,408.0,409.02933880102046,0.07089955963796415,1.499837233359387,94.06565657192917
326.0,594.0,355.0,594.0,326.0,594.0,841.0,173056.0,173897.0,29.0,416.0,417.0095922158146,0.06954276482204191,1.5011973858896368,93.98772557245181
326.0,597.0,348.0,597.0,326.0,597.0,484.0,168921.0,169405.0,22.0,411.0,411.58838661944776,0.05345145955330628,1.5173193821376512,93.06400323011484
326.0,593.0,348.0,593.0,326.0,593.0,484.0,172225.0,172709.0,22.0,415.0,415.5827234137627,0.05293771555102965,1.5178338545533683,93.03452613201834
326.0,596.0,348.0,596.0,326.0,596.0,484.0,169744.0,170228.0,22.0,412.0,412.58696053074675,0.053322092321336265,1.5174489341226052,93.05658044814943
326.0,590.0,349.0,590.0,326.0,590.0,529.0,168921.0,169450.0,23.0,411.0,411.6430492550554,0.05587365082836398,1.5148935633849734,93.20299240650697
326.0,589.0,348.0,589.0,326.0,589.0,484.0,169744.0,170228.0,22.0,412.0,412.58696053074675,0.053322092321336265,1.5174489341226052,93.05658044814943
319.0,594.0,355.0,594.0,319.0,594.0,1296.0,165649.0,166945.0,36.0,407.0,408.58903558465687,0.08810809117402527,1.482573837825185,95.05477627610394
318.0,593.0,355.0,593.0,318.0,593.0,1369.0,166464.0,167833.0,37.0,408.0,409.67426084634604,0.09031565694061838,1.480357434065692,95.18176685721981
325.0,592.0,354.0,592.0,325.0,592.0,841.0,167281.0,168122.0,29.0,409.0,410.02682839053347,0.07072707928364802,1.50001014780079,94.05574930421992
317.0,593.0,354.0,593.0,317.0,593.0,1369.0,165649.0,167018.0,37.0,407.0,408.67835763592865,0.09053574604251853,1.4801364395941514,95.1944289077348
318.0,591.0,354.0,591.0,318.0,591.0,1296.0,173889.0,175185.0,36.0,417.0,418.5510721524913,0.08601100891908375,1.4846789132176286,94.93416434056007
318.0,592.0,354.0,592.0,318.0,592.0,1296.0,173056.0,174352.0,36.0,416.0,417.5547868244358,0.0862162311053483,1.4844729258544338,94.94596654710416
318.0,592.0,354.0,592.0,318.0,592.0,1296.0,173056.0,174352.0,36.0,416.0,417.5547868244358,0.0862162311053483,1.4844729258544338,94.94596654710416
317.0,592.0,360.0,592.0,317.0,592.0,1849.0,173056.0,174905.0,43.0,416.0,418.2164511350552,0.10281757181788612,1.4677967325424957,95.9014420422225
317.0,591.0,359.0,591.0,317.0,591.0,1764.0,173889.0,175653.0,42.0,417.0,419.10977082382607,0.10021240954951349,1.4704154237119258,95.75140209036599
313.0,593.0,363.0,593.0,313.0,593.0,2500.0,173056.0,175556.0,50.0,416.0,418.9940333704049,0.11933344157146578,1.4511778273191136,96.85363517165021
313.0,588.0,362.0,588.0,313.0,588.0,2401.0,177241.0,179642.0,49.0,421.0,423.8419516753857,0.11560913167351677,1.4549281053683916,96.63876006742603
313.0,587.0,362.0,587.0,313.0,587.0,2401.0,178084.0,180485.0,49.0,422.0,424.8352621899458,0.11533882509520095,1.4552002323394544,96.62316834049246
313.0,588.0,362.0,588.0,313.0,588.0,2401.0,171396.0,173797.0,49.0,414.0,416.8896736547932,0.1175370921769931,1.4529869096969557,96.74998238660838
313.0,585.0,369.0,585.0,313.0,585.0,3136.0,174724.0,177860.0,56.0,418.0,421.7345136457295,0.13278495875498061,1.4376180318100018,97.63055422538277
313.0,591.0,369.0,591.0,313.0,591.0,3136.0,169744.0,172880.0,56.0,412.0,415.7884077268148,0.1346838895922121,1.4357018883455415,97.74034115883792
313.0,589.0,369.0,589.0,313.0,589.0,3136.0,170569.0,173705.0,56.0,413.0,416.7793181049175,0.13436367297357807,1.4360250423171654,97.72182580013097
312.0,586.0,376.0,586.0,312.0,586.0,4096.0,173056.0,177152.0,64.0,416.0,420.89428601490897,0.1520571842539411,1.4181469983996315,98.7461622625552
311.0,590.0,376.0,590.0,311.0,590.0,4225.0,169744.0,173969.0,65.0,412.0,417.0959122312277,0.15583945585150114,1.414319091467477,98.96548517413653
311.0,589.0,377.0,589.0,311.0,589.0,4356.0,170569.0,174925.0,66.0,413.0,418.24036151476344,0.15780399519779553,1.412329939854148,99.07945516639192
312.0,587.0,377.0,587.0,312.0,587.0,4225.0,173056.0,177281.0,65.0,416.0,421.04750325824284,0.1543768802736096,1.4157995848709557,98.88065915052024
306.0,588.0,377.0,588.0,306.0,588.0,5041.0,171396.0,176437.0,71.0,414.0,420.04404530953656,0.16902989291915582,1.4009510107242182,99.73141978091536
312.0,583.0,376.0,583.0,312.0,583.0,4096.0,174724.0,178820.0,64.0,418.0,422.8711387645177,0.15134634202510422,1.4188661640433569,98.70495710639894
313.0,586.0,377.0,586.0,313.0,586.0,4096.0,173056.0,177152.0,64.0,416.0,420.89428601490897,0.1520571842539411,1.4181469983996315,98.7461622625552
314.0,585.0,378.0,585.0,314.0,585.0,4096.0,168100.0,172196.0,64.0,410.0,414.9650587700126,0.15422985296569494,1.4159483943936668,98.87213299291754
306.0,589.0,378.0,589.0,306.0,589.0,5184.0,165649.0,170833.0,72.0,407.0,413.3194890154588,0.1741993830765311,1.3957036653026749,100.0320705272171
307.0,588.0,378.0,588.0,307.0,588.0,5041.0,165649.0,170690.0,71.0,407.0,413.14646313383827,0.17185188870175477,1.3980871090006153,99.89550926261805
313.0,584.0,377.0,584.0,313.0,584.0,4096.0,169744.0,173840.0,64.0,412.0,416.94124286282835,0.15349884688921428,1.4166882102294702,98.82974466790905
314.0,586.0,377.0,586.0,314.0,586.0,3969.0,168100.0,172069.0,63.0,410.0,414.8120056121809,0.1518760285325503,1.418330282855057,98.73566083680896
314.0,586.0,370.0,586.0,314.0,586.0,3136.0,173889.0,177025.0,56.0,417.0,420.7433897282285,0.13309775356464226,1.4373024357383797,97.64863654831763
313.0,586.0,369.0,586.0,313.0,586.0,3136.0,173889.0,177025.0,56.0,417.0,420.7433897282285,0.13309775356464226,1.4373024357383797,97.64863654831763
313.0,586.0,369.0,586.0,313.0,586.0,3136.0,173056.0,176192.0,56.0,416.0,419.75230791503697,0.13341201214153917,1.436985349320306,97.66680426181416
313.0,586.0,369.0,586.0,313.0,586.0,3136.0,173889.0,177025.0,56.0,417.0,420.7433897282285,0.13309775356464226,1.4373024357383797,97.64863654831763
312.0,585.0,369.0,585.0,312.0,585.0,3249.0,174724.0,177973.0,57.0,418.0,421.8684629123158,0.1351132047333135,1.4352686128093959,97.76516601842533
313.0,587.0,369.0,587.0,313.0,587.0,3136.0,173056.0,176192.0,56.0,416.0,419.75230791503697,0.13341201214153917,1.436985349320306,97.66680426181416
312.0,585.0,369.0,585.0,312.0,585.0,3249.0,174724.0,177973.0,57.0,418.0,421.8684629123158,0.1351132047333135,1.4352686128093959,97.76516601842533
312.0,584.0,369.0,584.0,312.0,584.0,3249.0,175561.0,178810.0,57.0,419.0,422.8593146662374,0.13479660497721344,1.4355881356444056,97.74685870852122
312.0,590.0,369.0,590.0,312.0,590.0,3249.0,170569.0,173818.0,57.0,413.0,416.91485941376567,0.13671856186692197,1.4336482188511357,97.85800775338214
312.0,583.0,376.0,583.0,312.0,583.0,4096.0,176400.0,180496.0,64.0,420.0,424.8482081873478,0.15064203818361768,1.419578636648456,98.66413543310806
313.0,590.0,369.0,590.0,313.0,590.0,3136.0,170569.0,173705.0,56.0,413.0,416.7793181049175,0.13436367297357807,1.4360250423171654,97.72182580013097
312.0,591.0,369.0,591.0,312.0,591.0,3249.0,169744.0,172993.0,57.0,412.0,415.92427195344106,0.1370441780959122,1.433319508618172,97.87684146241372
312.0,584.0,369.0,584.0,312.0,584.0,3249.0,175561.0,178810.0,57.0,419.0,422.8593146662374,0.13479660497721344,1.4355881356444056,97.74685870852122
312.0,591.0,376.0,591.0,312.0,591.0,4096.0,168921.0,173017.0,64.0,411.0,415.9531223587581,0.15386349220574003,1.4163191810237203,98.8508884839156
313.0,586.0,369.0,586.0,313.0,586.0,3136.0,173056.0,176192.0,56.0,416.0,419.75230791503697,0.13341201214153917,1.436985349320306,97.66680426181416
313.0,586.0,369.0,586.0,313.0,586.0,3136.0,173056.0,176192.0,56.0,416.0,419.75230791503697,0.13341201214153917,1.436985349320306,97.66680426181416
313.0,585.0,369.0,585.0,313.0,585.0,3136.0,174724.0,177860.0,56.0,418.0,421.7345136457295,0.13278495875498061,1.4376180318100018,97.63055422538277
313.0,586.0,369.0,586.0,313.0,586.0,3136.0,173889.0,177025.0,56.0,417.0,420.7433897282285,0.13309775356464226,1.4373024357383797,97.64863654831763
313.0,586.0,370.0,586.0,313.0,586.0,3249.0,173889.0,177138.0,57.0,417.0,420.87765443178375,0.13543128127568155,1.4349475855331046,97.7835595264654
313.0,586.0,370.0,586.0,313.0,586.0,3249.0,173889.0,177138.0,57.0,417.0,420.87765443178375,0.13543128127568155,1.4349475855331046,97.7835595264654
313.0,590.0,370.0,590.0,313.0,590.0,3249.0,170569.0,173818.0,57.0,413.0,416.91485941376567,0.13671856186692197,1.4336482188511357,97.85800775338214
313.0,584.0,370.0,584.0,313.0,584.0,3249.0,175561.0,178810.0,57.0,419.0,422.8593146662374,0.13479660497721344,1.4355881356444056,97.74685870852122
313.0,590.0,377.0,590.0,313.0,590.0,4096.0,170569.0,174665.0,64.0,413.0,417.92941987852447,0.15313590514542447,1.4170554943761209,98.80870083642391
314.0,584.0,378.0,584.0,314.0,584.0,4096.0,175561.0,179657.0,64.0,419.0,423.8596465812711,0.15099337838882618,1.4192232311679627,98.68449866715615
314.0,586.0,377.0,586.0,314.0,586.0,3969.0,173889.0,177858.0,63.0,417.0,421.7321424790859,0.1493839184978039,1.4208511562214512,98.59122543222765
314.0,585.0,377.0,585.0,314.0,585.0,3969.0,174724.0,178693.0,63.0,418.0,422.7209481442811,0.14903448782599044,1.421204542828533,98.57097787110541
313.0,583.0,377.0,583.0,313.0,583.0,4096.0,176400.0,180496.0,64.0,420.0,424.8482081873478,0.15064203818361768,1.419578636648456,98.66413543310806
314.0,585.0,378.0,585.0,314.0,585.0,4096.0,174724.0,178820.0,64.0,418.0,422.8711387645177,0.15134634202510422,1.4188661640433569,98.70495710639894
314.0,585.0,378.0,585.0,314.0,585.0,4096.0,174724.0,178820.0,64.0,418.0,422.8711387645177,0.15134634202510422,1.4188661640433569,98.70495710639894
314.0,583.0,371.0,583.0,314.0,583.0,3249.0,176400.0,179649.0,57.0,420.0,423.85020939006273,0.1344814718436149,1.4359061645240974,97.7286369959516
314.0,583.0,371.0,583.0,314.0,583.0,3249.0,176400.0,179649.0,57.0,420.0,423.85020939006273,0.1344814718436149,1.4359061645240974,97.7286369959516
314.0,583.0,371.0,583.0,314.0,583.0,3249.0,176400.0,179649.0,57.0,420.0,423.85020939006273,0.1344814718436149,1.4359061645240974,97.7286369959516
314.0,589.0,371.0,589.0,314.0,589.0,3249.0,171396.0,174645.0,57.0,414.0,417.90549170835266,0.13639447466217813,1.4339753707240313,97.83926333180543
314.0,589.0,371.0,589.0,314.0,589.0,3249.0,171396.0,174645.0,57.0,414.0,417.90549170835266,0.13639447466217813,1.4339753707240313,97.83926333180543
314.0,588.0,372.0,588.0,314.0,588.0,3364.0,172225.0,175589.0,58.0,415.0,419.03341155568967,0.13841378372352484,1.431936724881123,97.95606913452595
314.0,587.0,371.0,587.0,314.0,587.0,3249.0,173056.0,176305.0,57.0,416.0,419.88688953097835,0.13575084486126748,1.434625043231831,97.80203983904282
315.0,589.0,372.0,589.0,315.0,589.0,3249.0,171396.0,174645.0,57.0,414.0,417.90549170835266,0.13639447466217813,1.4339753707240313,97.83926333180543
315.0,590.0,379.0,590.0,315.0,590.0,4096.0,170569.0,174665.0,64.0,413.0,417.92941987852447,0.15313590514542447,1.4170554943761209,98.80870083642391
316.0,585.0,379.0,585.0,316.0,585.0,3969.0,175561.0,179530.0,63.0,419.0,423.70980635335786,0.14868666963884333,1.4215562800049313,98.55082481539993
316.0,586.0,380.0,586.0,316.0,586.0,4096.0,174724.0,178820.0,64.0,418.0,422.8711387645177,0.15134634202510422,1.4188661640433569,98.70495710639894
316.0,590.0,380.0,590.0,316.0,590.0,4096.0,170569.0,174665.0,64.0,413.0,417.92941987852447,0.15313590514542447,1.4170554943761209,98.80870083642391
316.0,583.0,380.0,583.0,316.0,583.0,4096.0,176400.0,180496.0,64.0,420.0,424.8482081873478,0.15064203818361768,1.419578636648456,98.66413543310806
316.0,583.0,380.0,583.0,316.0,583.0,4096.0,177241.0,181337.0,64.0,421.0,425.8368232081392,0.15029231036865565,1.4199323919676665,98.643866746337
309.0,590.0,380.0,590.0,309.0,590.0,5041.0,171396.0,176437.0,71.0,414.0,420.04404530953656,0.16902989291915582,1.4009510107242182,99.73141978091536
316.0,583.0,380.0,583.0,316.0,583.0,4096.0,177241.0,181337.0,64.0,421.0,425.8368232081392,0.15029231036865565,1.4199323919676665,98.643866746337
316.0,583.0,380.0,583.0,316.0,583.0,4096.0,177241.0,181337.0,64.0,421.0,425.8368232081392,0.15029231036865565,1.4199323919676665,98.643866746337
315.0,590.0,380.0,590.0,315.0,590.0,4225.0,171396.0,175621.0,65.0,414.0,419.07159292894096,0.1551047627583328,1.4150628282076807,98.92287219785403
316.0,584.0,380.0,584.0,316.0,584.0,4096.0,176400.0,180496.0,64.0,420.0,424.8482081873478,0.15064203818361768,1.419578636648456,98.66413543310806
316.0,590.0,380.0,590.0,316.0,590.0,4096.0,171396.0,175492.0,64.0,414.0,418.91765300593386,0.15277465521151828,1.4174210457140919,98.78775628756281
316.0,585.0,380.0,585.0,316.0,585.0,4096.0,175561.0,179657.0,64.0,419.0,423.8596465812711,0.15099337838882618,1.4192232311679627,98.68449866715615
316.0,584.0,380.0,584.0,316.0,584.0,4096.0,176400.0,180496.0,64.0,420.0,424.8482081873478,0.15064203818361768,1.419578636648456,98.66413543310806
316.0,586.0,380.0,586.0,316.0,586.0,4096.0,174724.0,178820.0,64.0,418.0,422.8711387645177,0.15134634202510422,1.4188661640433569,98.70495710639894
317.0,587.0,380.0,587.0,317.0,587.0,3969.0,174724.0,178693.0,63.0,418.0,422.7209481442811,0.14903448782599044,1.421204542828533,98.57097787110541
317.0,586.0,381.0,586.0,317.0,586.0,4096.0,174724.0,178820.0,64.0,418.0,422.8711387645177,0.15134634202510422,1.4188661640433569,98.70495710639894
317.0,583.0,381.0,583.0,317.0,583.0,4096.0,177241.0,181337.0,64.0,421.0,425.8368232081392,0.15029231036865565,1.4199323919676665,98.643866746337
319.0,582.0,377.0,582.0,319.0,582.0,3364.0,178084.0,181448.0,58.0,422.0,425.96713488249304,0.13616073929271522,1.43421130721903,97.8257451664089
319.0,581.0,377.0,581.0,319.0,581.0,3364.0,178929.0,182293.0,58.0,423.0,426.95784335224477,0.13584479335152858,1.4345302163191218,97.80747302092531
320.0,583.0,377.0,583.0,320.0,583.0,3249.0,177241.0,180490.0,57.0,421.0,424.8411467831241,0.1341677952608902,1.436222709837817,97.71050028545082
320.0,584.0,377.0,584.0,320.0,584.0,3249.0,176400.0,179649.0,57.0,420.0,423.85020939006273,0.1344814718436149,1.4359061645240974,97.7286369959516
320.0,584.0,377.0,584.0,320.0,584.0,3249.0,176400.0,179649.0,57.0,420.0,423.85020939006273,0.1344814718436149,1.4359061645240974,97.7286369959516
320.0,586.0,376.0,586.0,320.0,586.0,3136.0,174724.0,177860.0,56.0,418.0,421.7345136457295,0.13278495875498061,1.4376180318100018,97.63055422538277
320.0,586.0,377.0,586.0,320.0,586.0,3249.0,175561.0,178810.0,57.0,419.0,422.8593146662374,0.13479660497721344,1.4355881356444056,97.74685870852122
320.0,586.0,377.0,586.0,320.0,586.0,3249.0,175561.0,178810.0,57.0,419.0,422.8593146662374,0.13479660497721344,1.4355881356444056,97.74685870852122
320.0,587.0,377.0,587.0,320.0,587.0,3249.0,168921.0,172170.0,57.0,411.0,414.93372964848254,0.13737133408818902,1.4329892289354296,97.89576509429378
313.0,586.0,377.0,586.0,313.0,586.0,4096.0,175561.0,179657.0,64.0,419.0,423.8596465812711,0.15099337838882618,1.4192232311679627,98.68449866715615
321.0,588.0,377.0,588.0,321.0,588.0,3136.0,173889.0,177025.0,56.0,417.0,420.7433897282285,0.13309775356464226,1.4373024357383797,97.64863654831763
320.0,588.0,377.0,588.0,320.0,588.0,3249.0,173889.0,177138.0,57.0,417.0,420.87765443178375,0.13543128127568155,1.4349475855331046,97.7835595264654
314.0,587.0,377.0,587.0,314.0,587.0,3969.0,174724.0,178693.0,63.0,418.0,422.7209481442811,0.14903448782599044,1.421204542828533,98.57097787110541
313.0,586.0,377.0,586.0,313.0,586.0,4096.0,168921.0,173017.0,64.0,411.0,415.9531223587581,0.15386349220574003,1.4163191810237203,98.8508884839156
314.0,587.0,377.0,587.0,314.0,587.0,3969.0,173889.0,177858.0,63.0,417.0,421.7321424790859,0.1493839184978039,1.4208511562214512,98.59122543222765
313.0,588.0,377.0,588.0,313.0,588.0,4096.0,173889.0,177985.0,64.0,417.0,421.882685115187,0.1517009402330082,1.4185074236858806,98.72551141482334
313.0,588.0,377.0,588.0,313.0,588.0,4096.0,173056.0,177152.0,64.0,416.0,420.89428601490897,0.1520571842539411,1.4181469983996315,98.7461622625552
312.0,586.0,383.0,586.0,312.0,586.0,5041.0,173889.0,178930.0,71.0,417.0,423.0011820314454,0.16784823072840005,1.4021498012282507,99.66273414451395
313.0,587.0,384.0,587.0,313.0,587.0,5041.0,168100.0,173141.0,71.0,410.0,416.10215091969906,0.17063117756798582,1.3993261215769146,99.82451907123247
313.0,588.0,383.0,588.0,313.0,588.0,4900.0,173056.0,177956.0,70.0,416.0,421.8483139707921,0.1659364223625809,1.4040888041893105,99.55163745838185
313.0,589.0,384.0,589.0,313.0,589.0,5041.0,173056.0,178097.0,71.0,416.0,422.0154025625131,0.168240304900916,1.401752071111922,99.68552240156482
313.0,588.0,383.0,588.0,313.0,588.0,4900.0,173056.0,177956.0,70.0,416.0,421.8483139707921,0.1659364223625809,1.4040888041893105,99.55163745838185
313.0,590.0,383.0,590.0,313.0,590.0,4900.0,172225.0,177125.0,70.0,415.0,420.86221023037933,0.16632522069796218,1.403694526863791,99.57422788509182
313.0,589.0,383.0,589.0,313.0,589.0,4900.0,173056.0,177956.0,70.0,416.0,421.8483139707921,0.1659364223625809,1.4040888041893105,99.55163745838185
313.0,591.0,383.0,591.0,313.0,591.0,4900.0,171396.0,176296.0,70.0,414.0,419.8761722222398,0.1667158191652493,1.4032983976331952,99.59692441814673
313.0,589.0,384.0,589.0,313.0,589.0,5041.0,173056.0,178097.0,71.0,416.0,422.0154025625131,0.168240304900916,1.401752071111922,99.68552240156482
314.0,590.0,384.0,590.0,314.0,590.0,4900.0,173056.0,177956.0,70.0,416.0,421.8483139707921,0.1659364223625809,1.4040888041893105,99.55163745838185
314.0,585.0,384.0,585.0,314.0,585.0,4900.0,171396.0,176296.0,70.0,414.0,419.8761722222398,0.1667158191652493,1.4032983976331952,99.59692441814673
314.0,586.0,384.0,586.0,314.0,586.0,4900.0,170569.0,175469.0,70.0,413.0,418.890200410561,0.16710823010753623,1.402900403544522,99.61972779969885
308.0,587.0,384.0,587.0,308.0,587.0,5776.0,169744.0,175520.0,76.0,412.0,418.9510711288372,0.18140543189261407,1.3883809197123858,100.4516329439887
308.0,586.0,385.0,586.0,308.0,586.0,5929.0,170569.0,176498.0,77.0,413.0,420.1166504674624,0.1832824286167243,1.3864719178951976,100.56101069119637
308.0,589.0,391.0,589.0,308.0,589.0,6889.0,168921.0,175810.0,83.0,411.0,419.2970307550484,0.19795036432892904,1.371529861737836,101.41712744626066
308.0,590.0,391.0,590.0,308.0,590.0,6889.0,167281.0,174170.0,83.0,409.0,417.3367944478416,0.198880139743761,1.3705812255444687,101.47148029643397
307.0,594.0,391.0,594.0,307.0,594.0,7056.0,164025.0,171081.0,84.0,405.0,413.61939026114334,0.20308525658568774,1.366288511336553,101.71743470320338
307.0,587.0,390.0,587.0,307.0,587.0,6889.0,169744.0,176633.0,83.0,412.0,420.277289417356,0.19748866305639687,1.3720008611866101,101.39014116569292
307.0,589.0,390.0,589.0,307.0,589.0,6889.0,168921.0,175810.0,83.0,411.0,419.2970307550484,0.19795036432892904,1.371529861737836,101.41712744626066
307.0,591.0,390.0,591.0,307.0,591.0,6889.0,161604.0,168493.0,83.0,402.0,410.47898850002053,0.2022027980123905,1.3671896666921495,101.6658023046421
306.0,594.0,391.0,594.0,306.0,594.0,7225.0,160000.0,167225.0,85.0,400.0,408.93153461184676,0.20785875582004468,1.361410933841401,101.99689930792357
306.0,586.0,390.0,586.0,306.0,586.0,7056.0,166464.0,173520.0,84.0,408.0,416.5573189850348,0.20165292067048707,1.3677511095414314,101.63363399894044
306.0,591.0,397.0,591.0,306.0,591.0,8281.0,163216.0,171497.0,91.0,404.0,414.12196271146985,0.2197420281797568,1.3492462993168857,102.69388152549745
300.0,593.0,397.0,593.0,300.0,593.0,9409.0,161604.0,171013.0,97.0,402.0,413.5371809160574,0.23456173828222163,1.334028622830858,103.5657901621423
302.0,597.0,398.0,597.0,302.0,597.0,9216.0,158404.0,167620.0,96.0,398.0,409.41421567893804,0.23448135488114816,1.3341113123668993,103.56105240071724
296.0,596.0,391.0,596.0,296.0,596.0,9025.0,160000.0,169025.0,95.0,400.0,411.1265012134343,0.23107243079589565,1.3376165261480801,103.36021844476448
298.0,592.0,399.0,592.0,298.0,592.0,10201.0,158404.0,168605.0,101.0,398.0,410.6153918206184,0.24597226994384785,1.3222736737801113,104.23929913114141
298.0,599.0,400.0,599.0,298.0,599.0,10404.0,153664.0,164068.0,102.0,392.0,405.0530829409893,0.25181884620999173,1.3162371184781172,104.58516827274298
299.0,594.0,401.0,594.0,299.0,594.0,10404.0,159201.0,169605.0,102.0,399.0,411.83127613137884,0.24767424406945926,1.3205173599458986,104.33992850134223
293.0,595.0,401.0,595.0,293.0,595.0,11664.0,153664.0,165328.0,108.0,392.0,406.60545987480293,0.2656137476197542,1.3019558451159177,105.40342496246963
293.0,604.0,407.0,604.0,293.0,604.0,12996.0,147456.0,160452.0,114.0,384.0,400.56460153138846,0.2845982884263099,1.2822089649008193,106.53483785734515
292.0,599.0,406.0,599.0,292.0,599.0,12996.0,152100.0,165096.0,114.0,390.0,406.32007088008834,0.28056699181282446,1.2864115502010378,106.2940474565989
289.0,602.0,410.0,602.0,289.0,602.0,14641.0,146689.0,161330.0,121.0,383.0,401.6590594023742,0.3012505187360521,1.2647925022481232,107.53272766139186
289.0,606.0,408.0,606.0,289.0,606.0,14161.0,144400.0,158561.0,119.0,380.0,398.19718733311015,0.29884691249828205,1.2673122075553263,107.3883591816724
288.0,601.0,408.0,601.0,288.0,601.0,14400.0,148225.0,162625.0,120.0,385.0,403.2679010285842,0.29756893542462787,1.268651103255459,107.31164610884659
288.0,607.0,414.0,607.0,288.0,607.0,15876.0,139129.0,155005.0,126.0,373.0,393.70674365573166,0.3200351582247165,1.2450297297324124,108.66505111801922
282.0,605.0,414.0,605.0,282.0,605.0,17424.0,146689.0,164113.0,132.0,383.0,405.108627407514,0.3258385308768461,1.238897799139573,109.01638486125607
281.0,609.0,420.0,609.0,281.0,609.0,19321.0,143641.0,162962.0,139.0,379.0,403.685521167158,0.3443274348758298,1.219274007401935,110.14074530586643
274.0,609.0,427.0,609.0,274.0,609.0,23409.0,142129.0,165538.0,153.0,377.0,406.86361351194824,0.3760473901299284,1.1852694532972723,112.08906274028786
274.0,613.0,432.0,613.0,274.0,613.0,24964.0,134689.0,159653.0,158.0,367.0,399.56601457080905,0.3954290260890045,1.164261426641823,113.29273400354344
272.0,619.0,436.0,619.0,272.0,619.0,26896.0,133956.0,160852.0,164.0,366.0,401.0635859810761,0.40891271542098623,1.1495340318781881,114.13655156672279
266.0,618.0,441.0,618.0,266.0,618.0,30625.0,136161.0,166786.0,175.0,369.0,408.3944171998437,0.4285073268138372,1.127956229172145,115.37286859294503
260.0,626.0,434.0,626.0,260.0,626.0,30276.0,125316.0,155592.0,174.0,354.0,394.45151793344644,0.44111885007210955,1.1139513339488993,116.17528998175993
259.0,628.0,445.0,628.0,259.0,628.0,34596.0,124609.0,159205.0,186.0,353.0,399.0050124998432,0.4661595573315588,1.0858514898893863,117.78529245134578
253.0,635.0,445.0,635.0,253.0,635.0,36864.0,119025.0,155889.0,192.0,345.0,394.82781057063346,0.4862879332702219,1.0629598151564723,119.09688879952802
253.0,632.0,450.0,632.0,253.0,632.0,38809.0,121801.0,160610.0,197.0,349.0,400.7617746242773,0.4915638478362656,1.0569116929347495,119.44342067681202
246.0,640.0,455.0,640.0,246.0,640.0,43681.0,116964.0,160645.0,209.0,342.0,400.8054390848507,0.521450009453975,1.0222469243443684,121.42956561483852
245.0,648.0,453.0,648.0,245.0,648.0,43264.0,111556.0,154820.0,208.0,334.0,393.47172706561776,0.5286275625219513,1.013813389353986,121.91277157616334
244.0,656.0,457.0,656.0,244.0,656.0,45369.0,106929.0,152298.0,213.0,327.0,390.2537635949204,0.5457987080967448,0.9934543001884741,123.07926146007769
239.0,657.0,462.0,657.0,239.0,657.0,49729.0,107584.0,157313.0,223.0,328.0,396.62702883187376,0.5622410571885849,0.9737030645822692,124.21092390048175
233.0,666.0,461.0,666.0,233.0,666.0,51984.0,102400.0,154384.0,228.0,320.0,392.91729409635303,0.5802747891877947,0.9517302722122684,125.46987216740006
228.0,670.0,461.0,670.0,228.0,670.0,54289.0,97969.0,152258.0,233.0,313.0,390.2025115244647,0.5971258336849313,0.9308831062451333,126.66432679212565
230.0,675.0,460.0,675.0,230.0,675.0,52900.0,96100.0,149000.0,230.0,310.0,386.00518131237567,0.5958469241734657,0.9324765187858508,126.57303097851933
225.0,678.0,461.0,678.0,225.0,678.0,55696.0,91809.0,147505.0,236.0,303.0,384.0637967838156,0.6144812449813938,0.9090680701317743,127.91423629134661
225.0,681.0,467.0,681.0,225.0,681.0,58564.0,91204.0,149768.0,242.0,302.0,386.9987080081793,0.6253250850514087,0.8952482822445789,128.70605181104892
224.0,683.0,464.0,683.0,224.0,683.0,57600.0,90000.0,147600.0,240.0,300.0,384.1874542459709,0.6246950475544243,0.8960553845713439,128.65980825409008
219.0,693.0,463.0,693.0,219.0,693.0,59536.0,85264.0,144800.0,244.0,292.0,380.52595180880894,0.6412177640977168,0.8747121563906705,129.88268515002736
219.0,695.0,469.0,695.0,219.0,695.0,62500.0,84681.0,147181.0,250.0,291.0,383.64175997928066,0.651649601475871,0.8610391532550835,130.66609052296565
214.0,700.0,468.0,700.0,214.0,700.0,64516.0,83521.0,148037.0,254.0,289.0,384.75576668842797,0.6601590463118051,0.8497658417274074,131.31200369463767
210.0,706.0,468.0,706.0,210.0,706.0,66564.0,78400.0,144964.0,258.0,280.0,380.741382042982,0.6776253177829624,0.8262675866272078,132.65835453780085
208.0,712.0,468.0,712.0,208.0,712.0,67600.0,76729.0,144329.0,260.0,277.0,379.90656746100086,0.6843787980229907,0.8170449498893743,133.18677269886103
209.0,716.0,468.0,716.0,209.0,716.0,67081.0,75625.0,142706.0,259.0,275.0,377.76447689003265,0.6856123744938437,0.8153517487063717,133.2837859805136
207.0,724.0,472.0,724.0,207.0,724.0,70225.0,70756.0,140981.0,265.0,266.0,375.47436663506073,0.7057738784537709,0.787281400342469,134.8920984712272
202.0,726.0,472.0,726.0,202.0,726.0,72900.0,72900.0,145800.0,270.0,270.0,381.8376618407357,0.7071067811865475,0.7853981633974484,135.0
198.0,738.0,482.0,738.0,198.0,738.0,80656.0,65536.0,146192.0,284.0,256.0,382.35062442737035,0.7427737313763624,0.7335927066064472,137.96823402987172
200.0,741.0,486.0,741.0,200.0,741.0,81796.0,66564.0,148360.0,286.0,258.0,385.1752847730498,0.7425190849628758,0.7339729553794725,137.94644738001233
196.0,749.0,488.0,749.0,196.0,749.0,85264.0,62001.0,147265.0,292.0,249.0,383.7512214964273,0.760909630101903,0.7060824675524396,139.5444546210623
196.0,755.0,491.0,755.0,196.0,755.0,87025.0,60516.0,147541.0,295.0,246.0,384.1106611381673,0.7680078421303865,0.6950716095176909,140.17533031527114
195.0,762.0,494.0,762.0,195.0,762.0,89401.0,57600.0,147001.0,299.0,240.0,383.40709435272584,0.7798499412348557,0.6763702686839979,141.2468382162774
196.0,770.0,496.0,770.0,196.0,770.0,90000.0,52441.0,142441.0,300.0,229.0,377.41356626385334,0.7948839862059097,0.6519799729049788,142.64429922549095
193.0,777.0,495.0,777.0,193.0,777.0,91204.0,49729.0,140933.0,302.0,223.0,375.41044204976504,0.8044528499288957,0.63604253639533,143.55744707375152
194.0,782.0,496.0,782.0,194.0,782.0,91204.0,47089.0,138293.0,302.0,217.0,371.87766805765574,0.8120950138720835,0.6230628577411226,144.30112788007366
196.0,788.0,502.0,788.0,196.0,788.0,93636.0,46656.0,140292.0,306.0,216.0,374.55573684032663,0.8169678632647617,0.6146629519221655,144.78240703180728
196.0,792.0,501.0,792.0,196.0,792.0,93025.0,46225.0,139250.0,305.0,215.0,373.1621631409058,0.8173390287825943,0.6140190370079408,144.81930063875788
197.0,801.0,500.0,801.0,197.0,801.0,91809.0,43264.0,135073.0,303.0,208.0,367.52278840909986,0.8244386730727626,0.6015866736038874,145.53162259118304
196.0,807.0,504.0,807.0,196.0,807.0,94864.0,41616.0,136480.0,308.0,204.0,369.43199644860215,0.833712301481312,0.5849996095715698,146.4819913547481
198.0,815.0,505.0,815.0,198.0,815.0,94249.0,39204.0,133453.0,307.0,198.0,365.3121952522253,0.8403770911289605,0.5728177419103492,147.17996095832294
199.0,824.0,506.0,824.0,199.0,824.0,94249.0,38809.0,133058.0,307.0,197.0,364.77116114078973,0.8416235511598134,0.5705138924724827,147.3119618077463
200.0,829.0,509.0,829.0,200.0,829.0,95481.0,36481.0,131962.0,309.0,191.0,363.2657429486023,0.8506169546620854,0.5536387490876908,148.27883630237295
201.0,835.0,513.0,835.0,201.0,835.0,97344.0,35721.0,133065.0,312.0,189.0,364.7807560713695,0.855308277114698,0.544650786725018,148.79380861217655
202.0,844.0,511.0,844.0,202.0,844.0,95481.0,35344.0,130825.0,309.0,188.0,361.69738732813653,0.8543053138497547,0.5465834809989216,148.68307338719276
206.0,848.0,515.0,848.0,206.0,848.0,95481.0,34969.0,130450.0,309.0,187.0,361.178626167164,0.8555323532821286,0.5442181524646045,148.818596729371
207.0,856.0,520.0,856.0,207.0,856.0,97969.0,33124.0,131093.0,313.0,182.0,362.067673232505,0.8644792759474118,0.5266827992253533,149.82329846225116
208.0,862.0,517.0,862.0,208.0,862.0,95481.0,32041.0,127522.0,309.0,179.0,357.1022262602125,0.865298441950453,0.5250508736853897,149.91680090817067
210.0,868.0,520.0,868.0,210.0,868.0,96100.0,33124.0,129224.0,310.0,182.0,359.477398455035,0.8623629784023158,0.5308778051194993,149.58294232948407
212.0,875.0,523.0,875.0,212.0,875.0,96721.0,30625.0,127346.0,311.0,175.0,356.8557131390781,0.8715006893522631,0.5125421087601701,150.63350034530703
218.0,878.0,525.0,878.0,218.0,878.0,94249.0,33489.0,127738.0,307.0,183.0,357.4045327076868,0.858970639443704,0.5375404295307117,149.20120207024078
220.0,886.0,527.0,886.0,220.0,886.0,94249.0,31329.0,125578.0,307.0,177.0,354.36986327846785,0.8663264905197537,0.5229962877312556,150.03452001198943
222.0,896.0,527.0,896.0,222.0,896.0,93025.0,29584.0,122609.0,305.0,172.0,350.15567966263234,0.8710411331721396,0.5134784455678824,150.57985219802237
224.0,903.0,533.0,903.0,224.0,903.0,95481.0,30976.0,126457.0,309.0,176.0,355.607930170293,0.8689345028161395,0.517750928545578,150.33505695535894
226.0,906.0,532.0,906.0,226.0,906.0,93636.0,32041.0,125677.0,306.0,179.0,354.5095203235027,0.8631644073218795,0.5292927219353176,149.67376090611486
229.0,915.0,533.0,915.0,229.0,915.0,92416.0,31684.0,124100.0,304.0,178.0,352.27829907617075,0.8629540928215624,0.5297091016495764,149.64990410581296
233.0,917.0,535.0,917.0,233.0,917.0,91204.0,32761.0,123965.0,302.0,181.0,352.08663706536777,0.8577434307565931,0.539932408248707,149.06415178501453
236.0,924.0,539.0,924.0,236.0,924.0,91809.0,33856.0,125665.0,303.0,184.0,354.4925951271761,0.8547428187922997,0.545741172335942,148.7313341186288
243.0,932.0,537.0,932.0,243.0,932.0,86436.0,32761.0,119197.0,294.0,181.0,345.2491853719571,0.8515588521469114,0.5518447358469524,148.38162568945785
243.0,933.0,542.0,933.0,243.0,933.0,89401.0,36100.0,125501.0,299.0,190.0,354.2612030691478,0.8440100056388014,0.5660797263829648,147.5660208103357
246.0,939.0,540.0,939.0,246.0,939.0,86436.0,37636.0,124072.0,294.0,194.0,352.23855552735847,0.8346616103959265,0.5832782292479546,146.5806191822281
254.0,941.0,550.0,941.0,254.0,941.0,87616.0,40804.0,128420.0,296.0,202.0,358.35736353534026,0.825991119813586,0.5988380927832633,145.6891046718554
255.0,946.0,550.0,946.0,255.0,946.0,87025.0,38809.0,125834.0,295.0,197.0,354.7308839106062,0.8316163417965641,0.5887844642170212,146.26513515749323
259.0,949.0,556.0,949.0,259.0,949.0,88209.0,41616.0,129825.0,297.0,204.0,360.3123644839294,0.8242847853011904,0.6018585296946958,145.5160463845448
263.0,948.0,558.0,948.0,263.0,948.0,87025.0,46656.0,133681.0,295.0,216.0,365.62412393057434,0.8068395400955966,0.6320136491325802,143.78828531004112
268.0,954.0,561.0,954.0,268.0,954.0,85849.0,47961.0,133810.0,293.0,219.0,365.80049207183964,0.8009830668638294,0.6418608696956271,143.2240811318441
276.0,956.0,560.0,956.0,276.0,956.0,80656.0,51984.0,132640.0,284.0,228.0,364.1977484828812,0.7797961442184731,0.6764562064075824,141.24191434741505
280.0,959.0,562.0,959.0,280.0,959.0,79524.0,52441.0,131965.0,282.0,229.0,363.2698721336522,0.7762823774613716,0.682049496528847,140.9214424298744
289.0,955.0,563.0,955.0,289.0,955.0,75076.0,57121.0,132197.0,274.0,239.0,363.5890537406207,0.7535980447735583,0.7172776075957106,138.903020345525
297.0,959.0,575.0,959.0,297.0,959.0,77284.0,60516.0,137800.0,278.0,246.0,371.2142238654117,0.7488937172321077,0.724405207948515,138.49463892725333
305.0,959.0,573.0,959.0,305.0,959.0,71824.0,62500.0,134324.0,268.0,250.0,366.5023874410643,0.7312367100012301,0.7506631049574024,136.9901722497549
312.0,956.0,578.0,956.0,312.0,956.0,70756.0,68121.0,138877.0,266.0,261.0,372.6620452903676,0.7137834490033468,0.775910782027889,135.5435869111068
321.0,956.0,581.0,956.0,321.0,956.0,67600.0,67600.0,135200.0,260.0,260.0,367.6955262170047,0.7071067811865475,0.7853981633974484,135.0
329.0,955.0,591.0,955.0,329.0,955.0,68644.0,73441.0,142085.0,262.0,271.0,376.9416400452463,0.695067809352532,0.8022821123290662,134.03262098470387
335.0,954.0,589.0,954.0,335.0,954.0,64516.0,73984.0,138500.0,254.0,272.0,372.1558813185679,0.682509702923583,0.8196053471687915,133.04007274087363
346.0,948.0,595.0,948.0,346.0,948.0,62001.0,78961.0,140962.0,249.0,281.0,375.44906445482053,0.6632058075882176,0.8457023148913722,131.54482663228063
356.0,947.0,596.0,947.0,356.0,947.0,57600.0,79524.0,137124.0,240.0,282.0,370.30257898102735,0.648118629528358,0.8656849786804648,130.3999043337367
366.0,946.0,599.0,946.0,366.0,946.0,54289.0,82944.0,137233.0,233.0,288.0,370.44972668366216,0.6289652366216091,0.890574832361488,128.97382076511593
375.0,945.0,602.0,945.0,375.0,945.0,51529.0,82944.0,134473.0,227.0,288.0,366.705603993176,0.6190251731310444,0.9032954624927672,128.2449823458467
385.0,939.0,604.0,939.0,385.0,939.0,47961.0,88209.0,136170.0,219.0,297.0,369.0121949204389,0.5934763214186394,0.9354251201815561,126.40408856307903
394.0,937.0,609.0,937.0,394.0,937.0,46225.0,89401.0,135626.0,215.0,299.0,368.27435425236985,0.5838038883714001,0.9473902856393556,125.71853508117141
403.0,936.0,609.0,936.0,403.0,936.0,42436.0,89401.0,131837.0,206.0,299.0,363.0936518310393,0.5673467408784644,0.967516073184805,124.56541239544019
414.0,931.0,610.0,931.0,414.0,931.0,38416.0,95481.0,133897.0,196.0,309.0,365.9193900300994,0.5356370975145035,1.0055343058710784,122.3871281179704
423.0,926.0,611.0,926.0,423.0,926.0,35344.0,96100.0,131444.0,188.0,310.0,362.55206522649956,0.5185462117904349,1.0256464928379203,121.23478468799235
434.0,920.0,613.0,920.0,434.0,920.0,32041.0,102400.0,134441.0,179.0,320.0,366.6619696668854,0.4881880718707276,1.060783923364938,119.22155821586009
445.0,917.0,611.0,917.0,445.0,917.0,27556.0,104976.0,132532.0,166.0,324.0,364.04944719090014,0.4559820136547357,1.0973210243761702,117.12813653227332
454.0,914.0,613.0,914.0,454.0,914.0,25281.0,106276.0,131557.0,159.0,326.0,362.70787143374764,0.4383693118417558,1.1170127628413051,115.99988302694567
464.0,910.0,615.0,910.0,464.0,910.0,22801.0,108900.0,131701.0,151.0,330.0,362.9063240011119,0.41608533666538516,1.1416602870485524,114.58768391442386
473.0,904.0,620.0,904.0,473.0,904.0,21609.0,112896.0,134505.0,147.0,336.0,366.7492331280326,0.40081883401970775,1.1583858851975093,113.62937773065681
483.0,901.0,621.0,901.0,483.0,901.0,19044.0,114244.0,133288.0,138.0,338.0,365.0862911696357,0.37799282892240654,1.1831690120614629,112.20940915821498
493.0,902.0,624.0,902.0,493.0,902.0,17161.0,112896.0,130057.0,131.0,336.0,360.6341636617363,0.3632490018967641,1.199043588087646,111.29986295035513
503.0,905.0,625.0,905.0,503.0,905.0,14884.0,113569.0,128453.0,122.0,337.0,358.4034040016919,0.34039855268624647,1.2234555963715705,109.90115790624786
508.0,903.0,625.0,903.0,508.0,903.0,13689.0,112225.0,125914.0,117.0,335.0,354.8436275319031,0.3297227029657756,1.2347864893556355,109.25194556014654
513.0,898.0,626.0,898.0,513.0,898.0,12769.0,118336.0,131105.0,113.0,344.0,362.0842443410097,0.31208206865134125,1.2534125568686607,108.18475050272446
523.0,902.0,626.0,902.0,523.0,902.0,10609.0,114921.0,125530.0,103.0,339.0,354.3021309560528,0.2907123356048231,1.2758250834180205,106.90060732322124
528.0,901.0,631.0,901.0,528.0,901.0,10609.0,115600.0,126209.0,103.0,340.0,355.25906040522034,0.28992926987566414,1.2766433943365887,106.8537215612578
539.0,901.0,627.0,901.0,539.0,901.0,7744.0,114921.0,122665.0,88.0,339.0,350.2356349659469,0.2512594128480278,1.3168151367975485,104.55205026255832
540.0,900.0,629.0,900.0,540.0,900.0,7921.0,115600.0,123521.0,89.0,340.0,351.45554484173385,0.2532325960032247,1.3147760144166283,104.66888336889572
547.0,898.0,631.0,898.0,547.0,898.0,7056.0,116281.0,123337.0,84.0,341.0,351.1936787586018,0.23918425951435948,1.3292706886180892,103.83839971173485
551.0,899.0,630.0,899.0,551.0,899.0,6241.0,116281.0,122522.0,79.0,341.0,350.03142716047654,0.22569402022230822,1.3431409479012235,103.04369239405911
557.0,899.0,631.0,899.0,557.0,899.0,5476.0,116281.0,121757.0,74.0,341.0,348.93695705671536,0.21207269251210964,1.357100917779544,102.2438450379016
563.0,903.0,632.0,903.0,563.0,903.0,4761.0,113569.0,118330.0,69.0,337.0,343.99127895922015,0.20058648058975906,1.3688397951510098,101.57125690829497
565.0,903.0,634.0,903.0,565.0,903.0,4761.0,113569.0,118330.0,69.0,337.0,343.99127895922015,0.20058648058975906,1.3688397951510098,101.57125690829497
570.0,902.0,635.0,902.0,570.0,902.0,4225.0,114244.0,118469.0,65.0,338.0,344.19325966671687,0.18884739365012448,1.380808038876181,100.88552705465872
576.0,902.0,636.0,902.0,576.0,902.0,3600.0,114921.0,118521.0,60.0,339.0,344.26879033685293,0.17428242606973596,1.395619332271735,100.03690245396349
581.0,903.0,636.0,903.0,581.0,903.0,3025.0,114244.0,117269.0,55.0,338.0,342.4456161202827,0.16060944398447624,1.409488244995326,99.24227228846644
587.0,903.0,636.0,903.0,587.0,903.0,2401.0,114244.0,116645.0,49.0,338.0,341.5333073069155,0.14347063361514734,1.4268288817742507,98.24872698696473
588.0,904.0,637.0,904.0,588.0,904.0,2401.0,113569.0,115970.0,49.0,337.0,340.5436829541843,0.14388756113438847,1.4264075829951492,98.27286562892125
595.0,900.0,640.0,900.0,595.0,900.0,2025.0,116281.0,118306.0,45.0,341.0,343.95639258487404,0.1308305383185919,1.4395896543982842,97.51758857228153
595.0,902.0,640.0,902.0,595.0,902.0,2025.0,115600.0,117625.0,45.0,340.0,342.96501279285036,0.131208719028083,1.439208185336976,97.5394451395093
602.0,901.0,641.0,901.0,602.0,901.0,1521.0,116281.0,117802.0,39.0,341.0,343.22295960497746,0.11362876202945724,1.4569216135063106,96.52454046469829
603.0,901.0,643.0,901.0,603.0,901.0,1600.0,116281.0,117881.0,40.0,341.0,343.3380258579,0.11650326205508944,1.4540278918967056,96.69033850001446
606.0,900.0,636.0,900.0,606.0,900.0,900.0,114921.0,115821.0,30.0,339.0,340.3248448174185,0.08815107229710117,1.482530688810088,95.05724853255914
607.0,901.0,643.0,901.0,607.0,901.0,1296.0,116964.0,118260.0,36.0,342.0,343.8895171417704,0.10468478451804275,1.4659193880646628,96.00900595749452
614.0,901.0,639.0,901.0,614.0,901.0,625.0,116964.0,117589.0,25.0,342.0,342.9125252888847,0.07290489018719538,1.4978266985704694,94.18085172989836
609.0,903.0,639.0,903.0,609.0,903.0,900.0,115600.0,116500.0,30.0,340.0,341.32096331752024,0.08789381029635715,1.4827889532671559,95.04245106917091
615.0,898.0,640.0,898.0,615.0,898.0,625.0,119025.0,119650.0,25.0,345.0,345.90461112855957,0.07227426057847045,1.4984589962563017,94.14462374110428
615.0,902.0,640.0,902.0,615.0,902.0,625.0,116281.0,116906.0,25.0,341.0,341.915194163699,0.07311754618319398,1.497613473501844,94.19306862641699
620.0,904.0,641.0,904.0,620.0,904.0,441.0,114244.0,114685.0,21.0,338.0,338.651738516134,0.062010607392761166,1.5087459087513293,93.55522707091882
621.0,904.0,641.0,904.0,621.0,904.0,400.0,114244.0,114644.0,20.0,338.0,338.5911989405513,0.059068280754431345,1.5116936431843089,93.38633432878369
621.0,904.0,641.0,904.0,621.0,904.0,400.0,114244.0,114644.0,20.0,338.0,338.5911989405513,0.059068280754431345,1.5116936431843089,93.38633432878369
621.0,905.0,641.0,905.0,621.0,905.0,400.0,113569.0,113969.0,20.0,337.0,337.5929501633587,0.0592429432851668,1.5115186742430817,93.39635931066188
622.0,905.0,642.0,905.0,622.0,905.0,400.0,114244.0,114644.0,20.0,338.0,338.5911989405513,0.059068280754431345,1.5116936431843089,93.38633432878369
622.0,906.0,642.0,906.0,622.0,906.0,400.0,113569.0,113969.0,20.0,337.0,337.5929501633587,0.0592429432851668,1.5115186742430817,93.39635931066188
622.0,906.0,642.0,906.0,622.0,906.0,400.0,113569.0,113969.0,20.0,337.0,337.5929501633587,0.0592429432851668,1.5115186742430817,93.39635931066188
622.0,906.0,642.0,906.0,622.0,906.0,400.0,116964.0,117364.0,20.0,342.0,342.58429619584143,0.05837979213316543,1.5123833220294054,93.34681864174021
621.0,907.0,642.0,907.0,621.0,907.0,441.0,116281.0,116722.0,21.0,341.0,341.6460156360674,0.06146712983291423,1.5092904250718984,93.52402858387421
622.0,907.0,647.0,907.0,622.0,907.0,625.0,116281.0,116906.0,25.0,341.0,341.915194163699,0.07311754618319398,1.497613473501844,94.19306862641699
626.0,906.0,646.0,906.0,626.0,906.0,400.0,116964.0,117364.0,20.0,342.0,342.58429619584143,0.05837979213316543,1.5123833220294054,93.34681864174021
626.0,908.0,646.0,908.0,626.0,908.0,400.0,115600.0,116000.0,20.0,340.0,340.58772731852804,0.058722021951470346,1.512040504079174,93.36646066342979
620.0,909.0,645.0,909.0,620.0,909.0,625.0,114921.0,115546.0,25.0,339.0,339.9205789592622,0.07354659160837722,1.4971832697838907,94.21771748378654
621.0,913.0,646.0,913.0,621.0,913.0,625.0,112225.0,112850.0,25.0,335.0,335.9315406448165,0.07441992482162528,1.4963075365810148,94.26789330029081
620.0,913.0,645.0,913.0,620.0,913.0,625.0,112225.0,112850.0,25.0,335.0,335.9315406448165,0.07441992482162528,1.4963075365810148,94.26789330029081
621.0,913.0,646.0,913.0,621.0,913.0,625.0,112896.0,113521.0,25.0,336.0,336.92877585626314,0.0741996581813636,1.4965284139021569,94.25523796199921
621.0,913.0,646.0,913.0,621.0,913.0,625.0,112896.0,113521.0,25.0,336.0,336.92877585626314,0.0741996581813636,1.4965284139021569,94.25523796199921
585.0,931.0,644.0,931.0,585.0,931.0,3481.0,104329.0,107810.0,59.0,323.0,328.3443314570849,0.1796894124475281,1.390125611166908,100.35166948709202
584.0,932.0,644.0,932.0,584.0,932.0,3600.0,103684.0,107284.0,60.0,322.0,327.54236367224314,0.18318241135989144,1.3865736576445669,100.5551814329488
584.0,932.0,643.0,932.0,584.0,932.0,3481.0,103684.0,107165.0,59.0,322.0,327.3606573795941,0.18022935459707978,1.3895767076336945,100.38311934290499
583.0,932.0,642.0,932.0,583.0,932.0,3481.0,103041.0,106522.0,59.0,321.0,326.377082528783,0.1807724964720733,1.3890244955654927,100.41475876380913
583.0,932.0,643.0,932.0,583.0,932.0,3600.0,103041.0,106641.0,60.0,321.0,326.5593361090753,0.18373383751600714,1.3860127108250722,100.58732131823713
583.0,932.0,642.0,932.0,583.0,932.0,3481.0,103041.0,106522.0,59.0,321.0,326.377082528783,0.1807724964720733,1.3890244955654927,100.41475876380913
584.0,932.0,643.0,932.0,584.0,932.0,3481.0,103041.0,106522.0,59.0,321.0,326.377082528783,0.1807724964720733,1.3890244955654927,100.41475876380913
584.0,932.0,643.0,932.0,584.0,932.0,3481.0,103684.0,107165.0,59.0,322.0,327.3606573795941,0.18022935459707978,1.3895767076336945,100.38311934290499
584.0,932.0,643.0,932.0,584.0,932.0,3481.0,103684.0,107165.0,59.0,322.0,327.3606573795941,0.18022935459707978,1.3895767076336945,100.38311934290499
584.0,932.0,643.0,932.0,584.0,932.0,3481.0,103684.0,107165.0,59.0,322.0,327.3606573795941,0.18022935459707978,1.3895767076336945,100.38311934290499
583.0,932.0,643.0,932.0,583.0,932.0,3600.0,103684.0,107284.0,60.0,322.0,327.54236367224314,0.18318241135989144,1.3865736576445669,100.5551814329488
583.0,932.0,648.0,932.0,583.0,932.0,4225.0,103041.0,107266.0,65.0,321.0,327.5148851579116,0.1984642620705932,1.371005561944624,101.44716761161129
583.0,933.0,643.0,933.0,583.0,933.0,3600.0,103041.0,106641.0,60.0,321.0,326.5593361090753,0.18373383751600714,1.3860127108250722,100.58732131823713
583.0,932.0,643.0,932.0,583.0,932.0,3600.0,103684.0,107284.0,60.0,322.0,327.54236367224314,0.18318241135989144,1.3865736576445669,100.5551814329488
584.0,928.0,643.0,928.0,584.0,928.0,3481.0,106276.0,109757.0,59.0,326.0,331.2959402105616,0.17808850890989308,1.3917527620304975,100.25844060997728
584.0,928.0,648.0,928.0,584.0,928.0,4096.0,106276.0,110372.0,64.0,326.0,332.2228167961978,0.19264179569960369,1.3769426647666798,101.10699667737228
584.0,928.0,648.0,928.0,584.0,928.0,4096.0,105625.0,109721.0,64.0,325.0,331.2416036671722,0.19321244460676645,1.3763610898545118,101.1403184653102
584.0,928.0,648.0,928.0,584.0,928.0,4096.0,105625.0,109721.0,64.0,325.0,331.2416036671722,0.19321244460676645,1.3763610898545118,101.1403184653102
584.0,928.0,648.0,928.0,584.0,928.0,4096.0,105625.0,109721.0,64.0,325.0,331.2416036671722,0.19321244460676645,1.3763610898545118,101.1403184653102
584.0,928.0,648.0,928.0,584.0,928.0,4096.0,105625.0,109721.0,64.0,325.0,331.2416036671722,0.19321244460676645,1.3763610898545118,101.1403184653102
583.0,928.0,647.0,928.0,583.0,928.0,4096.0,105625.0,109721.0,64.0,325.0,331.2416036671722,0.19321244460676645,1.3763610898545118,101.1403184653102
584.0,928.0,648.0,928.0,584.0,928.0,4096.0,105625.0,109721.0,64.0,325.0,331.2416036671722,0.19321244460676645,1.3763610898545118,101.1403184653102
583.0,928.0,647.0,928.0,583.0,928.0,4096.0,105625.0,109721.0,64.0,325.0,331.2416036671722,0.19321244460676645,1.3763610898545118,101.1403184653102
584.0,927.0,643.0,927.0,584.0,927.0,3481.0,106276.0,109757.0,59.0,326.0,331.2959402105616,0.17808850890989308,1.3917527620304975,100.25844060997728
584.0,927.0,643.0,927.0,584.0,927.0,3481.0,106276.0,109757.0,59.0,326.0,331.2959402105616,0.17808850890989308,1.3917527620304975,100.25844060997728
584.0,927.0,643.0,927.0,584.0,927.0,3481.0,106276.0,109757.0,59.0,326.0,331.2959402105616,0.17808850890989308,1.3917527620304975,100.25844060997728
584.0,927.0,643.0,927.0,584.0,927.0,3481.0,106276.0,109757.0,59.0,326.0,331.2959402105616,0.17808850890989308,1.3917527620304975,100.25844060997728
584.0,928.0,643.0,928.0,584.0,928.0,3481.0,105625.0,109106.0,59.0,325.0,330.311973746033,0.17861901683698372,1.3912136095574033,100.28933177119963
584.0,927.0,643.0,927.0,584.0,927.0,3481.0,106276.0,109757.0,59.0,326.0,331.2959402105616,0.17808850890989308,1.3917527620304975,100.25844060997728
584.0,928.0,643.0,928.0,584.0,928.0,3481.0,105625.0,109106.0,59.0,325.0,330.311973746033,0.17861901683698372,1.3912136095574033,100.28933177119963
583.0,928.0,647.0,928.0,583.0,928.0,4096.0,105625.0,109721.0,64.0,325.0,331.2416036671722,0.19321244460676645,1.3763610898545118,101.1403184653102
583.0,928.0,647.0,928.0,583.0,928.0,4096.0,105625.0,109721.0,64.0,325.0,331.2416036671722,0.19321244460676645,1.3763610898545118,101.1403184653102
583.0,928.0,647.0,928.0,583.0,928.0,4096.0,105625.0,109721.0,64.0,325.0,331.2416036671722,0.19321244460676645,1.3763610898545118,101.1403184653102
583.0,928.0,642.0,928.0,583.0,928.0,3481.0,105625.0,109106.0,59.0,325.0,330.311973746033,0.17861901683698372,1.3912136095574033,100.28933177119963
582.0,928.0,646.0,928.0,582.0,928.0,4096.0,105625.0,109721.0,64.0,325.0,331.2416036671722,0.19321244460676645,1.3763610898545118,101.1403184653102
583.0,928.0,647.0,928.0,583.0,928.0,4096.0,106276.0,110372.0,64.0,326.0,332.2228167961978,0.19264179569960369,1.3769426647666798,101.10699667737228
582.0,929.0,642.0,929.0,582.0,929.0,3600.0,104976.0,108576.0,60.0,324.0,329.50872522590356,0.18208926018230742,1.3876855095324125,100.49147701233159
582.0,929.0,646.0,929.0,582.0,929.0,4096.0,105625.0,109721.0,64.0,325.0,331.2416036671722,0.19321244460676645,1.3763610898545118,101.1403184653102
583.0,928.0,647.0,928.0,583.0,928.0,4096.0,106276.0,110372.0,64.0,326.0,332.2228167961978,0.19264179569960369,1.3769426647666798,101.10699667737228
583.0,929.0,647.0,929.0,583.0,929.0,4096.0,105625.0,109721.0,64.0,325.0,331.2416036671722,0.19321244460676645,1.3763610898545118,101.1403184653102
583.0,929.0,647.0,929.0,583.0,929.0,4096.0,105625.0,109721.0,64.0,325.0,331.2416036671722,0.19321244460676645,1.3763610898545118,101.1403184653102
583.0,929.0,647.0,929.0,583.0,929.0,4096.0,105625.0,109721.0,64.0,325.0,331.2416036671722,0.19321244460676645,1.3763610898545118,101.1403184653102
584.0,928.0,643.0,928.0,584.0,928.0,3481.0,106276.0,109757.0,59.0,326.0,331.2959402105616,0.17808850890989308,1.3917527620304975,100.25844060997728
583.0,929.0,647.0,929.0,583.0,929.0,4096.0,105625.0,109721.0,64.0,325.0,331.2416036671722,0.19321244460676645,1.3763610898545118,101.1403184653102
583.0,929.0,647.0,929.0,583.0,929.0,4096.0,105625.0,109721.0,64.0,325.0,331.2416036671722,0.19321244460676645,1.3763610898545118,101.1403184653102
583.0,929.0,647.0,929.0,583.0,929.0,4096.0,105625.0,109721.0,64.0,325.0,331.2416036671722,0.19321244460676645,1.3763610898545118,101.1403184653102
583.0,928.0,648.0,928.0,583.0,928.0,4225.0,106276.0,110501.0,65.0,326.0,332.4169069105842,0.19553758743529898,1.3739907373780413,101.27612965817035
583.0,929.0,647.0,929.0,583.0,929.0,4096.0,105625.0,109721.0,64.0,325.0,331.2416036671722,0.19321244460676645,1.3763610898545118,101.1403184653102
583.0,929.0,647.0,929.0,583.0,929.0,4096.0,105625.0,109721.0,64.0,325.0,331.2416036671722,0.19321244460676645,1.3763610898545118,101.1403184653102
583.0,929.0,647.0,929.0,583.0,929.0,4096.0,105625.0,109721.0,64.0,325.0,331.2416036671722,0.19321244460676645,1.3763610898545118,101.1403184653102
583.0,929.0,647.0,929.0,583.0,929.0,4096.0,105625.0,109721.0,64.0,325.0,331.2416036671722,0.19321244460676645,1.3763610898545118,101.1403184653102
582.0,930.0,641.0,930.0,582.0,930.0,3481.0,104976.0,108457.0,59.0,324.0,329.3281038721111,0.1791526423232669,1.3906712354827517,100.32040751659447
578.0,929.0,647.0,929.0,578.0,929.0,4761.0,105625.0,110386.0,69.0,325.0,332.24388632448904,0.20767876502808097,1.361594940021932,101.98635653037483
577.0,930.0,641.0,930.0,577.0,930.0,4096.0,104976.0,109072.0,64.0,324.0,330.26050323948823,0.19378641821298997,1.3757760593899753,101.17383824181472
578.0,929.0,642.0,929.0,578.0,929.0,4096.0,105625.0,109721.0,64.0,325.0,331.2416036671722,0.19321244460676645,1.3763610898545118,101.1403184653102
578.0,929.0,642.0,929.0,578.0,929.0,4096.0,105625.0,109721.0,64.0,325.0,331.2416036671722,0.19321244460676645,1.3763610898545118,101.1403184653102
578.0,929.0,646.0,929.0,578.0,929.0,4624.0,105625.0,110249.0,68.0,325.0,332.03764846776033,0.20479605344091745,1.3645409869571605,101.81756047473878
578.0,929.0,646.0,929.0,578.0,929.0,4624.0,105625.0,110249.0,68.0,325.0,332.03764846776033,0.20479605344091745,1.3645409869571605,101.81756047473878
577.0,929.0,641.0,929.0,577.0,929.0,4096.0,105625.0,109721.0,64.0,325.0,331.2416036671722,0.19321244460676645,1.3763610898545118,101.1403184653102
577.0,929.0,645.0,929.0,577.0,929.0,4624.0,105625.0,110249.0,68.0,325.0,332.03764846776033,0.20479605344091745,1.3645409869571605,101.81756047473878
572.0,929.0,645.0,929.0,572.0,929.0,5329.0,104976.0,110305.0,73.0,324.0,332.12196554880256,0.21979877145245083,1.3491881339965694,102.69721415286558
571.0,930.0,645.0,930.0,571.0,930.0,5476.0,104329.0,109805.0,74.0,323.0,331.36837507523256,0.2233164223447676,1.34558082960062,102.90389747017248
566.0,931.0,644.0,931.0,566.0,931.0,6084.0,104329.0,110413.0,78.0,323.0,332.2845166419886,0.23473859326415467,1.3338466882128903,103.57621424789917
566.0,931.0,644.0,931.0,566.0,931.0,6084.0,103684.0,109768.0,78.0,322.0,331.3125412657963,0.23542724854904995,1.3331381771133508,103.61680894364096
566.0,931.0,644.0,931.0,566.0,931.0,6084.0,103684.0,109768.0,78.0,322.0,331.3125412657963,0.23542724854904995,1.3331381771133508,103.61680894364096
561.0,932.0,644.0,932.0,561.0,932.0,6889.0,103684.0,110573.0,83.0,322.0,332.52518701596125,0.24960515245425902,1.3185238469890888,104.45414838017207
561.0,933.0,643.0,933.0,561.0,933.0,6724.0,103041.0,109765.0,82.0,321.0,331.30801378777426,0.24750382299091228,1.3206932575716652,104.32985030975942
555.0,928.0,643.0,928.0,555.0,928.0,7744.0,106276.0,114020.0,88.0,326.0,337.6684764676738,0.26061064663353184,1.3071416744002717,105.10629883120079
555.0,933.0,642.0,933.0,555.0,933.0,7569.0,103041.0,110610.0,87.0,321.0,332.58081724597406,0.26159055329897607,1.3061265548045191,105.16446089973844
554.0,930.0,642.0,930.0,554.0,930.0,7744.0,104976.0,112720.0,88.0,324.0,335.7379930838927,0.2621091500300085,1.3055892093430719,105.19524852681988
549.0,935.0,641.0,935.0,549.0,935.0,8464.0,102400.0,110864.0,92.0,320.0,332.9624603465081,0.2763074248798415,1.2908465042711055,106.03994330604966
544.0,934.0,640.0,934.0,544.0,934.0,9216.0,100489.0,109705.0,96.0,317.0,331.2174512310606,0.28983980053946323,1.2767368776962784,106.84836535929288
539.0,936.0,639.0,936.0,539.0,936.0,10000.0,99225.0,109225.0,100.0,315.0,330.49205739321485,0.3025791324268389,1.263398853672075,107.61257784292383
534.0,937.0,639.0,937.0,534.0,937.0,11025.0,99225.0,110250.0,105.0,315.0,332.03915431767985,0.31622776601683794,1.2490457723982544,108.43494882292201
529.0,940.0,638.0,940.0,529.0,940.0,11881.0,94864.0,106745.0,109.0,308.0,326.71853329739344,0.33362049865957083,1.230654816110129,109.48867299944118
524.0,942.0,641.0,942.0,524.0,942.0,13689.0,96100.0,109789.0,117.0,310.0,331.34423187977785,0.35310709752283026,1.209906267256795,110.67747727975822
515.0,947.0,637.0,947.0,515.0,947.0,14884.0,90601.0,105485.0,122.0,301.0,324.7845439672276,0.3756336385647416,1.1857159392714023,112.06348097835843
511.0,947.0,638.0,947.0,511.0,947.0,16129.0,91204.0,107333.0,127.0,302.0,327.6171546180084,0.38764758868649024,1.1727180623252047,112.80820447000593
507.0,950.0,638.0,950.0,507.0,950.0,17161.0,89401.0,106562.0,131.0,299.0,326.4383555895355,0.4013008819488105,1.157859661776515,113.65952811176074
500.0,952.0,637.0,952.0,500.0,952.0,18769.0,87616.0,106385.0,137.0,296.0,326.16713507035007,0.4200300559725334,1.1373178878219035,114.83648506307172
491.0,956.0,635.0,956.0,491.0,956.0,20736.0,85849.0,106585.0,144.0,293.0,326.47358239220523,0.4410770358350382,1.1139979257580255,116.17262046773712
481.0,962.0,634.0,962.0,481.0,962.0,23409.0,82944.0,106353.0,153.0,288.0,326.1180767758819,0.46915522596174936,1.082462375738491,117.97947438848016
477.0,962.0,634.0,962.0,477.0,962.0,24649.0,81225.0,105874.0,157.0,285.0,325.38285142275095,0.4825085259211127,1.067279896633883,118.84936636371975
467.0,960.0,635.0,960.0,467.0,960.0,28224.0,84681.0,112905.0,168.0,291.0,336.0133925902359,0.49998007134457845,1.0472205626728825,119.99868153952852
456.0,968.0,633.0,968.0,456.0,968.0,31329.0,78400.0,109729.0,177.0,280.0,331.25367922485026,0.5343336877470724,1.0070770561898732,122.298735035861
450.0,970.0,634.0,970.0,450.0,970.0,33856.0,77841.0,111697.0,184.0,279.0,334.2110111890391,0.5505503823628494,0.9877729352098308,123.40477969522738
439.0,975.0,630.0,975.0,439.0,975.0,36481.0,75625.0,112106.0,191.0,275.0,334.82234095113785,0.5704517788670306,0.963740519648083,124.78173567842005
428.0,978.0,628.0,978.0,428.0,978.0,40000.0,75625.0,115625.0,200.0,275.0,340.03676271838606,0.5881716976750462,0.9420000403794637,126.0273733851036
419.0,979.0,624.0,979.0,419.0,979.0,42025.0,73984.0,116009.0,205.0,272.0,340.60093951720097,0.6018773767640977,0.9249464260789858,127.00447350996492
409.0,983.0,621.0,983.0,409.0,983.0,44944.0,70756.0,115700.0,212.0,266.0,340.14702703389895,0.6232598939601262,0.897891929797607,128.5545819637403
399.0,981.0,617.0,981.0,399.0,981.0,47524.0,71289.0,118813.0,218.0,267.0,344.6926166891307,0.6324475473073695,0.88608743198657,129.23092986758417
389.0,988.0,612.0,988.0,389.0,988.0,49729.0,67081.0,116810.0,223.0,259.0,341.77477964296895,0.6524764648607319,0.8599485413429759,130.7285779826161
378.0,986.0,611.0,986.0,378.0,986.0,54289.0,67600.0,121889.0,233.0,260.0,349.1260517348999,0.6673807320942143,0.8401102403141115,131.86522890428006
366.0,993.0,607.0,993.0,366.0,993.0,58081.0,64516.0,122597.0,241.0,254.0,350.1385440079398,0.6882989722906229,0.8116547541562379,133.49560816511917
355.0,993.0,606.0,993.0,355.0,993.0,63001.0,65025.0,128026.0,251.0,255.0,357.8072106595953,0.7014950859634639,0.7933031370763173,134.5470783710388
347.0,997.0,598.0,997.0,347.0,997.0,63001.0,58564.0,121565.0,251.0,242.0,348.66172717979816,0.7198954758534886,0.7671446128873525,136.04585140535735
336.0,999.0,596.0,999.0,336.0,999.0,67600.0,58564.0,126164.0,260.0,242.0,355.1957206949431,0.7319908007092767,0.7495569447079967,137.05355056351098
325.0,997.0,592.0,997.0,325.0,997.0,71289.0,55225.0,126514.0,267.0,235.0,355.6880655855633,0.7506577415254075,0.7217392746720743,138.64738565245688
313.0,995.0,580.0,995.0,313.0,995.0,71289.0,52900.0,124189.0,267.0,230.0,352.40459701882435,0.7576518645292749,0.7110885632425732,139.25762646617903
305.0,993.0,570.0,993.0,305.0,993.0,70225.0,54756.0,124981.0,265.0,234.0,353.52651951444886,0.749590159074811,0.7233536515749034,138.55488866938137
297.0,993.0,569.0,993.0,297.0,993.0,73984.0,51529.0,125513.0,272.0,227.0,354.27813931994166,0.767758350888148,0.6954610805522157,140.15301526875027
288.0,991.0,563.0,991.0,288.0,991.0,75625.0,51076.0,126701.0,275.0,226.0,355.95083930228344,0.7725785969181611,0.6879038502351865,140.58601267072436
283.0,992.0,560.0,992.0,283.0,992.0,76729.0,47961.0,124690.0,277.0,219.0,353.1147122395214,0.7844476324512585,0.6689913372927532,141.66961984231233
276.0,988.0,559.0,988.0,276.0,988.0,80089.0,48841.0,128930.0,283.0,221.0,359.06823863995544,0.7881510240836687,0.6629972455037293,142.01305600383742
271.0,984.0,555.0,984.0,271.0,984.0,80656.0,45369.0,126025.0,284.0,213.0,355.0,0.8,0.6435011087932843,143.13010235415598
266.0,982.0,554.0,982.0,266.0,982.0,82944.0,43681.0,126625.0,288.0,209.0,355.8440669731617,0.8093432678244468,0.6277632289316891,144.03181644870932
261.0,975.0,556.0,975.0,261.0,975.0,87025.0,43264.0,130289.0,295.0,208.0,360.95567594927775,0.8172748613086057,0.6141303997158214,144.8129200256012
254.0,967.0,554.0,967.0,254.0,967.0,90000.0,41616.0,131616.0,300.0,204.0,362.7891949879434,0.8269265020695281,0.5971766580926776,145.7842978675626
250.0,962.0,549.0,962.0,250.0,962.0,89401.0,40804.0,130205.0,299.0,202.0,360.83929941180185,0.8286237127923564,0.5941516421111944,145.95761851626122
249.0,954.0,546.0,954.0,249.0,954.0,88209.0,40000.0,128209.0,297.0,200.0,358.0628436461957,0.8294633337980963,0.5926501301168404,146.04364881642596
248.0,947.0,545.0,947.0,248.0,947.0,88209.0,39204.0,127413.0,297.0,198.0,356.9495762709349,0.8320502943378437,0.5880026035475675,146.30993247402023
245.0,939.0,544.0,939.0,245.0,939.0,89401.0,36100.0,125501.0,299.0,190.0,354.2612030691478,0.8440100056388014,0.5660797263829648,147.5660208103357
241.0,930.0,539.0,930.0,241.0,930.0,88804.0,36864.0,125668.0,298.0,192.0,354.4968265020154,0.8406281177197106,0.5723544286355979,147.20650685355858
239.0,918.0,533.0,918.0,239.0,918.0,86436.0,37249.0,123685.0,294.0,193.0,351.6887828748594,0.8359663836779615,0.5809049309382434,146.7165991589001
238.0,911.0,535.0,911.0,238.0,911.0,88209.0,37636.0,125845.0,297.0,194.0,354.7463882832354,0.8372178260568232,0.5786205488906985,146.8474846090199
234.0,901.0,523.0,901.0,234.0,901.0,83521.0,38416.0,121937.0,289.0,196.0,349.1947880481609,0.8276183090113624,0.5959452482765307,145.8548524528788
232.0,887.0,519.0,887.0,232.0,887.0,82369.0,40401.0,122770.0,287.0,201.0,350.3855019831728,0.8190978176197004,0.610959773129395,144.9945835474154
229.0,876.0,520.0,876.0,229.0,876.0,84681.0,41616.0,126297.0,291.0,204.0,355.38289210371397,0.8188351394109183,0.6114175272111868,144.96835617047384
229.0,864.0,520.0,864.0,229.0,864.0,84681.0,40804.0,125485.0,291.0,202.0,354.2386201418473,0.8214801646513732,0.6067944397798446,145.23323956860972
228.0,856.0,522.0,856.0,228.0,856.0,86436.0,42025.0,128461.0,294.0,205.0,358.41456443621263,0.8202791660056087,0.6088973949986818,145.11274911006532
226.0,843.0,520.0,843.0,226.0,843.0,86436.0,45369.0,131805.0,294.0,213.0,363.0495833904785,0.8098067411463956,0.6269736881905636,144.07705380092943
227.0,831.0,518.0,831.0,227.0,831.0,84681.0,45796.0,130477.0,291.0,214.0,361.2160018603827,0.8056121503511836,0.6340883192434904,143.669415468804
222.0,822.0,512.0,822.0,222.0,822.0,84100.0,47524.0,131624.0,290.0,218.0,362.8002205070995,0.7993379926689573,0.6446036441789572,143.0669317297931
221.0,808.0,508.0,808.0,221.0,808.0,82369.0,52441.0,134810.0,287.0,229.0,367.16481312892716,0.7816653168756182,0.673464890172642,141.4133041428661
225.0,797.0,502.0,797.0,225.0,797.0,76729.0,55225.0,131954.0,277.0,235.0,363.2547315589984,0.762550287538404,0.7035501735943717,139.6895443773461
224.0,784.0,498.0,784.0,224.0,784.0,75076.0,58564.0,133640.0,274.0,242.0,365.5680511204446,0.7495184526115073,0.7234619788466441,138.54868197390445
222.0,774.0,496.0,774.0,222.0,774.0,75076.0,61009.0,136085.0,274.0,247.0,368.89700459613385,0.7427547434275686,0.7336210657465904,137.96660917083088
225.0,761.0,496.0,761.0,225.0,761.0,73441.0,62500.0,135941.0,271.0,250.0,368.70177650778953,0.7350113757704517,0.745112868894528,137.3081773514589
227.0,756.0,498.0,756.0,227.0,756.0,73441.0,62500.0,135941.0,271.0,250.0,368.70177650778953,0.7350113757704517,0.745112868894528,137.3081773514589
226.0,740.0,496.0,740.0,226.0,740.0,72900.0,72900.0,145800.0,270.0,270.0,381.8376618407357,0.7071067811865475,0.7853981633974484,135.0
226.0,727.0,492.0,727.0,226.0,727.0,70756.0,77284.0,148040.0,266.0,278.0,384.7596652457219,0.6913406576287627,0.8074534100909632,133.73632744834174
227.0,719.0,492.0,719.0,227.0,719.0,70225.0,76729.0,146954.0,265.0,277.0,383.3457968988313,0.691281871729863,0.8075347682293095,133.73166597038545
231.0,708.0,484.0,708.0,231.0,708.0,64009.0,82369.0,146378.0,253.0,287.0,382.593779353507,0.6612757803524933,0.848278121619882,131.3972437778956
234.0,695.0,479.0,695.0,234.0,695.0,60025.0,89401.0,149426.0,245.0,299.0,386.55659352803696,0.6338011150293059,0.8843387490350928,129.33112202041028
232.0,687.0,473.0,687.0,232.0,687.0,58081.0,93025.0,151106.0,241.0,305.0,388.7235521549987,0.6199778702986956,0.9020818282874713,128.31451846368287
235.0,680.0,467.0,680.0,235.0,680.0,53824.0,99225.0,153049.0,232.0,315.0,391.21477477211926,0.5930246375156432,0.9359862057194013,126.37194072981467
235.0,673.0,459.0,673.0,235.0,673.0,50176.0,101761.0,151937.0,224.0,319.0,389.7909696234637,0.5746669816809327,0.9585991570778974,125.07631405463822
234.0,665.0,460.0,665.0,234.0,665.0,51076.0,104976.0,156052.0,226.0,324.0,395.03417573673295,0.5721023999468231,0.9617294235131211,124.89696299914844
240.0,654.0,456.0,654.0,240.0,654.0,46656.0,110889.0,157545.0,216.0,333.0,396.91938728159903,0.5441911050990218,0.9953716762596118,122.96940390346212
246.0,645.0,450.0,645.0,246.0,645.0,41616.0,119716.0,161332.0,204.0,346.0,401.66154906836675,0.5078902884111448,1.0380624138808823,120.52340481346296
244.0,639.0,450.0,639.0,244.0,639.0,42436.0,117649.0,160085.0,206.0,343.0,400.10623589241897,0.5148632576058862,1.029948193888754,120.98831537305259
247.0,634.0,448.0,634.0,247.0,634.0,40401.0,123904.0,164305.0,201.0,352.0,405.34553161469535,0.4958732348653649,1.0519562100908426,119.72734892921738
253.0,631.0,449.0,631.0,253.0,631.0,38416.0,124609.0,163025.0,196.0,353.0,403.7635446644484,0.4854326315241949,1.0639383804926994,119.0408211357844
255.0,620.0,441.0,620.0,255.0,620.0,34596.0,132496.0,167092.0,186.0,364.0,408.7688833558641,0.4550248504069058,1.0983962060708308,117.06653315895954
257.0,619.0,438.0,619.0,257.0,619.0,32761.0,131044.0,163805.0,181.0,362.0,404.7283039274619,0.447213595499958,1.1071487177940904,116.56505117707799
260.0,614.0,437.0,614.0,260.0,614.0,31329.0,134689.0,166018.0,177.0,367.0,407.4530647816997,0.4344058624146831,1.1214177822227314,115.74749400771661
261.0,608.0,437.0,608.0,261.0,608.0,30976.0,143641.0,174617.0,176.0,379.0,417.8719899682198,0.42118161596182896,1.1360485922659622,114.90921034138186
268.0,606.0,424.0,606.0,268.0,606.0,24336.0,143641.0,167977.0,156.0,379.0,409.84997255093236,0.3806270841719131,1.1803219970977579,112.37253109984587
273.0,601.0,414.0,601.0,273.0,601.0,19881.0,151321.0,171202.0,141.0,389.0,413.76563414570813,0.340772621900123,1.2230577407669514,109.92395335324815
271.0,593.0,413.0,593.0,271.0,593.0,20164.0,157609.0,177773.0,142.0,397.0,421.6313555702422,0.3367870964149471,1.2272937648408617,109.68124705189729
275.0,595.0,412.0,595.0,275.0,595.0,18769.0,157609.0,176378.0,137.0,397.0,419.9738087071621,0.32621081876924113,1.2385039942403078,109.03894821993555
279.0,591.0,405.0,591.0,279.0,591.0,15876.0,164836.0,180712.0,126.0,406.0,425.10234061929134,0.2963992148724529,1.2698760924344714,107.24145939893998
279.0,592.0,404.0,592.0,279.0,592.0,15625.0,162409.0,178034.0,125.0,403.0,421.9407541349852,0.2962501222624507,1.270032196086029,107.23251531853914
281.0,587.0,390.0,587.0,281.0,587.0,11881.0,168100.0,179981.0,109.0,410.0,424.2416764062673,0.2569290243319191,1.3109531210541445,104.88791902409461
281.0,590.0,391.0,590.0,281.0,590.0,12100.0,163216.0,175316.0,110.0,404.0,418.70753516028344,0.2627132085356224,1.3049632135222693,105.23111544534468
286.0,588.0,384.0,588.0,286.0,588.0,9604.0,164025.0,173629.0,98.0,405.0,416.6881327803805,0.2351878834323603,1.3333844575493583,103.6026981140811
285.0,586.0,377.0,586.0,285.0,586.0,8464.0,171396.0,179860.0,92.0,414.0,424.09904503547284,0.21693045781865614,1.3521273809209546,102.52880770915151
288.0,589.0,372.0,589.0,288.0,589.0,7056.0,169744.0,176800.0,84.0,412.0,420.47592083257274,0.19977362754488753,1.3696694409783572,101.52372170389732
289.0,587.0,366.0,587.0,289.0,587.0,5929.0,170569.0,176498.0,77.0,413.0,420.1166504674624,0.1832824286167243,1.3864719178951976,100.56101069119637
298.0,589.0,360.0,589.0,298.0,589.0,3844.0,162409.0,166253.0,62.0,403.0,407.74133957694306,0.1520571842539411,1.4181469983996315,98.7461622625552
298.0,594.0,360.0,594.0,298.0,594.0,3844.0,157609.0,161453.0,62.0,397.0,401.81214516238805,0.15430096065150886,1.4158764251966074,98.87625652416399
298.0,597.0,360.0,597.0,298.0,597.0,3844.0,156025.0,159869.0,62.0,395.0,399.8362164686936,0.15506349211578857,1.4151046042878663,98.9204786047748
298.0,595.0,359.0,595.0,298.0,595.0,3721.0,156816.0,160537.0,61.0,396.0,400.67068772247364,0.15224472832475314,1.4179572450812257,98.75703432684845
304.0,595.0,365.0,595.0,304.0,595.0,3721.0,162409.0,166130.0,61.0,403.0,407.5904807524337,0.14966002122373112,1.4205719143703548,98.6072248117589
302.0,597.0,363.0,597.0,302.0,597.0,3721.0,160000.0,163721.0,61.0,400.0,404.6245172996812,0.1507570534951567,1.419462292643024,98.67080145359095
300.0,593.0,367.0,593.0,300.0,593.0,4489.0,167281.0,171770.0,67.0,409.0,414.4514446832101,0.16165946785687305,1.4084243181665643,99.30323080546522
305.0,593.0,366.0,593.0,305.0,593.0,3721.0,167281.0,171002.0,61.0,409.0,413.5238808098028,0.14751264154453148,1.4227433991979859,98.48280789585894
305.0,593.0,366.0,593.0,305.0,593.0,3721.0,172225.0,175946.0,61.0,415.0,419.4591756059223,0.145425356143142,1.4248534412652651,98.36191139080877
305.0,591.0,358.0,591.0,305.0,591.0,2809.0,173889.0,176698.0,53.0,417.0,420.3546122026021,0.12608402158902712,1.4443758291365123,97.24336095976892
305.0,591.0,358.0,591.0,305.0,591.0,2809.0,173056.0,175865.0,53.0,416.0,419.36261159049457,0.12638227284733297,1.444075172807112,97.26058729852745
310.0,590.0,357.0,590.0,310.0,590.0,2209.0,173889.0,176098.0,47.0,417.0,419.6403221807933,0.11200067656928123,1.4585601595647226,96.43065869101348
310.0,589.0,356.0,589.0,310.0,589.0,2116.0,180625.0,182741.0,46.0,425.0,427.48216337059023,0.10760682887281535,1.4629807409586524,96.17737803414725
316.0,584.0,355.0,584.0,316.0,584.0,1521.0,178084.0,179605.0,39.0,422.0,423.79830108201236,0.09202490878426815,1.4786410337445235,95.28010935157766
316.0,585.0,356.0,585.0,316.0,585.0,1600.0,183184.0,184784.0,40.0,428.0,429.8650951170611,0.09305244937160385,1.4776090650260174,95.33923680373759
314.0,586.0,353.0,586.0,314.0,586.0,1521.0,177241.0,178762.0,39.0,421.0,422.8025543915268,0.09224163760345905,1.4784233791713544,95.29258004001197
313.0,585.0,353.0,585.0,313.0,585.0,1600.0,177241.0,178841.0,40.0,421.0,422.89596829480416,0.09458591000828762,1.4760688105616002,95.42748688392487
313.0,582.0,353.0,582.0,313.0,582.0,1600.0,180625.0,182225.0,40.0,425.0,426.8782027698299,0.0937035429320521,1.4769551141655601,95.37670542805074
313.0,584.0,352.0,584.0,313.0,584.0,1521.0,179776.0,181297.0,39.0,424.0,425.7898542708598,0.0915944793160589,1.4790732888146099,95.25534296038859
313.0,589.0,352.0,589.0,313.0,589.0,1521.0,181476.0,182997.0,39.0,426.0,427.7814862754114,0.09116804081346168,1.4795015190445482,95.2308071755532
316.0,588.0,348.0,588.0,316.0,588.0,1024.0,180625.0,181649.0,32.0,425.0,426.20300327426133,0.07508159199762378,1.4956440130185331,94.3059104000285
315.0,587.0,348.0,587.0,315.0,587.0,1089.0,181476.0,182565.0,33.0,426.0,427.2762572388033,0.07723340447994144,1.4934859326154049,94.42955929897764
315.0,587.0,347.0,587.0,315.0,587.0,1024.0,181476.0,182500.0,32.0,426.0,427.20018726587654,0.07490633420552356,1.4958197657326522,94.2958405112715
314.0,586.0,353.0,586.0,314.0,586.0,1521.0,181476.0,182997.0,39.0,426.0,427.7814862754114,0.09116804081346168,1.4795015190445482,95.2308071755532
314.0,587.0,353.0,587.0,314.0,587.0,1521.0,180625.0,182146.0,39.0,425.0,426.7856604901341,0.09138076465645815,1.4792879035228783,95.24304644338336
314.0,586.0,353.0,586.0,314.0,586.0,1521.0,181476.0,182997.0,39.0,426.0,427.7814862754114,0.09116804081346168,1.4795015190445482,95.2308071755532
314.0,587.0,353.0,587.0,314.0,587.0,1521.0,180625.0,182146.0,39.0,425.0,426.7856604901341,0.09138076465645815,1.4792879035228783,95.24304644338336
314.0,586.0,353.0,586.0,314.0,586.0,1521.0,181476.0,182997.0,39.0,426.0,427.7814862754114,0.09116804081346168,1.4795015190445482,95.2308071755532
315.0,587.0,353.0,587.0,315.0,587.0,1444.0,180625.0,182069.0,38.0,425.0,426.6954417380153,0.08905649388992404,1.481621692056007,95.10933021015907
315.0,587.0,354.0,587.0,315.0,587.0,1521.0,181476.0,182997.0,39.0,426.0,427.7814862754114,0.09116804081346168,1.4795015190445482,95.2308071755532
315.0,586.0,354.0,586.0,315.0,586.0,1521.0,182329.0,183850.0,39.0,427.0,428.7773314903669,0.09095630094166064,1.4797141423219577,95.21862475913139
316.0,586.0,355.0,586.0,316.0,586.0,1521.0,182329.0,183850.0,39.0,427.0,428.7773314903669,0.09095630094166064,1.4797141423219577,95.21862475913139
317.0,586.0,349.0,586.0,317.0,586.0,1024.0,182329.0,183353.0,32.0,427.0,428.1973843918246,0.07473189040014828,1.4959946998572358,94.28581752424006
316.0,585.0,355.0,585.0,316.0,585.0,1521.0,183184.0,184705.0,39.0,428.0,429.7731959999367,0.0907455382582904,1.4799257802334589,95.20649880001741
316.0,586.0,355.0,586.0,316.0,586.0,1521.0,182329.0,183850.0,39.0,427.0,428.7773314903669,0.09095630094166064,1.4797141423219577,95.21862475913139
317.0,586.0,355.0,586.0,317.0,586.0,1444.0,183184.0,184628.0,38.0,428.0,429.6836045277967,0.08843716539233634,1.482243473981288,95.07370473006294
317.0,587.0,356.0,587.0,317.0,587.0,1521.0,182329.0,183850.0,39.0,427.0,428.7773314903669,0.09095630094166064,1.4797141423219577,95.21862475913139
317.0,585.0,350.0,585.0,317.0,585.0,1089.0,178084.0,179173.0,33.0,422.0,423.28831781659176,0.07796104596087317,1.4927560904904442,94.47137617244874
318.0,584.0,350.0,584.0,318.0,584.0,1024.0,178929.0,179953.0,32.0,423.0,424.20867506452527,0.07543457237203498,1.495290028774556,94.32619220322252
318.0,583.0,357.0,583.0,318.0,583.0,1521.0,179776.0,181297.0,39.0,424.0,425.7898542708598,0.0915944793160589,1.4790732888146099,95.25534296038859
318.0,583.0,357.0,583.0,318.0,583.0,1521.0,179776.0,181297.0,39.0,424.0,425.7898542708598,0.0915944793160589,1.4790732888146099,95.25534296038859
319.0,582.0,358.0,582.0,319.0,582.0,1521.0,181476.0,182997.0,39.0,426.0,427.7814862754114,0.09116804081346168,1.4795015190445482,95.2308071755532
319.0,586.0,359.0,586.0,319.0,586.0,1600.0,177241.0,178841.0,40.0,421.0,422.89596829480416,0.09458591000828762,1.4760688105616002,95.42748688392487
319.0,584.0,359.0,584.0,319.0,584.0,1600.0,178929.0,180529.0,40.0,423.0,424.88704381282326,0.09414266822789098,1.476514039073557,95.40197716927086
319.0,584.0,359.0,584.0,319.0,584.0,1600.0,178929.0,180529.0,40.0,423.0,424.88704381282326,0.09414266822789098,1.476514039073557,95.40197716927086
319.0,585.0,358.0,585.0,319.0,585.0,1521.0,178929.0,180450.0,39.0,423.0,424.7940677551889,0.09180919170103832,1.4788576679126755,95.26769712804423
318.0,584.0,358.0,584.0,318.0,584.0,1600.0,179776.0,181376.0,40.0,424.0,425.88261293459726,0.09392259459566807,1.4767350921669102,95.38931175997341
318.0,584.0,358.0,584.0,318.0,584.0,1600.0,179776.0,181376.0,40.0,424.0,425.88261293459726,0.09392259459566807,1.4767350921669102,95.38931175997341
318.0,584.0,358.0,584.0,318.0,584.0,1600.0,179776.0,181376.0,40.0,424.0,425.88261293459726,0.09392259459566807,1.4767350921669102,95.38931175997341
318.0,582.0,358.0,582.0,318.0,582.0,1600.0,181476.0,183076.0,40.0,426.0,427.873813173931,0.09348550616660424,1.4771741122458257,95.36415776233005
318.0,582.0,358.0,582.0,318.0,582.0,1600.0,181476.0,183076.0,40.0,426.0,427.873813173931,0.09348550616660424,1.4771741122458257,95.36415776233005
318.0,582.0,358.0,582.0,318.0,582.0,1600.0,180625.0,182225.0,40.0,425.0,426.8782027698299,0.0937035429320521,1.4769551141655601,95.37670542805074
318.0,587.0,359.0,587.0,318.0,587.0,1681.0,176400.0,178081.0,41.0,420.0,421.9964454826604,0.09715721646211037,1.473485604383247,95.57549369555663
319.0,586.0,359.0,586.0,319.0,586.0,1600.0,177241.0,178841.0,40.0,421.0,422.89596829480416,0.09458591000828762,1.4760688105616002,95.42748688392487
320.0,589.0,360.0,589.0,320.0,589.0,1600.0,174724.0,176324.0,40.0,418.0,419.90951406225605,0.09525861801280734,1.4753930512798539,95.46620503873574
319.0,589.0,360.0,589.0,319.0,589.0,1681.0,173889.0,175570.0,41.0,417.0,419.0107397191628,0.09784952058145284,1.4727899857623779,95.61534970668315
319.0,589.0,360.0,589.0,319.0,589.0,1681.0,174724.0,176405.0,41.0,418.0,420.0059523387734,0.09761766415855394,1.4730229575117584,95.60200140869786
320.0,583.0,360.0,583.0,320.0,583.0,1600.0,179776.0,181376.0,40.0,424.0,425.88261293459726,0.09392259459566807,1.4767350921669102,95.38931175997341
320.0,584.0,367.0,584.0,320.0,584.0,2209.0,178929.0,181138.0,47.0,423.0,425.60310149245856,0.11043152607484655,1.460139105621001,96.3401917459099
320.0,583.0,367.0,583.0,320.0,583.0,2209.0,179776.0,181985.0,47.0,424.0,426.5969995206249,0.11017423951132987,1.4603979717814106,96.32535980745968
320.0,589.0,361.0,589.0,320.0,589.0,1681.0,174724.0,176405.0,41.0,418.0,420.0059523387734,0.09761766415855394,1.4730229575117584,95.60200140869786
321.0,589.0,361.0,589.0,321.0,589.0,1600.0,174724.0,176324.0,40.0,418.0,419.90951406225605,0.09525861801280734,1.4753930512798539,95.46620503873574
321.0,588.0,368.0,588.0,321.0,588.0,2209.0,175561.0,177770.0,47.0,419.0,421.62779794505957,0.11147272601348822,1.4590914370676955,96.40021873234289
321.0,585.0,362.0,585.0,321.0,585.0,1681.0,177241.0,178922.0,41.0,421.0,422.9917256873945,0.09692860997073126,1.4737152949691763,95.562333394389
321.0,585.0,362.0,585.0,321.0,585.0,1681.0,177241.0,178922.0,41.0,421.0,422.9917256873945,0.09692860997073126,1.4737152949691763,95.562333394389
318.0,588.0,366.0,588.0,318.0,588.0,2304.0,175561.0,177865.0,48.0,419.0,421.74044150401323,0.11381407917348907,1.4567350862996808,96.53522768640254
324.0,586.0,366.0,586.0,324.0,586.0,1764.0,177241.0,179005.0,42.0,421.0,423.08982497810086,0.09926970000324144,1.4713628577424842,95.69711811904791
319.0,588.0,367.0,588.0,319.0,588.0,2304.0,175561.0,177865.0,48.0,419.0,421.74044150401323,0.11381407917348907,1.4567350862996808,96.53522768640254
320.0,584.0,367.0,584.0,320.0,584.0,2209.0,173889.0,176098.0,47.0,417.0,419.6403221807933,0.11200067656928123,1.4585601595647226,96.43065869101348
317.0,591.0,365.0,591.0,317.0,591.0,2304.0,169744.0,172048.0,48.0,412.0,414.78669216839637,0.11572213117317855,1.4548143423145719,96.64527821027443
318.0,585.0,366.0,585.0,318.0,585.0,2304.0,174724.0,177028.0,48.0,418.0,420.7469548315234,0.11408282210674653,1.4564645814766404,96.55072647110069
319.0,585.0,367.0,585.0,319.0,585.0,2304.0,175561.0,177865.0,48.0,419.0,421.74044150401323,0.11381407917348907,1.4567350862996808,96.53522768640254
320.0,590.0,368.0,590.0,320.0,590.0,2304.0,171396.0,173700.0,48.0,414.0,416.77331968349415,0.11517052011979113,1.4553696664279718,96.61346048231476
320.0,583.0,369.0,583.0,320.0,583.0,2401.0,177241.0,179642.0,49.0,421.0,423.8419516753857,0.11560913167351677,1.4549281053683916,96.63876006742603
314.0,585.0,369.0,585.0,314.0,585.0,3025.0,176400.0,179425.0,55.0,420.0,423.5858826731599,0.12984379850647232,1.4405848838305002,97.46056612616835
314.0,590.0,369.0,590.0,314.0,590.0,3025.0,172225.0,175250.0,55.0,415.0,418.6287137786896,0.13138133670657876,1.4390340603169702,97.54942176826327
314.0,589.0,369.0,589.0,314.0,589.0,3025.0,173056.0,176081.0,55.0,416.0,419.6200662504118,0.13107094827819385,1.4393471562564162,97.53148269235032
315.0,592.0,370.0,592.0,315.0,592.0,3025.0,171396.0,174421.0,55.0,414.0,417.6374025395714,0.1316931856810615,1.4387194780068737,97.56744600694127
314.0,588.0,370.0,588.0,314.0,588.0,3136.0,173889.0,177025.0,56.0,417.0,420.7433897282285,0.13309775356464226,1.4373024357383797,97.64863654831763
315.0,589.0,377.0,589.0,315.0,589.0,3844.0,173056.0,176900.0,62.0,416.0,420.5948168962618,0.14741028065329698,1.4228468914874408,98.47687822446102
315.0,588.0,378.0,588.0,315.0,588.0,3969.0,173056.0,177025.0,63.0,416.0,420.7433897282285,0.14973497276022255,1.4204961086430856,98.61156815999433
315.0,587.0,378.0,587.0,315.0,587.0,3969.0,173889.0,177858.0,63.0,417.0,421.7321424790859,0.1493839184978039,1.4208511562214512,98.59122543222765
315.0,587.0,371.0,587.0,315.0,587.0,3136.0,174724.0,177860.0,56.0,418.0,421.7345136457295,0.13278495875498061,1.4376180318100018,97.63055422538277
315.0,584.0,378.0,584.0,315.0,584.0,3969.0,176400.0,180369.0,63.0,420.0,424.6987167392904,0.14834045293024464,1.4219063791853994,98.53076560994813
319.0,585.0,374.0,585.0,319.0,585.0,3025.0,175561.0,178586.0,55.0,419.0,422.5943681593497,0.13014844527994487,1.4402776298528501,97.4781704823263
319.0,585.0,375.0,585.0,319.0,585.0,3136.0,175561.0,178697.0,56.0,419.0,422.7256793713862,0.1324736176029683,1.4379321479553377,97.6125566959781
319.0,586.0,375.0,586.0,319.0,586.0,3136.0,174724.0,177860.0,56.0,418.0,421.7345136457295,0.13278495875498061,1.4376180318100018,97.63055422538277
319.0,586.0,375.0,586.0,319.0,586.0,3136.0,174724.0,177860.0,56.0,418.0,421.7345136457295,0.13278495875498061,1.4376180318100018,97.63055422538277
319.0,585.0,375.0,585.0,319.0,585.0,3136.0,175561.0,178697.0,56.0,419.0,422.7256793713862,0.1324736176029683,1.4379321479553377,97.6125566959781
319.0,585.0,375.0,585.0,319.0,585.0,3136.0,175561.0,178697.0,56.0,419.0,422.7256793713862,0.1324736176029683,1.4379321479553377,97.6125566959781
319.0,586.0,382.0,586.0,319.0,586.0,3969.0,174724.0,178693.0,63.0,418.0,422.7209481442811,0.14903448782599044,1.421204542828533,98.57097787110541
320.0,586.0,382.0,586.0,320.0,586.0,3844.0,174724.0,178568.0,62.0,418.0,422.57307060436307,0.14672018714142795,1.4235445710267511,98.43690413140591
320.0,586.0,383.0,586.0,320.0,586.0,3969.0,174724.0,178693.0,63.0,418.0,422.7209481442811,0.14903448782599044,1.421204542828533,98.57097787110541
320.0,583.0,376.0,583.0,320.0,583.0,3136.0,177241.0,180377.0,56.0,421.0,424.70813507631334,0.13185525629250705,1.438555981667266,97.57681365716664
320.0,584.0,376.0,584.0,320.0,584.0,3136.0,176400.0,179536.0,56.0,420.0,423.71688661180355,0.13216372009101796,1.4382447944982226,97.59464336859143
313.0,587.0,377.0,587.0,313.0,587.0,4096.0,173889.0,177985.0,64.0,417.0,421.882685115187,0.1517009402330082,1.4185074236858806,98.72551141482334
314.0,587.0,378.0,587.0,314.0,587.0,4096.0,173889.0,177985.0,64.0,417.0,421.882685115187,0.1517009402330082,1.4185074236858806,98.72551141482334
314.0,587.0,378.0,587.0,314.0,587.0,4096.0,173889.0,177985.0,64.0,417.0,421.882685115187,0.1517009402330082,1.4185074236858806,98.72551141482334
315.0,587.0,378.0,587.0,315.0,587.0,3969.0,173889.0,177858.0,63.0,417.0,421.7321424790859,0.1493839184978039,1.4208511562214512,98.59122543222765
314.0,586.0,378.0,586.0,314.0,586.0,4096.0,174724.0,178820.0,64.0,418.0,422.8711387645177,0.15134634202510422,1.4188661640433569,98.70495710639894
315.0,592.0,386.0,592.0,315.0,592.0,5041.0,164025.0,169066.0,71.0,405.0,411.1763611882376,0.17267529630064513,1.397251205359568,99.94340301332969
315.0,586.0,386.0,586.0,315.0,586.0,5041.0,169744.0,174785.0,71.0,412.0,418.07296013973445,0.16982681677444372,1.4001423963078117,99.7777499742289
315.0,588.0,386.0,588.0,315.0,588.0,5041.0,168100.0,173141.0,71.0,410.0,416.10215091969906,0.17063117756798582,1.3993261215769146,99.82451907123247
316.0,588.0,386.0,588.0,316.0,588.0,4900.0,168100.0,173000.0,70.0,410.0,415.9326868617084,0.16829646289202077,1.4016951007935197,99.6887865603668
315.0,587.0,386.0,587.0,315.0,587.0,5041.0,168921.0,173962.0,71.0,411.0,417.0875207915001,0.17022806116391226,1.399735223201446,99.80107927475488
316.0,587.0,386.0,587.0,316.0,587.0,4900.0,168921.0,173821.0,70.0,411.0,416.9184572551328,0.1678985393471404,1.4020987683801518,99.66565811132654
309.0,588.0,387.0,588.0,309.0,588.0,6084.0,168100.0,174184.0,78.0,410.0,417.3535671346299,0.18689189728391314,1.3827989864718004,100.77145416019802
309.0,589.0,393.0,589.0,309.0,589.0,7056.0,167281.0,174337.0,84.0,409.0,417.53682472328114,0.2011798601372951,1.3682340679694536,101.6059625193345
309.0,589.0,394.0,589.0,309.0,589.0,7225.0,167281.0,174506.0,85.0,409.0,417.73915306085445,0.20347625875426995,1.3658891711372758,101.74031521121188
309.0,586.0,393.0,586.0,309.0,586.0,7056.0,169744.0,176800.0,84.0,412.0,420.47592083257274,0.19977362754488753,1.3696694409783572,101.52372170389732
309.0,586.0,393.0,586.0,309.0,586.0,7056.0,169744.0,176800.0,84.0,412.0,420.47592083257274,0.19977362754488753,1.3696694409783572,101.52372170389732
309.0,586.0,393.0,586.0,309.0,586.0,7056.0,169744.0,176800.0,84.0,412.0,420.47592083257274,0.19977362754488753,1.3696694409783572,101.52372170389732
310.0,586.0,394.0,586.0,310.0,586.0,7056.0,169744.0,176800.0,84.0,412.0,420.47592083257274,0.19977362754488753,1.3696694409783572,101.52372170389732
310.0,588.0,394.0,588.0,310.0,588.0,7056.0,168921.0,175977.0,84.0,411.0,419.49612632299716,0.20024022804759578,1.3691932181420534,101.55100726252527
304.0,588.0,394.0,588.0,304.0,588.0,8100.0,168921.0,177021.0,90.0,411.0,420.7386362101774,0.21390952067221386,1.3552209518720375,102.35155915003018
304.0,589.0,394.0,589.0,304.0,589.0,8100.0,167281.0,175381.0,90.0,409.0,418.78514777866707,0.21490733488850008,1.3541993800277965,102.4100909051746
304.0,590.0,394.0,590.0,304.0,590.0,8100.0,166464.0,174564.0,90.0,408.0,417.80856860528843,0.2154096559111613,1.3536850120599915,102.43956201884654
304.0,592.0,393.0,592.0,304.0,592.0,7921.0,160000.0,167921.0,89.0,400.0,409.78164917428893,0.21718883746828396,1.3518626906148017,102.5439733465721
305.0,597.0,394.0,597.0,305.0,597.0,7921.0,156025.0,163946.0,89.0,395.0,404.902457389431,0.21980602581129982,1.349180697780711,102.69764021664983
298.0,599.0,393.0,599.0,298.0,599.0,9025.0,155236.0,164261.0,95.0,394.0,405.2912532981683,0.2343993343722855,1.3341956842780844,103.55621824629688
299.0,594.0,393.0,594.0,299.0,594.0,8836.0,159201.0,168037.0,94.0,399.0,409.923163531899,0.22931126699476012,1.3394262909793642,103.25652655802071
300.0,599.0,400.0,599.0,300.0,599.0,10000.0,156816.0,166816.0,100.0,396.0,408.431144747802,0.24483931082618093,1.3234423712230732,104.17233770013195
301.0,595.0,401.0,595.0,301.0,595.0,10000.0,155236.0,165236.0,100.0,394.0,406.49231235043055,0.24600711246364626,1.3222377266942373,104.24135874744778
294.0,600.0,402.0,600.0,294.0,600.0,11664.0,152100.0,163764.0,108.0,390.0,404.67764949401396,0.26687908298132373,1.3006431270834917,105.47863816541835
296.0,600.0,403.0,600.0,296.0,600.0,11449.0,154449.0,165898.0,107.0,393.0,407.3057819378458,0.26270189313523673,1.304974940838707,105.23044351960779
290.0,602.0,403.0,602.0,290.0,602.0,12769.0,148996.0,161765.0,113.0,386.0,402.20019890596774,0.2809546099364779,1.286007687829927,106.3171870659677
290.0,603.0,408.0,603.0,290.0,603.0,13924.0,144400.0,158324.0,118.0,380.0,397.8994847948411,0.29655730783577505,1.2697105569286171,107.25094388478499
288.0,604.0,406.0,604.0,288.0,604.0,13924.0,144400.0,158324.0,118.0,380.0,397.8994847948411,0.29655730783577505,1.2697105569286171,107.25094388478499
284.0,611.0,416.0,611.0,284.0,611.0,17424.0,140625.0,158049.0,132.0,375.0,397.55376994816686,0.3320305578216758,1.2323408825094428,109.39206851078167
283.0,612.0,421.0,612.0,283.0,612.0,19044.0,136161.0,155205.0,138.0,369.0,393.96065793426635,0.3502887844781338,1.212916921885479,110.5049794759631
285.0,615.0,427.0,615.0,285.0,615.0,20164.0,135424.0,155588.0,142.0,368.0,394.4464475692486,0.3599981718052376,1.2025303929376103,111.10008374846643
280.0,615.0,433.0,615.0,280.0,615.0,23409.0,136161.0,159570.0,153.0,369.0,399.46213838109867,0.38301502270043297,1.1777383076129642,112.52056560289688
278.0,617.0,438.0,617.0,278.0,617.0,25600.0,133225.0,158825.0,160.0,365.0,398.5285435197835,0.4014768894265095,1.157667494516495,113.67053848472045
273.0,623.0,444.0,623.0,273.0,623.0,29241.0,126736.0,155977.0,171.0,356.0,394.93923583255184,0.4329779988547437,1.123002429073358,115.656700431157
271.0,623.0,444.0,623.0,271.0,623.0,29929.0,128164.0,158093.0,173.0,358.0,397.60910452352573,0.4351007007430433,1.1206462107770847,115.79170179514497
270.0,630.0,449.0,630.0,270.0,630.0,32041.0,122500.0,154541.0,179.0,350.0,393.1170309208188,0.4553351442971545,1.0980477176535095,117.08650007448125
268.0,636.0,450.0,636.0,268.0,636.0,33124.0,120409.0,153533.0,182.0,347.0,391.8328725362383,0.4644837448730591,1.0877447607510926,117.67681602149491
263.0,641.0,457.0,641.0,263.0,641.0,37636.0,114244.0,151880.0,194.0,338.0,389.71784665319086,0.49779603799525307,1.049740603157291,119.85429385556981
262.0,642.0,456.0,642.0,262.0,642.0,37636.0,118336.0,155972.0,194.0,344.0,394.93290569411914,0.4912226791004739,1.0573034186561487,119.42097644624913
264.0,648.0,462.0,648.0,264.0,648.0,39204.0,112225.0,151429.0,198.0,335.0,389.1387927205408,0.5088158870405739,1.0369875720023136,120.58498871674885
264.0,652.0,461.0,652.0,264.0,652.0,38809.0,110889.0,149698.0,197.0,333.0,386.90825785966365,0.5091646301109818,1.0365824206240526,120.60820218078712
256.0,660.0,465.0,660.0,256.0,660.0,43681.0,105625.0,149306.0,209.0,325.0,386.4013457533501,0.5408883853458679,0.9993033501502079,122.7441355831092
256.0,665.0,470.0,665.0,256.0,665.0,45796.0,104329.0,150125.0,214.0,323.0,387.45967532118743,0.5523155405078043,0.9856569938764647,123.52601420332655
252.0,671.0,475.0,671.0,252.0,671.0,49729.0,97969.0,147698.0,223.0,313.0,384.3149749879648,0.5802532154959184,0.9517567615767824,125.46835443861141
247.0,675.0,474.0,675.0,247.0,675.0,51529.0,100489.0,152018.0,227.0,317.0,389.89485762189787,0.5822082429723506,0.949354235533724,125.60600904104894
248.0,680.0,474.0,680.0,248.0,680.0,51076.0,95481.0,146557.0,226.0,309.0,382.8276374558138,0.5903440031183357,0.9393113585541124,126.18142350614977
248.0,688.0,480.0,688.0,248.0,688.0,53824.0,88209.0,142033.0,232.0,297.0,376.87265753832554,0.6155925492589154,0.9076586764828557,127.99498859910219
244.0,688.0,485.0,688.0,244.0,688.0,58081.0,90000.0,148081.0,241.0,300.0,384.81294157031675,0.6262783133450364,0.8940261665773821,128.7760738808561
246.0,698.0,486.0,698.0,246.0,698.0,57600.0,82369.0,139969.0,240.0,287.0,374.1243108914469,0.6414980075155731,0.8743468955263547,129.90361305597395
240.0,705.0,489.0,705.0,240.0,705.0,62001.0,80656.0,142657.0,249.0,284.0,377.69961609723674,0.6592540457756152,0.8509700634929206,131.24300686987596
240.0,712.0,492.0,712.0,240.0,712.0,63504.0,76176.0,139680.0,252.0,276.0,373.7378760575385,0.6742693640213323,0.8308214428190254,132.39743779750017
234.0,717.0,496.0,717.0,234.0,717.0,68644.0,75076.0,143720.0,262.0,274.0,379.1042073098108,0.6911028549622211,0.8077824837367386,133.71747291728983
234.0,722.0,500.0,722.0,234.0,722.0,70756.0,73441.0,144197.0,266.0,271.0,379.73280079550676,0.7004925554040985,0.7947088813056762,134.46653515962166
234.0,727.0,504.0,727.0,234.0,727.0,72900.0,72900.0,145800.0,270.0,270.0,381.8376618407357,0.7071067811865475,0.7853981633974484,135.0
237.0,732.0,502.0,732.0,237.0,732.0,70225.0,67600.0,137825.0,265.0,260.0,371.24789561693143,0.713808759938232,0.7758746418038355,135.5456575934157
237.0,744.0,502.0,744.0,237.0,744.0,70225.0,62500.0,132725.0,265.0,250.0,364.3144246389374,0.7273936525094625,0.7562801818904095,136.6683374482933
238.0,750.0,511.0,750.0,238.0,750.0,74529.0,61009.0,135538.0,273.0,247.0,368.1548587211637,0.7415357791237711,0.7354397676755056,137.86240522611175
237.0,757.0,509.0,757.0,237.0,757.0,73984.0,60025.0,134009.0,272.0,245.0,366.072397211262,0.7430224241764604,0.733221193134742,137.98952018383267
238.0,764.0,509.0,764.0,238.0,764.0,73441.0,56644.0,130085.0,271.0,238.0,360.672982076562,0.7513731647980035,0.7206557670243379,138.7094660677423
234.0,772.0,513.0,772.0,234.0,772.0,77841.0,53824.0,131665.0,279.0,232.0,362.8567210346255,0.7688985316421258,0.6936797021390388,140.255080733541
238.0,776.0,517.0,776.0,238.0,776.0,77841.0,53361.0,131202.0,279.0,231.0,362.2181663031273,0.7702540235558339,0.6915569507681117,140.37670542805074
239.0,784.0,516.0,784.0,239.0,784.0,76729.0,53361.0,130090.0,277.0,231.0,360.67991349671803,0.7679939736996764,0.6950932637572266,140.17408961873718
239.0,789.0,520.0,789.0,239.0,789.0,78961.0,50176.0,129137.0,281.0,224.0,359.3563690822802,0.7819535819487888,0.6730025693549105,141.43979317450317
236.0,798.0,525.0,798.0,236.0,798.0,83521.0,49284.0,132805.0,289.0,222.0,364.42420336744925,0.7930318495026003,0.6550263942852307,142.4697521377841
238.0,803.0,525.0,803.0,238.0,803.0,82369.0,48841.0,131210.0,287.0,221.0,362.2292092032336,0.7923160051926534,0.6562005916926403,142.40247558202432
238.0,809.0,527.0,809.0,238.0,809.0,83521.0,47524.0,131045.0,289.0,218.0,362.0013812128346,0.7983394953680736,0.6462635327058168,142.97182712274184
243.0,819.0,526.0,819.0,243.0,819.0,80089.0,44944.0,125033.0,283.0,212.0,353.60005656108143,0.8003392384953257,0.6429354979938716,143.16250946580936
240.0,829.0,525.0,829.0,240.0,829.0,81225.0,42025.0,123250.0,285.0,205.0,351.0697936308392,0.8118043909516363,0.6235607321590253,144.2726017772003
243.0,834.0,525.0,834.0,243.0,834.0,79524.0,43264.0,122788.0,282.0,208.0,350.4111870360306,0.8047688271179644,0.6355104112897186,143.58793559647603
243.0,845.0,527.0,845.0,243.0,845.0,80656.0,40401.0,121057.0,284.0,201.0,347.932464711185,0.8162503612180753,0.6159060452045076,144.711183033188
243.0,853.0,528.0,853.0,243.0,853.0,81225.0,39204.0,120429.0,285.0,198.0,347.0288172472136,0.8212574455941334,0.6071849027026273,145.2108676910779
249.0,860.0,539.0,860.0,249.0,860.0,84100.0,40000.0,124100.0,290.0,200.0,352.27829907617075,0.8232127859153063,0.6037493333974364,145.40771131249005
247.0,872.0,540.0,872.0,247.0,872.0,85849.0,35721.0,121570.0,293.0,189.0,348.66889737973474,0.8403387919080553,0.5728884005270498,147.17591251779976
253.0,878.0,543.0,878.0,253.0,878.0,84100.0,36481.0,120581.0,290.0,191.0,347.2477501726973,0.8351386001947423,0.5824116074919536,146.63027295128117
253.0,886.0,541.0,886.0,253.0,886.0,82944.0,34596.0,117540.0,288.0,186.0,342.8410710518797,0.8400393777687709,0.5734405261548291,147.144278049567
257.0,896.0,542.0,896.0,257.0,896.0,81225.0,33489.0,114714.0,285.0,183.0,338.6945526577007,0.8414661463068562,0.5708052819062247,147.29526642299817
259.0,903.0,547.0,903.0,259.0,903.0,82944.0,33489.0,116433.0,288.0,183.0,341.2228011138763,0.844023315733481,0.5660549087922615,147.56744275354066
260.0,908.0,552.0,908.0,260.0,908.0,85264.0,33124.0,118388.0,292.0,182.0,344.07557309405155,0.8486507698707896,0.5573670300769893,148.0652215368473
268.0,918.0,555.0,918.0,268.0,918.0,82369.0,31684.0,114053.0,287.0,178.0,337.71733742880303,0.8498231159379102,0.5551467239148501,148.19243570916476
268.0,922.0,557.0,922.0,268.0,922.0,83521.0,34225.0,117746.0,289.0,185.0,343.14137028344453,0.8422184703677023,0.5694113747036847,147.3751314227366
272.0,928.0,563.0,928.0,272.0,928.0,84681.0,32041.0,116722.0,291.0,179.0,341.6460156360674,0.85175879911324,0.5514632279767265,148.40348448027282
272.0,931.0,567.0,931.0,272.0,931.0,87025.0,32400.0,119425.0,295.0,180.0,345.5792239125495,0.8536392803366304,0.5478635315018356,148.6097318958122
275.0,940.0,567.0,940.0,275.0,940.0,85264.0,32041.0,117305.0,292.0,179.0,342.49817517762045,0.8525592869175669,0.5499334846116889,148.49113231882762
280.0,942.0,567.0,942.0,280.0,942.0,82369.0,33489.0,115858.0,287.0,183.0,340.37920030460145,0.8431772556700496,0.5676305241744442,147.4771666420057
282.0,950.0,570.0,950.0,282.0,950.0,82944.0,32041.0,114985.0,288.0,179.0,339.09438214160963,0.849321059762435,0.556098539062545,148.13790071832523
285.0,951.0,573.0,951.0,285.0,951.0,82944.0,34969.0,117913.0,288.0,187.0,343.3846240005513,0.8387096563751136,0.5758868797680814,147.00411231233107
292.0,958.0,573.0,958.0,292.0,958.0,78961.0,36481.0,115442.0,281.0,191.0,339.7675676105652,0.8270359704316351,0.5969819540452938,145.7954535877318
293.0,957.0,572.0,957.0,293.0,957.0,77841.0,38809.0,116650.0,279.0,197.0,341.5406271587613,0.8168867121928367,0.6148036582670932,144.77434515209222
301.0,960.0,574.0,960.0,301.0,960.0,74529.0,40000.0,114529.0,273.0,200.0,338.4213350248474,0.8066867296648302,0.6322722663329404,143.77346763595096
305.0,965.0,575.0,965.0,305.0,965.0,72900.0,42436.0,115336.0,270.0,206.0,339.6115427955887,0.7950259810883763,0.6517459160802545,142.65770969371388
310.0,969.0,579.0,969.0,310.0,969.0,72361.0,42025.0,114386.0,269.0,205.0,338.2099939386771,0.7953638414622781,0.6511887160682696,142.68963490274527
316.0,969.0,581.0,969.0,316.0,969.0,70225.0,45796.0,116021.0,265.0,214.0,340.618554984898,0.7779963719585072,0.6793259628219888,141.07748941663897
324.0,974.0,580.0,974.0,324.0,974.0,65536.0,46656.0,112192.0,256.0,216.0,334.95074264733313,0.7642914835078909,0.7008544078844501,139.84400037508067
327.0,973.0,587.0,973.0,327.0,973.0,67600.0,48400.0,116000.0,260.0,220.0,340.58772731852804,0.7633862853691145,0.7022569315090071,139.76364169072616
335.0,972.0,588.0,972.0,335.0,972.0,64009.0,51529.0,115538.0,253.0,227.0,339.90881130091344,0.7443172744822579,0.73128437916837,138.10049144980778
339.0,974.0,589.0,974.0,339.0,974.0,62500.0,51984.0,114484.0,250.0,228.0,338.3548433228051,0.7388692815651208,0.7394055160358788,137.63518458245142
348.0,971.0,591.0,971.0,348.0,971.0,59049.0,56644.0,115693.0,243.0,238.0,340.13673721019904,0.7144185658776103,0.7750035273934148,135.59556877260584
355.0,974.0,594.0,974.0,355.0,974.0,57121.0,59049.0,116170.0,239.0,243.0,340.83720454199243,0.70121452944423,0.7936967280821177,134.52452726755212
367.0,973.0,595.0,973.0,367.0,973.0,51984.0,61009.0,112993.0,228.0,247.0,336.14431424612854,0.6782801027330657,0.8253768505207384,132.70938995736145
373.0,972.0,601.0,972.0,373.0,972.0,51984.0,65025.0,117009.0,228.0,255.0,342.06578314704325,0.6665384590717454,0.8412406658776184,131.80046029043743
379.0,969.0,604.0,969.0,379.0,969.0,50625.0,70225.0,120850.0,225.0,265.0,347.6348659153739,0.6472308219359465,0.8668502077033192,130.333141628561
389.0,967.0,609.0,967.0,389.0,967.0,48400.0,68121.0,116521.0,220.0,261.0,341.35172476494097,0.6444965237878751,0.8704317033661042,130.127937042739
395.0,965.0,613.0,965.0,395.0,965.0,47524.0,71824.0,119348.0,218.0,268.0,345.4677987888307,0.6310284222271432,0.8879181319904359,129.12603848380806
405.0,964.0,616.0,964.0,405.0,964.0,44521.0,70756.0,115277.0,211.0,266.0,339.52466773417217,0.6214570546762175,0.900195195328401,128.42261456972787
415.0,960.0,617.0,960.0,415.0,960.0,40804.0,76176.0,116980.0,202.0,276.0,342.023391012954,0.590602880702827,0.9389905911673012,126.19980212361949
424.0,959.0,619.0,959.0,424.0,959.0,38025.0,75076.0,113101.0,195.0,274.0,336.304921165302,0.5798309442642761,0.9522751488043272,125.43865303831961
428.0,957.0,624.0,957.0,428.0,957.0,38416.0,75625.0,114041.0,196.0,275.0,337.69957062454193,0.5803975398533003,0.9515795426824802,125.4785083333049
438.0,950.0,620.0,950.0,438.0,950.0,33124.0,81225.0,114349.0,182.0,285.0,338.15528977083886,0.5382142628120288,1.002479449004108,122.56215852346438
448.0,945.0,625.0,945.0,448.0,945.0,31329.0,83521.0,114850.0,177.0,289.0,338.89526405661087,0.5222852567524607,1.0212677667331058,121.48566721344199
457.0,941.0,626.0,941.0,457.0,941.0,28561.0,87616.0,116177.0,169.0,296.0,340.84747321932724,0.49582295096332585,1.0520141135512333,119.7240313053178
462.0,938.0,624.0,938.0,462.0,938.0,26244.0,89401.0,115645.0,162.0,299.0,340.06617003165724,0.4763778766494744,1.0742658379885786,118.44910140816978
473.0,934.0,626.0,934.0,473.0,934.0,23409.0,91204.0,114613.0,153.0,302.0,338.54541792793475,0.4519334538226381,1.1018647511192436,116.86780016663448
478.0,933.0,627.0,933.0,478.0,933.0,22201.0,91809.0,114010.0,149.0,303.0,337.6536687198882,0.44128055994442017,1.1137711375367583,116.18561447565901
488.0,932.0,628.0,932.0,488.0,932.0,19600.0,94864.0,114464.0,140.0,308.0,338.325287260648,0.413802944301184,1.1441688336680205,114.44395478041653
493.0,929.0,628.0,929.0,493.0,929.0,18225.0,96100.0,114325.0,135.0,310.0,338.11980125393427,0.3992667672799573,1.1600793636802247,113.532348560901
502.0,925.0,628.0,925.0,502.0,925.0,15876.0,98596.0,114472.0,126.0,314.0,338.3371099953418,0.3724096360630814,1.1891922552825804,111.86430274266417
507.0,925.0,628.0,925.0,507.0,925.0,14641.0,98596.0,113237.0,121.0,314.0,336.5070578754627,0.35957641056307554,1.2029824247901375,111.07418423111115
516.0,923.0,628.0,923.0,516.0,923.0,12544.0,99856.0,112400.0,112.0,316.0,335.2610922848042,0.3340679923122605,1.2301800863765835,109.5158730095827
521.0,920.0,629.0,920.0,521.0,920.0,11664.0,104329.0,115993.0,108.0,323.0,340.57745080965066,0.3171084866107633,1.2481172675583043,108.48814823150862
531.0,916.0,630.0,916.0,531.0,916.0,9801.0,106276.0,116077.0,99.0,326.0,340.7007484582328,0.290577582961009,1.2759659156527596,106.89253823055128
533.0,914.0,632.0,914.0,533.0,914.0,9801.0,106929.0,116730.0,99.0,327.0,341.6577234601905,0.2897636821944561,1.2768164089916754,106.84380855172742
543.0,910.0,633.0,910.0,543.0,910.0,8100.0,110224.0,118324.0,90.0,332.0,343.9825576973344,0.2616411733271365,1.3060741081690188,105.16746587060227
545.0,913.0,634.0,913.0,545.0,913.0,7921.0,108241.0,116162.0,89.0,329.0,340.82546853191593,0.26113072002324783,1.3066029468921303,105.13716564372488
551.0,913.0,630.0,913.0,551.0,913.0,6241.0,111556.0,117797.0,79.0,334.0,343.21567563268434,0.2301759669175112,1.3385378256287435,103.30743187285488
558.0,909.0,638.0,909.0,558.0,909.0,6400.0,114921.0,121321.0,80.0,339.0,348.31164206784706,0.22967937426684384,1.3390480894159535,103.27819591140938
565.0,913.0,635.0,913.0,565.0,913.0,4900.0,112225.0,117125.0,70.0,335.0,342.23529917295207,0.2045376387799927,1.364804990119065,101.80243420778355
569.0,908.0,639.0,908.0,569.0,908.0,4900.0,116281.0,121181.0,70.0,341.0,348.11061460403647,0.2010855086381739,1.3683303878612774,101.60044379604983
572.0,909.0,642.0,909.0,572.0,909.0,4900.0,112896.0,117796.0,70.0,336.0,343.21421881967535,0.20395425411200105,1.3654009376051293,101.76828893202064
579.0,909.0,639.0,909.0,579.0,909.0,3600.0,116281.0,119881.0,60.0,341.0,346.2383572049752,0.17329102553614426,1.396626051786669,99.97922167460432
585.0,908.0,645.0,908.0,585.0,908.0,3600.0,116964.0,120564.0,60.0,342.0,347.2232711095269,0.17279947800812523,1.3971251284533228,99.9506266879516
587.0,913.0,647.0,913.0,587.0,913.0,3600.0,113569.0,117169.0,60.0,337.0,342.29957639471303,0.1752850547814079,1.3946010286090456,100.09524695609831
592.0,908.0,647.0,908.0,592.0,908.0,3025.0,116281.0,119306.0,55.0,341.0,345.4070062983668,0.15923243882462051,1.4108832036366774,99.1623470457217
600.0,911.0,650.0,911.0,600.0,911.0,2500.0,114244.0,116744.0,50.0,338.0,341.6782111870758,0.1463365188733793,1.4239324256172319,98.41468170030659
605.0,906.0,651.0,906.0,605.0,906.0,2116.0,121104.0,123220.0,46.0,348.0,351.0270644836378,0.13104402666975604,1.4393743120901616,97.52992677768755
606.0,909.0,651.0,909.0,606.0,909.0,2025.0,116281.0,118306.0,45.0,341.0,343.95639258487404,0.1308305383185919,1.4395896543982842,97.51758857228153
613.0,909.0,654.0,909.0,613.0,909.0,1681.0,119716.0,121397.0,41.0,346.0,348.4207226902556,0.11767382744466898,1.452849218910028,96.75787148757716
613.0,909.0,654.0,909.0,613.0,909.0,1681.0,119716.0,121397.0,41.0,346.0,348.4207226902556,0.11767382744466898,1.452849218910028,96.75787148757716
614.0,914.0,655.0,914.0,614.0,914.0,1681.0,116281.0,117962.0,41.0,341.0,343.45596515419555,0.11937483741647326,1.4511361334356303,96.85602405520531
621.0,914.0,652.0,914.0,621.0,914.0,961.0,116281.0,117242.0,31.0,341.0,342.4061915328051,0.09053574604251853,1.4801364395941514,95.1944289077348
622.0,914.0,653.0,914.0,622.0,914.0,961.0,116281.0,117242.0,31.0,341.0,342.4061915328051,0.09053574604251853,1.4801364395941514,95.1944289077348
627.0,911.0,653.0,911.0,627.0,911.0,676.0,117649.0,118325.0,26.0,343.0,343.98401125633734,0.0755849084526919,1.4951392622650521,94.334830487909
627.0,911.0,653.0,911.0,627.0,911.0,676.0,121104.0,121780.0,26.0,348.0,348.9699127432048,0.07450499040337762,1.4962222341842244,94.27278076760925
628.0,911.0,653.0,911.0,628.0,911.0,625.0,121104.0,121729.0,25.0,348.0,348.89683288903615,0.07165441942532923,1.4990804487180402,94.10901713787865
629.0,911.0,654.0,911.0,629.0,911.0,625.0,121104.0,121729.0,25.0,348.0,348.89683288903615,0.07165441942532923,1.4990804487180402,94.10901713787865
629.0,913.0,654.0,913.0,629.0,913.0,625.0,120409.0,121034.0,25.0,347.0,347.89941074971654,0.07185985151893612,1.4988744856789609,94.12081795075359
629.0,918.0,654.0,918.0,629.0,918.0,625.0,116281.0,116906.0,25.0,341.0,341.915194163699,0.07311754618319398,1.497613473501844,94.19306862641699
630.0,917.0,655.0,917.0,630.0,917.0,625.0,117649.0,118274.0,25.0,343.0,343.9098719141397,0.07269346431044434,1.4980386869333724,94.16870569139815
634.0,918.0,655.0,918.0,634.0,918.0,441.0,116964.0,117405.0,21.0,342.0,342.64413025761877,0.061288077470380245,1.5094698156545312,93.51375026060497
635.0,918.0,655.0,918.0,635.0,918.0,400.0,116964.0,117364.0,20.0,342.0,342.58429619584143,0.05837979213316543,1.5123833220294054,93.34681864174021
634.0,917.0,655.0,917.0,634.0,917.0,441.0,117649.0,118090.0,21.0,343.0,343.64225584174017,0.06111006327950329,1.5096481641455954,93.50353164478446
634.0,918.0,654.0,918.0,634.0,918.0,400.0,116964.0,117364.0,20.0,342.0,342.58429619584143,0.05837979213316543,1.5123833220294054,93.34681864174021
634.0,918.0,654.0,918.0,634.0,918.0,400.0,116281.0,116681.0,20.0,341.0,341.586006739152,0.058550407819465376,1.5122124139966828,93.3566109507001
634.0,918.0,659.0,918.0,634.0,918.0,625.0,116281.0,116906.0,25.0,341.0,341.915194163699,0.07311754618319398,1.497613473501844,94.19306862641699
634.0,919.0,659.0,919.0,634.0,919.0,625.0,116281.0,116906.0,25.0,341.0,341.915194163699,0.07311754618319398,1.497613473501844,94.19306862641699
634.0,919.0,659.0,919.0,634.0,919.0,625.0,116281.0,116906.0,25.0,341.0,341.915194163699,0.07311754618319398,1.497613473501844,94.19306862641699
599.0,934.0,650.0,934.0,599.0,934.0,2601.0,107584.0,110185.0,51.0,328.0,331.94125986385,0.15364164135822797,1.4165437015599558,98.83802440477528
599.0,928.0,655.0,928.0,599.0,928.0,3136.0,108241.0,111377.0,56.0,329.0,333.7319283496861,0.16779934804836205,1.402199387185467,99.65989307844234
599.0,929.0,655.0,929.0,599.0,929.0,3136.0,110889.0,114025.0,56.0,333.0,337.6758800980609,0.16583950261338665,1.4041870856671474,99.54600634449748
599.0,929.0,654.0,929.0,599.0,929.0,3025.0,110889.0,113914.0,55.0,333.0,337.5114812861927,0.16295741937549904,1.407108924521368,99.37859730973331
594.0,930.0,654.0,930.0,594.0,930.0,3600.0,110224.0,113824.0,60.0,332.0,337.3781261433527,0.17784199789676308,1.3920032719919753,100.24408744645862
594.0,931.0,654.0,931.0,594.0,931.0,3600.0,109561.0,113161.0,60.0,331.0,336.3941140983296,0.17836221707036679,1.391474600416797,100.27437809646487
598.0,931.0,653.0,931.0,598.0,931.0,3025.0,109561.0,112586.0,55.0,331.0,335.538373364359,0.16391567810420254,1.4061376052450327,99.43424980482702
596.0,933.0,655.0,933.0,596.0,933.0,3481.0,106929.0,110410.0,59.0,327.0,332.28000240760804,0.17756109176749274,1.3922887212099413,100.22773241100386
595.0,933.0,660.0,933.0,595.0,933.0,4225.0,110224.0,114449.0,65.0,332.0,338.3031185194721,0.19213538522630771,1.3774587156853515,101.07742913771855
594.0,934.0,663.0,934.0,594.0,934.0,4761.0,109561.0,114322.0,69.0,331.0,338.11536492741646,0.20407235860107184,1.3652802957912615,101.77520119878807
593.0,934.0,662.0,934.0,593.0,934.0,4761.0,110224.0,114985.0,69.0,332.0,339.09438214160963,0.20348317056808338,1.365882111632712,101.74071969102884
594.0,934.0,663.0,934.0,594.0,934.0,4761.0,113569.0,118330.0,69.0,337.0,343.99127895922015,0.20058648058975906,1.3688397951510098,101.57125690829497
593.0,935.0,662.0,935.0,593.0,935.0,4761.0,109561.0,114322.0,69.0,331.0,338.11536492741646,0.20407235860107184,1.3652802957912615,101.77520119878807
593.0,934.0,663.0,934.0,593.0,934.0,4900.0,110224.0,115124.0,70.0,332.0,339.29927792437167,0.20630754190877676,1.3629965180982249,101.90605202194519
593.0,934.0,662.0,934.0,593.0,934.0,4761.0,110224.0,114985.0,69.0,332.0,339.09438214160963,0.20348317056808338,1.365882111632712,101.74071969102884
593.0,934.0,662.0,934.0,593.0,934.0,4761.0,110224.0,114985.0,69.0,332.0,339.09438214160963,0.20348317056808338,1.365882111632712,101.74071969102884
593.0,935.0,662.0,935.0,593.0,935.0,4761.0,112896.0,117657.0,69.0,336.0,343.01166160933946,0.20115934156951498,1.3682550147645909,101.6047623563788
593.0,934.0,663.0,934.0,593.0,934.0,4900.0,113569.0,118469.0,70.0,337.0,344.19325966671687,0.2033741162385956,1.3659934950138508,101.73433789338169
593.0,935.0,662.0,935.0,593.0,935.0,4761.0,112896.0,117657.0,69.0,336.0,343.01166160933946,0.20115934156951498,1.3682550147645909,101.6047623563788
589.0,934.0,659.0,934.0,589.0,934.0,4900.0,112896.0,117796.0,70.0,336.0,343.21421881967535,0.20395425411200105,1.3654009376051293,101.76828893202064
589.0,934.0,663.0,934.0,589.0,934.0,5476.0,116281.0,121757.0,74.0,341.0,348.93695705671536,0.21207269251210964,1.357100917779544,102.2438450379016
590.0,933.0,659.0,933.0,590.0,933.0,4761.0,113569.0,118330.0,69.0,337.0,343.99127895922015,0.20058648058975906,1.3688397951510098,101.57125690829497
590.0,933.0,660.0,933.0,590.0,933.0,4900.0,113569.0,118469.0,70.0,337.0,344.19325966671687,0.2033741162385956,1.3659934950138508,101.73433789338169
591.0,932.0,656.0,932.0,591.0,932.0,4225.0,114244.0,118469.0,65.0,338.0,344.19325966671687,0.18884739365012448,1.380808038876181,100.88552705465872
591.0,932.0,655.0,932.0,591.0,932.0,4096.0,114244.0,118340.0,64.0,338.0,344.0058139043583,0.1860433673303949,1.3836626644115646,100.72196905939097
591.0,932.0,655.0,932.0,591.0,932.0,4096.0,114244.0,118340.0,64.0,338.0,344.0058139043583,0.1860433673303949,1.3836626644115646,100.72196905939097
586.0,932.0,656.0,932.0,586.0,932.0,4900.0,114244.0,119144.0,70.0,338.0,345.17242068276545,0.2027971987493586,1.3665826907775311,101.70057946281581
586.0,933.0,656.0,933.0,586.0,933.0,4900.0,113569.0,118469.0,70.0,337.0,344.19325966671687,0.2033741162385956,1.3659934950138508,101.73433789338169
587.0,932.0,656.0,932.0,587.0,932.0,4761.0,114244.0,119005.0,69.0,338.0,344.97101327502867,0.20001680531050775,1.369421254126326,101.53794176304935
591.0,933.0,655.0,933.0,591.0,933.0,4096.0,113569.0,117665.0,64.0,337.0,343.02332282222443,0.18657623473949234,1.3831203007759938,100.75304420667055
589.0,930.0,654.0,930.0,589.0,930.0,4225.0,116281.0,120506.0,65.0,341.0,347.1397413146469,0.18724447899234936,1.3824400687621987,100.7920186301507
589.0,936.0,654.0,936.0,589.0,936.0,4225.0,112225.0,116450.0,65.0,335.0,341.2477106150311,0.19047746835532003,1.3791478301082194,100.98065001017355
589.0,936.0,654.0,936.0,589.0,936.0,4225.0,112896.0,117121.0,65.0,336.0,342.2294551905198,0.1899310506859042,1.3797044083784435,100.94876042432101
587.0,933.0,656.0,933.0,587.0,933.0,4761.0,113569.0,118330.0,69.0,337.0,343.99127895922015,0.20058648058975906,1.3688397951510098,101.57125690829497
586.0,934.0,655.0,934.0,586.0,934.0,4761.0,112896.0,117657.0,69.0,336.0,343.01166160933946,0.20115934156951498,1.3682550147645909,101.6047623563788
586.0,934.0,655.0,934.0,586.0,934.0,4761.0,112896.0,117657.0,69.0,336.0,343.01166160933946,0.20115934156951498,1.3682550147645909,101.6047623563788
586.0,933.0,655.0,933.0,586.0,933.0,4761.0,113569.0,118330.0,69.0,337.0,343.99127895922015,0.20058648058975906,1.3688397951510098,101.57125690829497
586.0,933.0,655.0,933.0,586.0,933.0,4761.0,113569.0,118330.0,69.0,337.0,343.99127895922015,0.20058648058975906,1.3688397951510098,101.57125690829497
587.0,933.0,656.0,933.0,587.0,933.0,4761.0,113569.0,118330.0,69.0,337.0,343.99127895922015,0.20058648058975906,1.3688397951510098,101.57125690829497
586.0,933.0,656.0,933.0,586.0,933.0,4900.0,110224.0,115124.0,70.0,332.0,339.29927792437167,0.20630754190877676,1.3629965180982249,101.90605202194519
585.0,933.0,660.0,933.0,585.0,933.0,5625.0,113569.0,119194.0,75.0,337.0,345.2448406565984,0.2172371348326667,1.3518132119083568,102.54680826762716
585.0,933.0,659.0,933.0,585.0,933.0,5476.0,114244.0,119720.0,74.0,338.0,346.0057802985378,0.21386925945616267,1.3552621668907672,102.34919770340443
584.0,933.0,658.0,933.0,584.0,933.0,5476.0,114244.0,119720.0,74.0,338.0,346.0057802985378,0.21386925945616267,1.3552621668907672,102.34919770340443
580.0,932.0,660.0,932.0,580.0,932.0,6400.0,114244.0,120644.0,80.0,338.0,347.3384516577455,0.2303229015336,1.338386834118969,103.31608304910726
580.0,937.0,660.0,937.0,580.0,937.0,6400.0,110889.0,117289.0,80.0,333.0,342.4748165924029,0.23359381806812432,1.3350242024095695,103.50874765411272
580.0,931.0,660.0,931.0,580.0,931.0,6400.0,114921.0,121321.0,80.0,339.0,348.31164206784706,0.22967937426684384,1.3390480894159535,103.27819591140938
580.0,931.0,655.0,931.0,580.0,931.0,5625.0,114921.0,120546.0,75.0,339.0,347.1973502203034,0.2160154734833404,1.3530645877693281,102.47510971220895
575.0,931.0,659.0,931.0,575.0,931.0,7056.0,114921.0,121977.0,84.0,339.0,349.25205797532533,0.24051397287953735,1.3279009939872919,103.91687743330127
576.0,935.0,656.0,935.0,576.0,935.0,6400.0,112225.0,118625.0,80.0,335.0,344.41980198589044,0.23227468205581656,1.3363806510710858,103.43102887068166
576.0,935.0,656.0,935.0,576.0,935.0,6400.0,112225.0,118625.0,80.0,335.0,344.41980198589044,0.23227468205581656,1.3363806510710858,103.43102887068166
570.0,936.0,655.0,936.0,570.0,936.0,7225.0,108241.0,115466.0,85.0,329.0,339.8028840372018,0.2501450222850203,1.3179662903840623,104.48609402047974
570.0,936.0,655.0,936.0,570.0,936.0,7225.0,108241.0,115466.0,85.0,329.0,339.8028840372018,0.2501450222850203,1.3179662903840623,104.48609402047974
565.0,936.0,655.0,936.0,565.0,936.0,8100.0,108241.0,116341.0,90.0,329.0,341.08796519373124,0.2638615523971412,1.3037728712657424,105.29931703281976
563.0,935.0,654.0,935.0,563.0,935.0,8281.0,109561.0,117842.0,91.0,331.0,343.2812258192982,0.2650887760692804,1.3025003356768106,105.37222795134575
562.0,935.0,652.0,935.0,562.0,935.0,8100.0,109561.0,117661.0,90.0,331.0,343.0174922653362,0.2623772898741321,1.3053113447397544,105.21116899586605
556.0,937.0,656.0,937.0,556.0,937.0,10000.0,108241.0,118241.0,100.0,329.0,343.8618908806267,0.2908144305956704,1.2757183782284491,106.90672108023581
554.0,939.0,653.0,939.0,554.0,939.0,9801.0,109561.0,119362.0,99.0,331.0,345.48806057518107,0.2865511469055724,1.2801712482328178,106.65159042226509
549.0,940.0,653.0,940.0,549.0,940.0,10816.0,106276.0,117092.0,104.0,326.0,342.18708333307967,0.3039273107184119,1.261984052246267,107.69363999347172
543.0,940.0,652.0,940.0,543.0,940.0,11881.0,106276.0,118157.0,109.0,326.0,343.7397271192261,0.3171003855547757,1.248125809456314,108.48765881680364
542.0,942.0,655.0,942.0,542.0,942.0,12769.0,104976.0,117745.0,113.0,324.0,343.13991315496946,0.3293117345663218,1.2352217682762483,109.22700591508442
536.0,947.0,649.0,947.0,536.0,947.0,12769.0,101761.0,114530.0,113.0,319.0,338.42281246984516,0.33390184064518036,1.2303563599513487,109.50577327770897
531.0,944.0,653.0,944.0,531.0,944.0,14884.0,104329.0,119213.0,122.0,323.0,345.2723562638631,0.35334424487422755,1.2096527796219323,110.69200105139461
525.0,947.0,651.0,947.0,525.0,947.0,15876.0,102400.0,118276.0,126.0,320.0,343.9127796404199,0.36637196248345316,1.195689465242602,111.49204003334457
519.0,954.0,649.0,954.0,519.0,954.0,16900.0,94864.0,111764.0,130.0,308.0,334.3112322372672,0.38885920502885307,1.1714033067691902,112.88353441445695
514.0,956.0,648.0,956.0,514.0,956.0,17956.0,93636.0,111592.0,134.0,306.0,334.0538878684096,0.40113288564025107,1.1580430672472777,113.64901975234642
508.0,956.0,647.0,956.0,508.0,956.0,19321.0,93636.0,112957.0,139.0,306.0,336.09076155110245,0.4135787587808037,1.144415078430342,114.42984599480832
498.0,957.0,646.0,957.0,498.0,957.0,21904.0,93025.0,114929.0,148.0,305.0,339.01179920468843,0.43656297611824596,1.119021510810428,115.88479024620945
493.0,958.0,646.0,958.0,493.0,958.0,23409.0,90000.0,113409.0,153.0,300.0,336.7625276066207,0.45432608279601244,1.099180758932569,117.02158159117704
483.0,959.0,645.0,959.0,483.0,959.0,26244.0,89401.0,115645.0,162.0,299.0,340.06617003165724,0.4763778766494744,1.0742658379885786,118.44910140816978
477.0,962.0,646.0,962.0,477.0,962.0,28561.0,85849.0,114410.0,169.0,293.0,338.2454729926182,0.4996371378004761,1.0476164977188422,119.9759961324337
466.0,958.0,643.0,958.0,466.0,958.0,31329.0,88804.0,120133.0,177.0,298.0,346.60207731633693,0.5106720691649391,1.0348300380565454,120.70860630599759
456.0,966.0,644.0,966.0,456.0,966.0,35344.0,80089.0,115433.0,188.0,283.0,339.7543230041378,0.5533410092848484,0.9844263748579132,123.59652347927808
446.0,966.0,641.0,966.0,446.0,966.0,38025.0,81225.0,119250.0,195.0,285.0,345.3259329966401,0.5646839155919902,0.9707461133931431,124.38034472384487
435.0,967.0,639.0,967.0,435.0,967.0,41616.0,78400.0,120016.0,204.0,280.0,346.433254754794,0.588858018680659,0.9411511441487407,126.0760115563686
425.0,964.0,635.0,964.0,425.0,964.0,44100.0,81796.0,125896.0,210.0,286.0,354.81826334054455,0.5918522852315748,0.9374414312608568,126.28856244804963
414.0,964.0,633.0,964.0,414.0,964.0,47961.0,81225.0,129186.0,219.0,285.0,359.42454006369684,0.609307310962098,0.9156096063618449,127.53943387383164
403.0,960.0,626.0,960.0,403.0,960.0,49729.0,81796.0,131525.0,223.0,286.0,362.6637561157718,0.6148946406676837,0.908543968690739,127.94426509195466
392.0,960.0,626.0,960.0,392.0,960.0,54756.0,80656.0,135412.0,234.0,284.0,367.98369529097346,0.6358977394772087,0.881625146877247,129.48659997133245
382.0,963.0,617.0,963.0,382.0,963.0,55225.0,80656.0,135881.0,235.0,284.0,368.62040095469484,0.6375121924651224,0.8795314649033728,129.60655911207806
372.0,959.0,617.0,959.0,372.0,959.0,60025.0,79524.0,139549.0,245.0,282.0,373.56257842562337,0.6558472774027597,0.8554918728785723,130.98392627631546
358.0,954.0,616.0,954.0,358.0,954.0,66564.0,81225.0,147789.0,258.0,285.0,384.43334922974617,0.6711176346093046,0.8350810011214056,132.1533830841839
352.0,956.0,610.0,956.0,352.0,956.0,66564.0,78961.0,145525.0,258.0,281.0,381.4773912042495,0.6763179311506364,0.8280439059838989,132.55657893559507
342.0,952.0,604.0,952.0,342.0,952.0,68644.0,80656.0,149300.0,262.0,284.0,386.39358172723314,0.6780650931850977,0.8256694192660479,132.69262700303779
330.0,953.0,598.0,953.0,330.0,953.0,71824.0,76729.0,148553.0,268.0,277.0,385.42573863197043,0.6953349845063249,0.801910423986223,134.05391715804302
322.0,949.0,590.0,949.0,322.0,949.0,71824.0,74529.0,146353.0,268.0,273.0,382.5611062301028,0.7005416798403009,0.7946400444422677,134.47047922136989
317.0,946.0,587.0,946.0,317.0,946.0,72900.0,74529.0,147429.0,270.0,273.0,383.96484214052725,0.7031893818579951,0.790922969063121,134.68345195272698
309.0,945.0,582.0,945.0,309.0,945.0,74529.0,67081.0,141610.0,273.0,259.0,376.31104156003715,0.7254636985092164,0.7590884461445261,136.50743575877496
305.0,944.0,577.0,944.0,305.0,944.0,73984.0,64516.0,138500.0,272.0,254.0,372.1558813185679,0.7308765322646245,0.7511909796261049,136.95992725912637
298.0,938.0,574.0,938.0,298.0,938.0,76176.0,64009.0,140185.0,276.0,253.0,374.41287371029324,0.7371541402007414,0.7419472680059175,137.48955292199915
290.0,934.0,572.0,934.0,290.0,934.0,79524.0,62500.0,142024.0,282.0,250.0,376.86071697644473,0.748287065477366,0.7253201730960611,138.44221528589736
285.0,927.0,563.0,927.0,285.0,927.0,77284.0,63504.0,140788.0,278.0,252.0,375.217270391436,0.7409040626247919,0.7363808552952917,137.808484877346
282.0,921.0,561.0,921.0,282.0,921.0,77841.0,62500.0,140341.0,279.0,250.0,374.62114195544274,0.7447524145158474,0.7306325655694512,138.13783761805507
277.0,913.0,552.0,913.0,277.0,913.0,75625.0,61504.0,137129.0,275.0,248.0,370.3093301552096,0.7426223905423551,0.7338187144563721,137.95528473393418
273.0,904.0,551.0,904.0,273.0,904.0,77284.0,62001.0,139285.0,278.0,249.0,373.20905669610966,0.7448908192663853,0.7304251441779821,138.14972198836696
274.0,896.0,548.0,896.0,274.0,896.0,75076.0,60025.0,135101.0,274.0,245.0,367.56087931116934,0.7454547407588427,0.7295795215710557,138.1981725948047
270.0,885.0,543.0,885.0,270.0,885.0,74529.0,59536.0,134065.0,273.0,244.0,366.1488768247146,0.7455983543292214,0.7293640395634237,138.21051880440302
266.0,874.0,547.0,874.0,266.0,874.0,78961.0,60516.0,139477.0,281.0,246.0,373.46619659615783,0.7524108006590359,0.719081888785063,138.79964264832026
262.0,866.0,538.0,866.0,262.0,866.0,76176.0,60025.0,136201.0,276.0,245.0,369.0541965619684,0.7478576387185356,0.7259672732775214,138.40513917657756
261.0,854.0,531.0,854.0,261.0,854.0,72900.0,62001.0,134901.0,270.0,249.0,367.2887147735416,0.7351165149914103,0.7449577957898783,137.31706238587134
262.0,840.0,533.0,840.0,262.0,840.0,73441.0,63001.0,136442.0,271.0,251.0,369.3805625638685,0.7336606943229239,0.7471027187548334,137.1941673525987
260.0,830.0,527.0,830.0,260.0,830.0,71289.0,63504.0,134793.0,267.0,252.0,367.14166203251847,0.7272397213704156,0.7565044725673705,136.6554865391193
260.0,818.0,524.0,818.0,260.0,818.0,69696.0,67081.0,136777.0,264.0,259.0,369.8337464320962,0.7138342634951299,0.7758382251978793,135.5477441112412
265.0,802.0,522.0,802.0,265.0,802.0,66049.0,68644.0,134693.0,257.0,262.0,367.0054495508207,0.7002620814337859,0.7950317767337356,134.4480346143698
267.0,787.0,515.0,787.0,267.0,787.0,61504.0,72361.0,133865.0,248.0,269.0,365.8756619399547,0.6778259004303497,0.8259948019328884,132.67398394950112
267.0,773.0,511.0,773.0,267.0,773.0,59536.0,76729.0,136265.0,244.0,277.0,369.14089451048363,0.6609942264011889,0.8486533933202314,131.37574229329488
271.0,757.0,511.0,757.0,271.0,757.0,57600.0,80656.0,138256.0,240.0,284.0,371.8279171875076,0.6454598724467786,0.8691711071412149,130.2001638860953
275.0,740.0,506.0,740.0,275.0,740.0,53361.0,86436.0,139797.0,231.0,294.0,373.89437011006197,0.6178215519319035,0.9048270894157868,128.15722658736905
276.0,729.0,500.0,729.0,276.0,729.0,50176.0,89401.0,139577.0,224.0,299.0,373.6000535331867,0.5995716485626846,0.9278305498562552,126.83922538993406
275.0,717.0,503.0,717.0,275.0,717.0,51984.0,91204.0,143188.0,228.0,302.0,378.4019027436305,0.6025339681086945,0.9241239812751314,127.05159612610825
277.0,702.0,497.0,702.0,277.0,702.0,48400.0,101761.0,150161.0,220.0,319.0,387.5061289837878,0.5677329558036596,0.9670469933974603,124.59228868750995
280.0,694.0,490.0,694.0,280.0,694.0,44100.0,99225.0,143325.0,210.0,315.0,378.5828839237189,0.554700196225229,0.9827937232473292,123.69006752597977
282.0,681.0,489.0,681.0,282.0,681.0,42849.0,105625.0,148474.0,207.0,325.0,385.32324092896346,0.5372113021289614,1.003669020120445,122.4940011190676
280.0,672.0,484.0,672.0,280.0,672.0,41616.0,108900.0,150516.0,204.0,330.0,387.96391584785306,0.5258220975375509,1.017115004587899,121.72360295768402
285.0,660.0,479.0,660.0,285.0,660.0,37636.0,114921.0,152557.0,194.0,339.0,390.58545799863055,0.4966902787268649,1.051015090372737,119.78127111708136
281.0,652.0,478.0,652.0,281.0,652.0,38809.0,119025.0,157834.0,197.0,345.0,397.28327425150934,0.49586784233781916,1.0519624198438806,119.72699313657648
285.0,646.0,475.0,646.0,285.0,646.0,36100.0,121104.0,157204.0,190.0,348.0,396.489596332615,0.4792055119665966,1.0710470286469818,118.63352559850057
290.0,635.0,474.0,635.0,290.0,635.0,33856.0,126025.0,159881.0,184.0,355.0,399.8512223315067,0.46017115797998037,1.0926083555742827,117.39815256486445
295.0,629.0,469.0,629.0,295.0,629.0,30276.0,129600.0,159876.0,174.0,360.0,399.84496995710725,0.4351686605402728,1.1205707305341817,115.79602649449994
298.0,626.0,464.0,626.0,298.0,626.0,27556.0,128881.0,156437.0,166.0,359.0,395.5211751600665,0.41969940024783803,1.1376822119457468,114.8156108284007
297.0,617.0,457.0,617.0,297.0,617.0,25600.0,133956.0,159556.0,160.0,366.0,399.4446144335908,0.40055615777140646,1.1586725824373607,113.61295118881527
302.0,616.0,452.0,616.0,302.0,616.0,22500.0,133225.0,155725.0,150.0,365.0,394.62007044751283,0.38011244544631195,1.1808784628640445,112.34064795999413
299.0,614.0,446.0,614.0,299.0,614.0,21609.0,138384.0,159993.0,147.0,372.0,399.99124990429476,0.3675080393262914,1.1944681983485732,111.56201347203147
306.0,606.0,439.0,606.0,306.0,606.0,17689.0,144400.0,162089.0,133.0,380.0,402.60278190792474,0.3303504247281061,1.2341215074081695,109.29004621918872
311.0,602.0,431.0,602.0,311.0,602.0,14400.0,145924.0,160324.0,120.0,382.0,400.4047951760818,0.29969671054321134,1.2664215906307448,107.43938777261384
310.0,599.0,429.0,599.0,310.0,599.0,14161.0,148996.0,163157.0,119.0,386.0,403.92697359795125,0.2946077082696801,1.2717513450263678,107.13401533990334
316.0,596.0,429.0,596.0,316.0,596.0,12769.0,149769.0,162538.0,113.0,387.0,403.16001785891416,0.2802857302172865,1.286704569019111,106.2772587150054
321.0,595.0,427.0,595.0,321.0,595.0,11236.0,152100.0,163336.0,106.0,390.0,404.14848756366763,0.26227983838069235,1.3054123329814944,105.2053827958339
320.0,590.0,420.0,590.0,320.0,590.0,10000.0,158404.0,168404.0,100.0,398.0,410.3705642465112,0.2436821953436446,1.3246356311216183,104.1039689440831
326.0,593.0,420.0,593.0,326.0,593.0,8836.0,160000.0,168836.0,94.0,400.0,410.8965806623365,0.22876802685600012,1.339984366392229,103.22455119221353
327.0,586.0,420.0,586.0,327.0,586.0,8649.0,164836.0,173485.0,93.0,406.0,416.51530584121394,0.22328111043163903,1.3456170562344254,102.90182183694947
333.0,586.0,413.0,586.0,333.0,586.0,6400.0,164836.0,171236.0,80.0,406.0,413.80671816682724,0.1933269724435643,1.3762443611762647,101.14700652592191
332.0,590.0,413.0,590.0,332.0,590.0,6561.0,161604.0,168165.0,81.0,402.0,410.07926063140525,0.1975227907777708,1.3719660476998794,101.39213583155272
332.0,592.0,413.0,592.0,332.0,592.0,6561.0,160000.0,166561.0,81.0,400.0,408.1188552370498,0.19847159463620553,1.3709980805545818,101.4475962636856
332.0,591.0,413.0,591.0,332.0,591.0,6561.0,160801.0,167362.0,81.0,401.0,409.0990100208017,0.1979960792275722,1.3714832237535635,101.41979960592448
337.0,590.0,406.0,590.0,337.0,590.0,4761.0,160000.0,164761.0,69.0,400.0,405.90762495917716,0.16998941571235437,1.3999773982833925,99.7872036646561
337.0,589.0,406.0,589.0,337.0,589.0,4761.0,166464.0,171225.0,69.0,408.0,413.7934267240116,0.16674986972671518,1.403263863669055,99.5989030685418
336.0,585.0,406.0,585.0,336.0,585.0,4900.0,169744.0,174644.0,70.0,412.0,417.90429526387976,0.16750246597920102,1.402500531524888,99.64263877876925
335.0,590.0,406.0,590.0,335.0,590.0,5041.0,165649.0,170690.0,71.0,407.0,413.14646313383827,0.17185188870175477,1.3980871090006153,99.89550926261805
334.0,589.0,399.0,589.0,334.0,589.0,4225.0,165649.0,169874.0,65.0,407.0,412.15773679502854,0.15770661132178468,1.412428558611116,99.07380472783682
335.0,589.0,399.0,589.0,335.0,589.0,4096.0,165649.0,169745.0,64.0,407.0,412.0012135904456,0.15533934825643478,1.414825364555667,98.93647786290218
335.0,591.0,399.0,591.0,335.0,591.0,4096.0,164836.0,168932.0,64.0,406.0,411.01338177728474,0.1557126916969326,1.4144474222334906,98.95813236286227
335.0,589.0,393.0,589.0,335.0,589.0,3364.0,165649.0,169013.0,58.0,407.0,411.1119069061367,0.14108080798847383,1.4292432694251858,98.11039276445764
335.0,592.0,392.0,592.0,335.0,592.0,3249.0,163216.0,166465.0,57.0,404.0,408.0012254883556,0.1397054627269172,1.4306323727085617,98.03080300901243
334.0,589.0,385.0,589.0,334.0,589.0,2601.0,164836.0,167437.0,51.0,406.0,409.19066460514466,0.12463627450839647,1.445835088005947,97.15975158533328
334.0,589.0,385.0,589.0,334.0,589.0,2601.0,164836.0,167437.0,51.0,406.0,409.19066460514466,0.12463627450839647,1.445835088005947,97.15975158533328
341.0,593.0,384.0,593.0,341.0,593.0,1849.0,167281.0,169130.0,43.0,409.0,411.254179310071,0.10455820794851918,1.46604666310534,96.00171363482636
340.0,591.0,384.0,591.0,340.0,591.0,1936.0,168100.0,170036.0,44.0,410.0,412.35421666329546,0.10670437750349926,1.4638884185291383,96.12537194019971
346.0,590.0,383.0,590.0,346.0,590.0,1369.0,168100.0,169469.0,37.0,410.0,411.6661268552466,0.08987866036646304,1.4807962151746872,95.15662655154432
346.0,589.0,383.0,589.0,346.0,589.0,1369.0,168921.0,170290.0,37.0,411.0,412.66208936610593,0.08966173766249291,1.4810140172539021,95.14414741163613
346.0,591.0,383.0,591.0,346.0,591.0,1369.0,167281.0,168650.0,37.0,409.0,410.67018396762137,0.09009663093271267,1.4805773566731626,95.16916621999223
347.0,587.0,383.0,587.0,347.0,587.0,1296.0,170569.0,171865.0,36.0,413.0,414.566038165212,0.08683779346549694,1.4838490235414494,94.98171351646661
346.0,585.0,383.0,585.0,346.0,585.0,1369.0,172225.0,173594.0,37.0,415.0,416.64613282736707,0.08880437638750521,1.4818748124627936,95.09482747914156
347.0,587.0,383.0,587.0,347.0,587.0,1296.0,170569.0,171865.0,36.0,413.0,414.566038165212,0.08683779346549694,1.4838490235414494,94.98171351646661
346.0,586.0,382.0,586.0,346.0,586.0,1296.0,171396.0,172692.0,36.0,414.0,415.56226970214703,0.086629616364842,1.4840579881189115,94.9697407281103
346.0,587.0,382.0,587.0,346.0,587.0,1296.0,169744.0,171040.0,36.0,412.0,413.5698248180106,0.08704696967638204,1.4836390522406133,94.9937439858234
346.0,592.0,382.0,592.0,346.0,592.0,1296.0,165649.0,166945.0,36.0,407.0,408.58903558465687,0.08810809117402527,1.482573837825185,95.05477627610394
345.0,585.0,380.0,585.0,345.0,585.0,1225.0,169744.0,170969.0,35.0,412.0,413.48397792417546,0.0846465688361407,1.4860483479460946,94.85570151030032
344.0,585.0,380.0,585.0,344.0,585.0,1296.0,175561.0,176857.0,36.0,419.0,420.5436957083057,0.08560347085780605,1.4850879599454498,94.91072768943228
344.0,586.0,380.0,586.0,344.0,586.0,1296.0,168921.0,170217.0,36.0,411.0,412.5736297923075,0.08725715217941257,1.4834280669423867,95.00583255295109
344.0,587.0,379.0,587.0,344.0,587.0,1225.0,173889.0,175114.0,35.0,417.0,418.4662471454538,0.08363876474805487,1.487059738755324,94.79775308549316
351.0,586.0,379.0,586.0,351.0,586.0,784.0,174724.0,175508.0,28.0,418.0,418.9367494025799,0.06683586493648287,1.50391060189923,93.83226974619478
351.0,586.0,379.0,586.0,351.0,586.0,784.0,173889.0,174673.0,28.0,417.0,417.93899076300596,0.0669954242576939,1.503750684144011,93.84143235863806
350.0,587.0,379.0,587.0,350.0,587.0,841.0,173056.0,173897.0,29.0,416.0,417.0095922158146,0.06954276482204191,1.5011973858896368,93.98772557245181
344.0,589.0,379.0,589.0,344.0,589.0,1225.0,171396.0,172621.0,35.0,414.0,415.4768344926104,0.08424055710047657,1.4864558150496783,94.83235536497456
343.0,587.0,379.0,587.0,343.0,587.0,1296.0,173056.0,174352.0,36.0,416.0,417.5547868244358,0.0862162311053483,1.4844729258544338,94.94596654710416
344.0,588.0,379.0,588.0,344.0,588.0,1225.0,172225.0,173450.0,35.0,415.0,416.473288459176,0.08403900314829149,1.4866580862637258,94.82076607809265
343.0,588.0,378.0,588.0,343.0,588.0,1225.0,172225.0,173450.0,35.0,415.0,416.473288459176,0.08403900314829149,1.4866580862637258,94.82076607809265
343.0,590.0,378.0,590.0,343.0,590.0,1225.0,171396.0,172621.0,35.0,414.0,415.4768344926104,0.08424055710047657,1.4864558150496783,94.83235536497456
343.0,588.0,378.0,588.0,343.0,588.0,1225.0,172225.0,173450.0,35.0,415.0,416.473288459176,0.08403900314829149,1.4866580862637258,94.82076607809265
343.0,588.0,378.0,588.0,343.0,588.0,1225.0,173056.0,174281.0,35.0,416.0,417.4697593838385,0.08383840796434693,1.4868593918716815,94.80923211636447
342.0,589.0,377.0,589.0,342.0,589.0,1225.0,172225.0,173450.0,35.0,415.0,416.473288459176,0.08403900314829149,1.4866580862637258,94.82076607809265
342.0,590.0,377.0,590.0,342.0,590.0,1225.0,171396.0,172621.0,35.0,414.0,415.4768344926104,0.08424055710047657,1.4864558150496783,94.83235536497456
342.0,590.0,377.0,590.0,342.0,590.0,1225.0,172225.0,173450.0,35.0,415.0,416.473288459176,0.08403900314829149,1.4866580862637258,94.82076607809265
342.0,593.0,377.0,593.0,342.0,593.0,1225.0,169744.0,170969.0,35.0,412.0,413.48397792417546,0.0846465688361407,1.4860483479460946,94.85570151030032
341.0,594.0,383.0,594.0,341.0,594.0,1764.0,169744.0,171508.0,42.0,412.0,414.13524361010377,0.1014161452038643,1.4692055238598218,95.82072424552504
341.0,593.0,376.0,593.0,341.0,593.0,1225.0,169744.0,170969.0,35.0,412.0,413.48397792417546,0.0846465688361407,1.4860483479460946,94.85570151030032
340.0,592.0,375.0,592.0,340.0,592.0,1225.0,170569.0,171794.0,35.0,413.0,414.48039760644895,0.0844430766861806,1.4862525712818986,94.84400037508067
341.0,594.0,376.0,594.0,341.0,594.0,1225.0,168921.0,170146.0,35.0,411.0,412.4875755704649,0.08485104054733153,1.4858431379605255,94.86745917638737
341.0,589.0,376.0,589.0,341.0,589.0,1225.0,173056.0,174281.0,35.0,416.0,417.4697593838385,0.08383840796434693,1.4868593918716815,94.80923211636447
341.0,588.0,376.0,588.0,341.0,588.0,1225.0,173889.0,175114.0,35.0,417.0,418.4662471454538,0.08363876474805487,1.487059738755324,94.79775308549316
341.0,588.0,376.0,588.0,341.0,588.0,1225.0,173889.0,175114.0,35.0,417.0,418.4662471454538,0.08363876474805487,1.487059738755324,94.79775308549316
341.0,589.0,376.0,589.0,341.0,589.0,1225.0,173889.0,175114.0,35.0,417.0,418.4662471454538,0.08363876474805487,1.487059738755324,94.79775308549316
340.0,589.0,375.0,589.0,340.0,589.0,1225.0,173889.0,175114.0,35.0,417.0,418.4662471454538,0.08363876474805487,1.487059738755324,94.79775308549316
341.0,590.0,375.0,590.0,341.0,590.0,1156.0,173056.0,174212.0,34.0,416.0,417.3871104861768,0.08145915181807231,1.4892468166023947,94.67244275538945
340.0,590.0,375.0,590.0,340.0,590.0,1225.0,172225.0,173450.0,35.0,415.0,416.473288459176,0.08403900314829149,1.4866580862637258,94.82076607809265
340.0,590.0,375.0,590.0,340.0,590.0,1225.0,173056.0,174281.0,35.0,416.0,417.4697593838385,0.08383840796434693,1.4868593918716815,94.80923211636447
339.0,590.0,381.0,590.0,339.0,590.0,1764.0,173056.0,174820.0,42.0,416.0,418.11481676687805,0.10045087692603179,1.470175746937771,95.76513455797236
340.0,590.0,381.0,590.0,340.0,590.0,1681.0,173056.0,174737.0,41.0,416.0,418.01554994999884,0.09808247565169344,1.4725559047060948,95.62876156327214
340.0,590.0,374.0,590.0,340.0,590.0,1156.0,173056.0,174212.0,34.0,416.0,417.3871104861768,0.08145915181807231,1.4892468166023947,94.67244275538945
340.0,589.0,374.0,589.0,340.0,589.0,1156.0,173889.0,175045.0,34.0,417.0,418.3837950972767,0.08126509773662434,1.4894415161899202,94.6612872907513
339.0,589.0,374.0,589.0,339.0,589.0,1225.0,173889.0,175114.0,35.0,417.0,418.4662471454538,0.08363876474805487,1.487059738755324,94.79775308549316
339.0,589.0,373.0,589.0,339.0,589.0,1156.0,173889.0,175045.0,34.0,417.0,418.3837950972767,0.08126509773662434,1.4894415161899202,94.6612872907513
338.0,589.0,380.0,589.0,338.0,589.0,1764.0,173889.0,175653.0,42.0,417.0,419.10977082382607,0.10021240954951349,1.4704154237119258,95.75140209036599
338.0,588.0,380.0,588.0,338.0,588.0,1764.0,173889.0,175653.0,42.0,417.0,419.10977082382607,0.10021240954951349,1.4704154237119258,95.75140209036599
338.0,590.0,379.0,590.0,338.0,590.0,1681.0,173056.0,174737.0,41.0,416.0,418.01554994999884,0.09808247565169344,1.4725559047060948,95.62876156327214
337.0,590.0,379.0,590.0,337.0,590.0,1764.0,173056.0,174820.0,42.0,416.0,418.11481676687805,0.10045087692603179,1.470175746937771,95.76513455797236
337.0,590.0,379.0,590.0,337.0,590.0,1764.0,173056.0,174820.0,42.0,416.0,418.11481676687805,0.10045087692603179,1.470175746937771,95.76513455797236
337.0,591.0,378.0,591.0,337.0,591.0,1681.0,172225.0,173906.0,41.0,415.0,417.02038319487457,0.09831653715794657,1.4723207064268056,95.64223743202415
336.0,591.0,378.0,591.0,336.0,591.0,1764.0,172225.0,173989.0,42.0,415.0,417.1198868430993,0.10069047610716869,1.4699349267777513,95.77893253676315
337.0,591.0,378.0,591.0,337.0,591.0,1681.0,172225.0,173906.0,41.0,415.0,417.02038319487457,0.09831653715794657,1.4723207064268056,95.64223743202415
336.0,591.0,378.0,591.0,336.0,591.0,1764.0,172225.0,173989.0,42.0,415.0,417.1198868430993,0.10069047610716869,1.4699349267777513,95.77893253676315
336.0,592.0,377.0,592.0,336.0,592.0,1681.0,171396.0,173077.0,41.0,414.0,416.0252396189443,0.09855171296230415,1.472084382933156,95.65577777081005
336.0,592.0,378.0,592.0,336.0,592.0,1764.0,171396.0,173160.0,42.0,414.0,416.1249812255929,0.10093121512748267,1.4696929550585982,95.79279649503215
336.0,592.0,377.0,592.0,336.0,592.0,1681.0,171396.0,173077.0,41.0,414.0,416.0252396189443,0.09855171296230415,1.472084382933156,95.65577777081005
336.0,592.0,377.0,592.0,336.0,592.0,1681.0,171396.0,173077.0,41.0,414.0,416.0252396189443,0.09855171296230415,1.472084382933156,95.65577777081005
336.0,592.0,377.0,592.0,336.0,592.0,1681.0,171396.0,173077.0,41.0,414.0,416.0252396189443,0.09855171296230415,1.472084382933156,95.65577777081005
335.0,592.0,377.0,592.0,335.0,592.0,1764.0,171396.0,173160.0,42.0,414.0,416.1249812255929,0.10093121512748267,1.4696929550585982,95.79279649503215
336.0,592.0,377.0,592.0,336.0,592.0,1681.0,171396.0,173077.0,41.0,414.0,416.0252396189443,0.09855171296230415,1.472084382933156,95.65577777081005
335.0,591.0,377.0,591.0,335.0,591.0,1764.0,172225.0,173989.0,42.0,415.0,417.1198868430993,0.10069047610716869,1.4699349267777513,95.77893253676315
336.0,593.0,377.0,593.0,336.0,593.0,1681.0,170569.0,172250.0,41.0,413.0,415.03011938894264,0.09878801100114167,1.471846926157649,95.66938304186338
336.0,593.0,377.0,593.0,336.0,593.0,1681.0,170569.0,172250.0,41.0,413.0,415.03011938894264,0.09878801100114167,1.471846926157649,95.66938304186338
329.0,594.0,377.0,594.0,329.0,594.0,2304.0,169744.0,172048.0,48.0,412.0,414.78669216839637,0.11572213117317855,1.4548143423145719,96.64527821027443
329.0,594.0,377.0,594.0,329.0,594.0,2304.0,169744.0,172048.0,48.0,412.0,414.78669216839637,0.11572213117317855,1.4548143423145719,96.64527821027443
329.0,595.0,377.0,595.0,329.0,595.0,2304.0,168921.0,171225.0,48.0,411.0,413.7934267240116,0.11599990937510621,1.4545346807124102,96.66130163977014
329.0,595.0,377.0,595.0,329.0,595.0,2304.0,168921.0,171225.0,48.0,411.0,413.7934267240116,0.11599990937510621,1.4545346807124102,96.66130163977014
329.0,595.0,377.0,595.0,329.0,595.0,2304.0,168921.0,171225.0,48.0,411.0,413.7934267240116,0.11599990937510621,1.4545346807124102,96.66130163977014
329.0,595.0,377.0,595.0,329.0,595.0,2304.0,168100.0,170404.0,48.0,410.0,412.8001937984041,0.11627901517759792,1.4542536733082363,96.67740217804125
335.0,588.0,376.0,588.0,335.0,588.0,1681.0,174724.0,176405.0,41.0,418.0,420.0059523387734,0.09761766415855394,1.4730229575117584,95.60200140869786
328.0,595.0,376.0,595.0,328.0,595.0,2304.0,168921.0,171225.0,48.0,411.0,413.7934267240116,0.11599990937510621,1.4545346807124102,96.66130163977014
335.0,588.0,376.0,588.0,335.0,588.0,1681.0,174724.0,176405.0,41.0,418.0,420.0059523387734,0.09761766415855394,1.4730229575117584,95.60200140869786
335.0,588.0,376.0,588.0,335.0,588.0,1681.0,174724.0,176405.0,41.0,418.0,420.0059523387734,0.09761766415855394,1.4730229575117584,95.60200140869786
334.0,588.0,375.0,588.0,334.0,588.0,1681.0,173889.0,175570.0,41.0,417.0,419.0107397191628,0.09784952058145284,1.4727899857623779,95.61534970668315
327.0,588.0,375.0,588.0,327.0,588.0,2304.0,173889.0,176193.0,48.0,417.0,419.75349909202663,0.11435282875265917,1.4561927961937111,96.56629862074631
327.0,589.0,375.0,589.0,327.0,589.0,2304.0,168100.0,170404.0,48.0,410.0,412.8001937984041,0.11627901517759792,1.4542536733082363,96.67740217804125
327.0,588.0,375.0,588.0,327.0,588.0,2304.0,173889.0,176193.0,48.0,417.0,419.75349909202663,0.11435282875265917,1.4561927961937111,96.56629862074631
334.0,588.0,375.0,588.0,334.0,588.0,1681.0,173889.0,175570.0,41.0,417.0,419.0107397191628,0.09784952058145284,1.4727899857623779,95.61534970668315
327.0,596.0,375.0,596.0,327.0,596.0,2304.0,167281.0,169585.0,48.0,409.0,411.80699362686886,0.11655945805401247,1.4539713104088143,96.6935803804692
331.0,588.0,372.0,588.0,331.0,588.0,1681.0,174724.0,176405.0,41.0,418.0,420.0059523387734,0.09761766415855394,1.4730229575117584,95.60200140869786
327.0,596.0,375.0,596.0,327.0,596.0,2304.0,167281.0,169585.0,48.0,409.0,411.80699362686886,0.11655945805401247,1.4539713104088143,96.6935803804692
327.0,597.0,375.0,597.0,327.0,597.0,2304.0,166464.0,168768.0,48.0,408.0,410.81382644696856,0.1168412475673972,1.4536875822280324,96.70983680775693
327.0,597.0,375.0,597.0,327.0,597.0,2304.0,167281.0,169585.0,48.0,409.0,411.80699362686886,0.11655945805401247,1.4539713104088143,96.6935803804692
327.0,597.0,375.0,597.0,327.0,597.0,2304.0,167281.0,169585.0,48.0,409.0,411.80699362686886,0.11655945805401247,1.4539713104088143,96.6935803804692
327.0,595.0,375.0,595.0,327.0,595.0,2304.0,168921.0,171225.0,48.0,411.0,413.7934267240116,0.11599990937510621,1.4545346807124102,96.66130163977014
331.0,594.0,373.0,594.0,331.0,594.0,1764.0,169744.0,171508.0,42.0,412.0,414.13524361010377,0.1014161452038643,1.4692055238598218,95.82072424552504
331.0,594.0,373.0,594.0,331.0,594.0,1764.0,169744.0,171508.0,42.0,412.0,414.13524361010377,0.1014161452038643,1.4692055238598218,95.82072424552504
331.0,594.0,372.0,594.0,331.0,594.0,1681.0,169744.0,171425.0,41.0,412.0,414.03502267320334,0.09902543928599293,1.4716083279557368,95.68305371183236
327.0,594.0,375.0,594.0,327.0,594.0,2304.0,168921.0,171225.0,48.0,411.0,413.7934267240116,0.11599990937510621,1.4545346807124102,96.66130163977014
331.0,593.0,372.0,593.0,331.0,593.0,1681.0,170569.0,172250.0,41.0,413.0,415.03011938894264,0.09878801100114167,1.471846926157649,95.66938304186338
331.0,594.0,372.0,594.0,331.0,594.0,1681.0,169744.0,171425.0,41.0,412.0,414.03502267320334,0.09902543928599293,1.4716083279557368,95.68305371183236
331.0,595.0,372.0,595.0,331.0,595.0,1681.0,168921.0,170602.0,41.0,411.0,413.0399496416781,0.09926400590443725,1.4713685801049041,95.69679025183241
331.0,592.0,373.0,592.0,331.0,592.0,1764.0,171396.0,173160.0,42.0,414.0,416.1249812255929,0.10093121512748267,1.4696929550585982,95.79279649503215
331.0,591.0,372.0,591.0,331.0,591.0,1681.0,172225.0,173906.0,41.0,415.0,417.02038319487457,0.09831653715794657,1.4723207064268056,95.64223743202415
331.0,592.0,373.0,592.0,331.0,592.0,1764.0,171396.0,173160.0,42.0,414.0,416.1249812255929,0.10093121512748267,1.4696929550585982,95.79279649503215
331.0,591.0,373.0,591.0,331.0,591.0,1764.0,172225.0,173989.0,42.0,415.0,417.1198868430993,0.10069047610716869,1.4699349267777513,95.77893253676315
331.0,591.0,373.0,591.0,331.0,591.0,1764.0,172225.0,173989.0,42.0,415.0,417.1198868430993,0.10069047610716869,1.4699349267777513,95.77893253676315
331.0,590.0,373.0,590.0,331.0,590.0,1764.0,173056.0,174820.0,42.0,416.0,418.11481676687805,0.10045087692603179,1.470175746937771,95.76513455797236
331.0,590.0,373.0,590.0,331.0,590.0,1764.0,173056.0,174820.0,42.0,416.0,418.11481676687805,0.10045087692603179,1.470175746937771,95.76513455797236
331.0,590.0,373.0,590.0,331.0,590.0,1764.0,173056.0,174820.0,42.0,416.0,418.11481676687805,0.10045087692603179,1.470175746937771,95.76513455797236
331.0,590.0,373.0,590.0,331.0,590.0,1764.0,173056.0,174820.0,42.0,416.0,418.11481676687805,0.10045087692603179,1.470175746937771,95.76513455797236
331.0,590.0,373.0,590.0,331.0,590.0,1764.0,173056.0,174820.0,42.0,416.0,418.11481676687805,0.10045087692603179,1.470175746937771,95.76513455797236
331.0,590.0,373.0,590.0,331.0,590.0,1764.0,173056.0,174820.0,42.0,416.0,418.11481676687805,0.10045087692603179,1.470175746937771,95.76513455797236
331.0,590.0,372.0,590.0,331.0,590.0,1681.0,173056.0,174737.0,41.0,416.0,418.01554994999884,0.09808247565169344,1.4725559047060948,95.62876156327214
331.0,591.0,372.0,591.0,331.0,591.0,1681.0,172225.0,173906.0,41.0,415.0,417.02038319487457,0.09831653715794657,1.4723207064268056,95.64223743202415
331.0,591.0,372.0,591.0,331.0,591.0,1681.0,172225.0,173906.0,41.0,415.0,417.02038319487457,0.09831653715794657,1.4723207064268056,95.64223743202415
331.0,591.0,372.0,591.0,331.0,591.0,1681.0,172225.0,173906.0,41.0,415.0,417.02038319487457,0.09831653715794657,1.4723207064268056,95.64223743202415
331.0,591.0,372.0,591.0,331.0,591.0,1681.0,172225.0,173906.0,41.0,415.0,417.02038319487457,0.09831653715794657,1.4723207064268056,95.64223743202415
331.0,591.0,372.0,591.0,331.0,591.0,1681.0,172225.0,173906.0,41.0,415.0,417.02038319487457,0.09831653715794657,1.4723207064268056,95.64223743202415
331.0,592.0,379.0,592.0,331.0,592.0,2304.0,165649.0,167953.0,48.0,407.0,409.8206924985609,0.11712439337154396,1.4534024788857927,96.72617202599234
331.0,592.0,379.0,592.0,331.0,592.0,2304.0,165649.0,167953.0,48.0,407.0,409.8206924985609,0.11712439337154396,1.4534024788857927,96.72617202599234
331.0,592.0,379.0,592.0,331.0,592.0,2304.0,165649.0,167953.0,48.0,407.0,409.8206924985609,0.11712439337154396,1.4534024788857927,96.72617202599234
330.0,591.0,372.0,591.0,330.0,591.0,1764.0,172225.0,173989.0,42.0,415.0,417.1198868430993,0.10069047610716869,1.4699349267777513,95.77893253676315
331.0,591.0,379.0,591.0,331.0,591.0,2304.0,166464.0,168768.0,48.0,408.0,410.81382644696856,0.1168412475673972,1.4536875822280324,96.70983680775693
331.0,592.0,372.0,592.0,331.0,592.0,1681.0,171396.0,173077.0,41.0,414.0,416.0252396189443,0.09855171296230415,1.472084382933156,95.65577777081005
331.0,592.0,372.0,592.0,331.0,592.0,1681.0,171396.0,173077.0,41.0,414.0,416.0252396189443,0.09855171296230415,1.472084382933156,95.65577777081005
331.0,593.0,372.0,593.0,331.0,593.0,1681.0,170569.0,172250.0,41.0,413.0,415.03011938894264,0.09878801100114167,1.471846926157649,95.66938304186338
331.0,592.0,372.0,592.0,331.0,592.0,1681.0,171396.0,173077.0,41.0,414.0,416.0252396189443,0.09855171296230415,1.472084382933156,95.65577777081005
327.0,592.0,376.0,592.0,327.0,592.0,2401.0,171396.0,173797.0,49.0,414.0,416.8896736547932,0.1175370921769931,1.4529869096969557,96.74998238660838
332.0,593.0,373.0,593.0,332.0,593.0,1681.0,170569.0,172250.0,41.0,413.0,415.03011938894264,0.09878801100114167,1.471846926157649,95.66938304186338
328.0,593.0,376.0,593.0,328.0,593.0,2304.0,170569.0,172873.0,48.0,413.0,415.7799898985039,0.11544567118710376,1.4550926677161755,96.62933133943125
328.0,592.0,376.0,592.0,328.0,592.0,2304.0,171396.0,173700.0,48.0,414.0,416.77331968349415,0.11517052011979113,1.4553696664279718,96.61346048231476
328.0,592.0,376.0,592.0,328.0,592.0,2304.0,171396.0,173700.0,48.0,414.0,416.77331968349415,0.11517052011979113,1.4553696664279718,96.61346048231476
328.0,597.0,377.0,597.0,328.0,597.0,2401.0,167281.0,169682.0,49.0,409.0,411.92475040958635,0.11895376510218958,1.4515602276156645,96.83172524857329
328.0,597.0,377.0,597.0,328.0,597.0,2401.0,167281.0,169682.0,49.0,409.0,411.92475040958635,0.11895376510218958,1.4515602276156645,96.83172524857329
328.0,588.0,377.0,588.0,328.0,588.0,2401.0,174724.0,177125.0,49.0,418.0,420.86221023037933,0.11642765448857353,1.4541040175176745,96.68597682322013
328.0,596.0,377.0,596.0,328.0,596.0,2401.0,168100.0,170501.0,49.0,410.0,412.9176673381753,0.11866772452695638,1.4518483086937022,96.81521941864416
328.0,594.0,377.0,594.0,328.0,594.0,2401.0,169744.0,172145.0,49.0,412.0,414.90360326225175,0.11809972151297067,1.4524203342440494,96.78244476883562
328.0,588.0,377.0,588.0,328.0,588.0,2401.0,174724.0,177125.0,49.0,418.0,420.86221023037933,0.11642765448857353,1.4541040175176745,96.68597682322013
328.0,595.0,377.0,595.0,328.0,595.0,2401.0,168921.0,171322.0,49.0,411.0,413.91061837068156,0.11838304654488857,1.4521350076110184,96.79879278069097
328.0,588.0,377.0,588.0,328.0,588.0,2401.0,175561.0,177962.0,49.0,419.0,421.8554254718078,0.11615353754238875,1.4543800069892723,96.67016379130753
329.0,590.0,377.0,590.0,329.0,590.0,2304.0,173056.0,175360.0,48.0,416.0,418.7600745056768,0.11462410798513052,1.4559197213779975,96.581944655178
329.0,589.0,378.0,589.0,329.0,589.0,2401.0,174724.0,177125.0,49.0,418.0,420.86221023037933,0.11642765448857353,1.4541040175176745,96.68597682322013
329.0,595.0,378.0,595.0,329.0,595.0,2401.0,168921.0,171322.0,49.0,411.0,413.91061837068156,0.11838304654488857,1.4521350076110184,96.79879278069097
329.0,592.0,378.0,592.0,329.0,592.0,2401.0,171396.0,173797.0,49.0,414.0,416.8896736547932,0.1175370921769931,1.4529869096969557,96.74998238660838
329.0,594.0,378.0,594.0,329.0,594.0,2401.0,164836.0,167237.0,49.0,406.0,408.94620673139883,0.11982016019085816,1.4506875912279837,96.88172363063694
323.0,594.0,379.0,594.0,323.0,594.0,3136.0,164836.0,167972.0,56.0,406.0,409.8438727125245,0.13663739713703102,1.433730152484709,97.85331330197822
323.0,595.0,379.0,595.0,323.0,595.0,3136.0,164025.0,167161.0,56.0,405.0,408.8532744151623,0.1369684517755283,1.4333959558224079,97.87246136025543
324.0,594.0,380.0,594.0,324.0,594.0,3136.0,164836.0,167972.0,56.0,406.0,409.8438727125245,0.13663739713703102,1.433730152484709,97.85331330197822
324.0,594.0,380.0,594.0,324.0,594.0,3136.0,164025.0,167161.0,56.0,405.0,408.8532744151623,0.1369684517755283,1.4333959558224079,97.87246136025543
324.0,595.0,387.0,595.0,324.0,595.0,3969.0,163216.0,167185.0,63.0,404.0,408.8826237442721,0.15407844780266858,1.4161016312258872,98.86335316916535
324.0,590.0,387.0,590.0,324.0,590.0,3969.0,167281.0,171250.0,63.0,409.0,413.82363393117123,0.15223876751920457,1.4179632761896832,98.75668876978806
325.0,593.0,387.0,593.0,325.0,593.0,3844.0,164836.0,168680.0,62.0,406.0,410.7067080046295,0.15095930694976897,1.4192576976837288,98.68252388126822
325.0,593.0,388.0,593.0,325.0,593.0,3969.0,164836.0,168805.0,63.0,406.0,410.85885654321726,0.15333732983159676,1.4168516623365468,98.82037955202105
324.0,593.0,388.0,593.0,324.0,593.0,4096.0,165649.0,169745.0,64.0,407.0,412.0012135904456,0.15533934825643478,1.414825364555667,98.93647786290218
324.0,592.0,388.0,592.0,324.0,592.0,4096.0,166464.0,170560.0,64.0,408.0,412.98910397248983,0.15496776884521193,1.415201498817867,98.91492695714786
325.0,594.0,388.0,594.0,325.0,594.0,3969.0,164836.0,168805.0,63.0,406.0,410.85885654321726,0.15333732983159676,1.4168516623365468,98.82037955202105
325.0,594.0,388.0,594.0,325.0,594.0,3969.0,164836.0,168805.0,63.0,406.0,410.85885654321726,0.15333732983159676,1.4168516623365468,98.82037955202105
326.0,595.0,388.0,595.0,326.0,595.0,3844.0,164025.0,167869.0,62.0,405.0,409.71819583709,0.15132352097111185,1.4188892510003766,98.7036343211999
326.0,596.0,396.0,596.0,326.0,596.0,4900.0,168921.0,173821.0,70.0,411.0,416.9184572551328,0.1678985393471404,1.4020987683801518,99.66565811132654
319.0,595.0,396.0,595.0,319.0,595.0,5929.0,164025.0,169954.0,77.0,405.0,412.25477559392806,0.18677770291215542,1.3829152276950645,100.76479402869955
319.0,594.0,396.0,594.0,319.0,594.0,5929.0,164836.0,170765.0,77.0,406.0,413.23722000807237,0.18633365116166412,1.383367214351223,100.73889710090543
319.0,597.0,397.0,597.0,319.0,597.0,6084.0,168100.0,174184.0,78.0,410.0,417.3535671346299,0.18689189728391314,1.3827989864718004,100.77145416019802
319.0,596.0,397.0,596.0,319.0,596.0,6084.0,163216.0,169300.0,78.0,404.0,411.4608122288197,0.18956847816803268,1.3800736898251482,100.92760215597234
319.0,597.0,397.0,597.0,319.0,597.0,6084.0,162409.0,168493.0,78.0,403.0,410.47898850002053,0.19002190656586093,1.379611867197882,100.95406264339833
320.0,597.0,397.0,597.0,320.0,597.0,5929.0,162409.0,168338.0,77.0,403.0,410.29014124153656,0.18767206973825465,1.3820047611254713,100.816959920525
316.0,591.0,400.0,591.0,316.0,591.0,7056.0,169744.0,176800.0,84.0,412.0,420.47592083257274,0.19977362754488753,1.3696694409783572,101.52372170389732
317.0,596.0,400.0,596.0,317.0,596.0,6889.0,160801.0,167690.0,83.0,401.0,409.49969474958095,0.20268635377312438,1.3666958865774834,101.69409382121994
310.0,595.0,401.0,595.0,310.0,595.0,8281.0,162409.0,170690.0,91.0,403.0,413.14646313383827,0.22026087143464346,1.3487144248894165,102.72435568542237
311.0,599.0,401.0,599.0,311.0,599.0,8100.0,160000.0,168100.0,90.0,400.0,410.0,0.21951219512195122,1.3494818844471053,102.68038349181982
313.0,602.0,402.0,602.0,313.0,602.0,7921.0,153664.0,161585.0,89.0,392.0,401.9763674645563,0.2214060507122908,1.3475402571315573,102.79163054238803
306.0,599.0,402.0,599.0,306.0,599.0,9216.0,156816.0,166032.0,96.0,396.0,407.47024431239146,0.2356000256215042,1.332960399337446,103.62699485989154
308.0,601.0,403.0,601.0,308.0,601.0,9025.0,156025.0,165050.0,95.0,395.0,406.2634613154375,0.23383840548298435,1.3347726481689992,103.52316065041602
309.0,605.0,403.0,605.0,309.0,605.0,8836.0,152881.0,161717.0,94.0,391.0,402.1405227031964,0.23374913666528846,1.3348644614816716,103.51790013509677
308.0,602.0,410.0,602.0,308.0,602.0,10404.0,155236.0,165640.0,102.0,394.0,406.9889433387595,0.2506210590470506,1.3174745914591481,104.51426629366844
308.0,603.0,410.0,603.0,308.0,603.0,10404.0,149769.0,160173.0,102.0,387.0,400.2161915765028,0.25486225231969983,1.3130910780765828,104.76542310992855
302.0,605.0,410.0,605.0,302.0,605.0,11664.0,148225.0,159889.0,108.0,385.0,399.8612259271959,0.270093705008707,1.2973059745786844,105.66984291953533
302.0,608.0,417.0,608.0,302.0,608.0,13225.0,146689.0,159914.0,115.0,383.0,399.892485550804,0.2875772967866632,1.2791000113635262,106.7129677737343
304.0,608.0,418.0,608.0,304.0,608.0,12996.0,142129.0,155125.0,114.0,377.0,393.8591118661596,0.28944360195160157,1.2771508198587103,106.82464822042301
297.0,609.0,418.0,609.0,297.0,609.0,14641.0,141376.0,156017.0,121.0,376.0,394.989873287911,0.3063369675601841,1.2594537232280125,107.83861716699718
297.0,616.0,417.0,616.0,297.0,616.0,14400.0,131044.0,145444.0,120.0,362.0,381.3712102401019,0.314654060867497,1.2507041456706687,108.33993103355537
296.0,616.0,424.0,616.0,296.0,616.0,16384.0,131769.0,148153.0,128.0,363.0,384.90648214858635,0.33254830961923854,1.2317919383020304,109.42352069705457
296.0,622.0,424.0,622.0,296.0,622.0,16384.0,128164.0,144548.0,128.0,358.0,380.1946869697156,0.3366696179270802,1.2274185293472075,109.67409857225063
291.0,625.0,430.0,625.0,291.0,625.0,19321.0,123201.0,142522.0,139.0,351.0,377.52086035078906,0.36819157455522433,1.193733123483452,111.60413015942906
291.0,623.0,435.0,623.0,291.0,623.0,20736.0,126736.0,147472.0,144.0,356.0,384.02083276822367,0.37497965660345156,1.1864214970261047,112.02305549681125
285.0,628.0,441.0,628.0,285.0,628.0,24336.0,123904.0,148240.0,156.0,352.0,385.01948002666046,0.4051743043993459,1.1536268491450934,113.90205041101085
288.0,632.0,446.0,632.0,288.0,632.0,24964.0,121801.0,146765.0,158.0,349.0,383.09920386239384,0.41242581140093504,1.145681038175305,114.35731184438846
284.0,637.0,450.0,637.0,284.0,637.0,27556.0,114244.0,141800.0,166.0,338.0,376.5634076752546,0.4408288129343601,1.1142744879205233,116.15677462305298
279.0,645.0,452.0,645.0,279.0,645.0,29929.0,111556.0,141485.0,173.0,334.0,376.14491888100787,0.4599291159233443,1.0928809583254722,117.38253357773763
278.0,648.0,462.0,648.0,278.0,648.0,33856.0,108241.0,142097.0,184.0,329.0,376.95755729259497,0.4881186129322748,1.06086350894097,119.21699829824334
273.0,655.0,461.0,655.0,273.0,655.0,35344.0,104976.0,140320.0,188.0,324.0,374.59311259018097,0.5018778874497863,1.045027792805706,120.12431799836119
273.0,661.0,467.0,661.0,273.0,661.0,37636.0,104976.0,142612.0,194.0,324.0,377.6400402499714,0.5137167125381766,1.0312850914879985,120.91171678297471
269.0,666.0,473.0,666.0,269.0,666.0,41616.0,99225.0,140841.0,204.0,315.0,375.2878894928532,0.5435826886811516,0.9960967078527067,122.92786265316414
272.0,676.0,474.0,676.0,272.0,676.0,40804.0,96721.0,137525.0,202.0,311.0,370.84363281577316,0.5447039725779763,0.9947602425235169,123.00443647599228
269.0,681.0,481.0,681.0,269.0,681.0,44944.0,95481.0,140425.0,212.0,309.0,374.73323845103465,0.56573577747281,0.9694710474329301,124.45340062196587
268.0,684.0,486.0,684.0,268.0,684.0,47524.0,94864.0,142388.0,218.0,308.0,377.3433449790787,0.5777231873854478,0.9548598146850745,125.29056259190132
270.0,696.0,485.0,696.0,270.0,696.0,46225.0,85849.0,132074.0,215.0,293.0,363.41986737106157,0.591602219095191,0.93775163381318,126.27078915100732
264.0,701.0,489.0,701.0,264.0,701.0,50625.0,87616.0,138241.0,225.0,296.0,371.8077460193642,0.6051514590776754,0.9208402242782335,127.23974154297706
265.0,708.0,499.0,708.0,265.0,708.0,54756.0,82369.0,137125.0,234.0,287.0,370.3039292257105,0.6319133596267366,0.8867768655232653,129.19142823567674
262.0,717.0,495.0,717.0,262.0,717.0,54289.0,80656.0,134945.0,233.0,284.0,367.3486082728503,0.6342748951615407,0.8837260773700035,129.36622552104714
264.0,727.0,503.0,727.0,264.0,727.0,57121.0,75076.0,132197.0,239.0,274.0,363.5890537406207,0.657335520806133,0.853518719199186,131.096979654475
263.0,736.0,506.0,736.0,263.0,736.0,59049.0,73441.0,132490.0,243.0,271.0,363.9917581484504,0.6675975336257336,0.8398190828533632,131.8819109979547
264.0,743.0,513.0,743.0,264.0,743.0,62001.0,70756.0,132757.0,249.0,266.0,364.3583400994137,0.6833931671004467,0.8183958903918894,133.1093695096936
261.0,750.0,513.0,750.0,261.0,750.0,63504.0,66564.0,130068.0,252.0,258.0,360.6494142515692,0.6987395238751688,0.797162326547207,134.3259631020155
263.0,756.0,515.0,756.0,263.0,756.0,63504.0,69169.0,132673.0,252.0,263.0,364.2430507230028,0.6918457318534796,0.806754139444447,133.7763927051245
262.0,762.0,516.0,762.0,262.0,762.0,64516.0,67081.0,131597.0,254.0,259.0,362.7630080369276,0.7001816457926823,0.7951444434800442,134.44157928531484
266.0,771.0,517.0,771.0,266.0,771.0,63001.0,66049.0,129050.0,251.0,257.0,359.23529893372114,0.6987063931217669,0.7972086378517633,134.32330965972068
265.0,781.0,521.0,781.0,265.0,781.0,65536.0,62500.0,128036.0,256.0,250.0,357.82118439242805,0.7154411509611484,0.7735410115925735,135.67936475546526
266.0,787.0,520.0,787.0,266.0,787.0,64516.0,62001.0,126517.0,254.0,249.0,355.69228273888655,0.7141003961181278,0.7754581329297762,135.56952179402907
265.0,800.0,522.0,800.0,265.0,800.0,66049.0,58081.0,124130.0,257.0,241.0,352.32087647484076,0.7294486848790307,0.753280697293813,136.84019525639278
264.0,809.0,528.0,809.0,264.0,809.0,69696.0,56644.0,126340.0,264.0,238.0,355.44338508403837,0.7427343174148024,0.7336515716876129,137.96486130916023
265.0,816.0,530.0,816.0,265.0,816.0,70225.0,55225.0,125450.0,265.0,235.0,354.18921496849674,0.7481876601566493,0.7254700082762402,138.43363036245054
265.0,828.0,532.0,828.0,265.0,828.0,71289.0,51076.0,122365.0,267.0,226.0,349.80708969373393,0.7632778404627707,0.7024248012405175,139.75402346360264
267.0,837.0,537.0,837.0,267.0,837.0,72900.0,50625.0,123525.0,270.0,225.0,351.4612354157994,0.7682212795973759,0.6947382761967031,140.19442890773482
268.0,844.0,536.0,844.0,268.0,844.0,71824.0,50176.0,122000.0,268.0,224.0,349.28498393145964,0.7672817679805833,0.6962045508057153,140.11041756103123
269.0,856.0,537.0,856.0,269.0,856.0,71824.0,45796.0,117620.0,268.0,214.0,342.9577233421052,0.7814374243809233,0.6738301956629756,141.39237368003702
272.0,861.0,543.0,861.0,272.0,861.0,73441.0,46656.0,120097.0,271.0,216.0,346.5501406723131,0.781993622839845,0.6729383303860342,141.44347379630003
273.0,869.0,542.0,869.0,273.0,869.0,72361.0,46225.0,118586.0,269.0,215.0,344.363180377926,0.7811520375226594,0.674287427515416,141.36617622463325
273.0,881.0,542.0,881.0,273.0,881.0,72361.0,44100.0,116461.0,269.0,210.0,341.2638275586793,0.7882464482812678,0.6628421902971573,142.02194001276553
276.0,886.0,546.0,886.0,276.0,886.0,72900.0,44944.0,117844.0,270.0,212.0,343.28413887041154,0.7865204634517762,0.6656420122598993,141.86152203091237
274.0,897.0,550.0,897.0,274.0,897.0,76176.0,43681.0,119857.0,276.0,209.0,346.2036972650639,0.7972185224488985,0.6481226818971269,142.86530572059462
277.0,903.0,547.0,903.0,277.0,903.0,72900.0,43264.0,116164.0,270.0,208.0,340.82840257232084,0.7921874995224564,0.6564111896256672,142.3904092092877
279.0,910.0,552.0,910.0,279.0,910.0,74529.0,43264.0,117793.0,273.0,208.0,343.20984834354624,0.7954317200324986,0.6510767214444799,142.69605172201656
281.0,917.0,548.0,917.0,281.0,917.0,71289.0,42436.0,113725.0,267.0,206.0,337.23137457834497,0.7917412795112604,0.6571420182902074,142.34853581126237
281.0,921.0,550.0,921.0,281.0,921.0,72361.0,43264.0,115625.0,269.0,208.0,340.03676271838606,0.7910909333729372,0.6582059311711357,142.28757809341556
284.0,928.0,548.0,928.0,284.0,928.0,69696.0,44944.0,114640.0,264.0,212.0,338.58529206095176,0.7797149084446202,0.6765859585802033,141.23448009554122
286.0,926.0,547.0,926.0,286.0,926.0,68121.0,46656.0,114777.0,261.0,216.0,338.7875440449368,0.7703943211246898,0.6913369287694618,140.38931175997342
289.0,934.0,553.0,934.0,289.0,934.0,69696.0,45369.0,115065.0,264.0,213.0,339.21232288936676,0.7782736126779891,0.6788845649174358,141.10277965365577
293.0,934.0,556.0,934.0,293.0,934.0,69169.0,49729.0,118898.0,263.0,223.0,344.81589290518497,0.7627258644726039,0.7032787295185194,139.70509697726624
295.0,939.0,559.0,939.0,295.0,939.0,69696.0,47524.0,117220.0,264.0,218.0,342.37406443829826,0.7710864443926867,0.6902506473841967,140.45155109871274
299.0,940.0,561.0,940.0,299.0,940.0,68644.0,51076.0,119720.0,262.0,226.0,346.0057802985378,0.7572127834799274,0.7117610580974826,139.21909534924845
303.0,943.0,562.0,943.0,303.0,943.0,67081.0,51529.0,118610.0,259.0,227.0,344.3980255460243,0.7520368317715225,0.7196494476763924,138.76712391922194
307.0,939.0,563.0,939.0,307.0,939.0,65536.0,56644.0,122180.0,256.0,238.0,349.54255821001254,0.7323857824665511,0.7489770291829414,137.08677727557077
313.0,939.0,564.0,939.0,313.0,939.0,63001.0,58564.0,121565.0,251.0,242.0,348.66172717979816,0.7198954758534886,0.7671446128873525,136.04585140535735
318.0,938.0,569.0,938.0,318.0,938.0,63001.0,63001.0,126002.0,251.0,251.0,354.9676041556469,0.7071067811865475,0.7853981633974484,135.0
324.0,941.0,573.0,941.0,324.0,941.0,62001.0,62001.0,124002.0,249.0,249.0,352.13917703090067,0.7071067811865475,0.7853981633974484,135.0
332.0,941.0,573.0,941.0,332.0,941.0,58081.0,67600.0,125681.0,241.0,260.0,354.5151618760473,0.6798016725847773,0.8233041494072809,132.82814698335466
337.0,941.0,575.0,941.0,337.0,941.0,56644.0,70225.0,126869.0,238.0,265.0,356.1867487709221,0.6681888105642786,0.8390246303058669,131.92742977594963
343.0,942.0,576.0,942.0,343.0,942.0,54289.0,70756.0,125045.0,233.0,266.0,353.61702447704636,0.6589049278511879,0.8514342708254995,131.21640974890016
353.0,941.0,578.0,941.0,353.0,941.0,50625.0,73441.0,124066.0,225.0,271.0,352.23003846918,0.6387870863537591,0.8778755694983658,129.70143493010005
360.0,939.0,581.0,939.0,360.0,939.0,48841.0,77284.0,126125.0,221.0,278.0,355.1408171415953,0.6222883693819032,0.8991336510137199,128.4834365787252
369.0,935.0,583.0,935.0,369.0,935.0,45796.0,81225.0,127021.0,214.0,285.0,356.40005611671836,0.6004488392390056,0.9267340508326838,126.90205015622493
379.0,936.0,595.0,936.0,379.0,936.0,46656.0,80089.0,126745.0,216.0,283.0,356.0126402250347,0.6067200306805594,0.9188684511778349,127.35271581978732
389.0,932.0,592.0,932.0,389.0,932.0,41209.0,81225.0,122434.0,203.0,285.0,349.90570158258356,0.5801563080620127,0.9518757436842864,125.46153726601386
395.0,929.0,597.0,929.0,395.0,929.0,40804.0,85849.0,126653.0,202.0,293.0,355.88340787398334,0.5676016232583881,0.9672065211938258,124.58314841806317
405.0,927.0,603.0,927.0,405.0,927.0,39204.0,89401.0,128605.0,198.0,299.0,358.6153928653928,0.5521235394218559,0.9858872941984119,123.51281896685848
414.0,924.0,604.0,924.0,414.0,924.0,36100.0,91204.0,127304.0,190.0,302.0,356.79686097273895,0.5325158956892194,1.009226134867964,122.17560189776485
420.0,925.0,604.0,925.0,420.0,925.0,33856.0,90000.0,123856.0,184.0,300.0,351.93181157718607,0.5228285535638341,1.0206305464417167,121.52217724675867
430.0,919.0,605.0,919.0,430.0,919.0,30625.0,93636.0,124261.0,175.0,306.0,352.5067375242635,0.4964444118971046,1.0512983476790103,119.76504166891567
436.0,919.0,606.0,919.0,436.0,919.0,28900.0,96721.0,125621.0,170.0,311.0,354.4305291591005,0.479642654946602,1.0705489073173504,118.66206584837389
446.0,913.0,607.0,913.0,446.0,913.0,25921.0,100489.0,126410.0,161.0,317.0,355.5418400132395,0.45282996789915014,1.100859492541383,116.92539724046523
457.0,916.0,608.0,916.0,457.0,916.0,22801.0,97969.0,120770.0,151.0,313.0,347.51978360950903,0.4345076370376407,1.1213047862769419,115.75396819851244
466.0,910.0,613.0,910.0,466.0,910.0,21609.0,101761.0,123370.0,147.0,319.0,351.2406582387637,0.4185164688424922,1.1389850912212052,114.74096134470187
472.0,908.0,615.0,908.0,472.0,908.0,20449.0,102400.0,122849.0,143.0,320.0,350.49821682855963,0.40799066338744333,1.1505441900298836,114.0786737679899
482.0,907.0,615.0,907.0,482.0,907.0,17689.0,103041.0,120730.0,133.0,321.0,347.4622281630048,0.38277541908125273,1.1779976773387002,112.50570481227874
491.0,905.0,615.0,905.0,491.0,905.0,15376.0,106929.0,122305.0,124.0,327.0,349.72131762304684,0.354568033892791,1.208344280919452,110.76697250454507
497.0,906.0,616.0,906.0,497.0,906.0,14161.0,106276.0,120437.0,119.0,326.0,347.0403434760864,0.3428996145175841,1.220794403103967,110.05363304895016
502.0,901.0,616.0,901.0,502.0,901.0,12996.0,109561.0,122557.0,114.0,331.0,350.0814191013285,0.3256385337235037,1.239109333394391,109.00426484123255
508.0,904.0,612.0,904.0,508.0,904.0,10816.0,106929.0,117745.0,104.0,327.0,343.13991315496946,0.3030833663265262,1.2628697765202603,107.64289173075962
513.0,902.0,613.0,902.0,513.0,902.0,10000.0,108241.0,118241.0,100.0,329.0,343.8618908806267,0.2908144305956704,1.2757183782284491,106.90672108023581
519.0,902.0,619.0,902.0,519.0,902.0,10000.0,108241.0,118241.0,100.0,329.0,343.8618908806267,0.2908144305956704,1.2757183782284491,106.90672108023581
524.0,901.0,619.0,901.0,524.0,901.0,9025.0,111556.0,120581.0,95.0,334.0,347.2477501726973,0.27357988627069146,1.2936833760934732,105.87740252360841
526.0,900.0,621.0,900.0,526.0,900.0,9025.0,112225.0,121250.0,95.0,335.0,348.209706929603,0.27282410027474047,1.2944690518198314,105.8323866204222
533.0,896.0,623.0,896.0,533.0,896.0,8100.0,114921.0,123021.0,90.0,339.0,350.7434960195271,0.2565977730774212,1.3112958629762075,104.86828135849821
539.0,895.0,624.0,895.0,539.0,895.0,7225.0,115600.0,122825.0,85.0,340.0,350.46397817750113,0.242535625036333,1.3258176636680323,104.03624346792648
544.0,895.0,624.0,895.0,544.0,895.0,6400.0,115600.0,122000.0,80.0,340.0,349.28498393145964,0.22903933372554727,1.3397056595989996,103.2405199151872
549.0,894.0,624.0,894.0,549.0,894.0,5625.0,116281.0,121906.0,75.0,341.0,349.15039739344417,0.21480714488629205,1.354301965874693,102.40421316910964
553.0,894.0,629.0,894.0,553.0,894.0,5776.0,116281.0,122057.0,76.0,341.0,349.3665696657309,0.2175365550078697,1.3515064558222374,102.56438409670176
555.0,894.0,630.0,894.0,555.0,894.0,5625.0,116281.0,121906.0,75.0,341.0,349.15039739344417,0.21480714488629205,1.354301965874693,102.40421316910964
557.0,893.0,628.0,893.0,557.0,893.0,5041.0,119716.0,124757.0,71.0,346.0,353.20956951928696,0.2010138063264536,1.3684035847771168,101.59624992169887
564.0,893.0,634.0,893.0,564.0,893.0,4900.0,119716.0,124616.0,70.0,346.0,353.00991487492246,0.19829471369041352,1.3711785483807617,101.43725621890759
567.0,892.0,633.0,892.0,567.0,892.0,4356.0,118336.0,122692.0,66.0,344.0,350.2741783232101,0.18842382363423751,1.381239352198583,100.86081462163733
568.0,891.0,634.0,891.0,568.0,891.0,4356.0,123201.0,127557.0,66.0,351.0,357.1512284733177,0.18479566844029705,1.3849323809729637,100.64921965924495
575.0,891.0,636.0,891.0,575.0,891.0,3721.0,123201.0,126922.0,61.0,351.0,356.2611401766968,0.17122271592614757,1.3987257479332755,99.85891794714388
576.0,890.0,637.0,890.0,576.0,890.0,3721.0,124609.0,128330.0,61.0,353.0,358.23176855214837,0.17028082195652655,1.3996816806954402,99.80414703437357
579.0,890.0,635.0,890.0,579.0,890.0,3136.0,124609.0,127745.0,56.0,353.0,357.4143253984093,0.15668090510243782,1.413467177213833,99.01429626537737
580.0,890.0,641.0,890.0,580.0,890.0,3721.0,124609.0,128330.0,61.0,353.0,358.23176855214837,0.17028082195652655,1.3996816806954402,99.80414703437357
586.0,890.0,637.0,890.0,586.0,890.0,2601.0,124609.0,127210.0,51.0,353.0,356.66510903086663,0.14299127867757408,1.4273132306974883,98.22097583785151
588.0,887.0,629.0,887.0,588.0,887.0,1681.0,126025.0,127706.0,41.0,355.0,357.359762704197,0.1147303201953869,1.4558128038118487,96.58807058047414
588.0,887.0,630.0,887.0,588.0,887.0,1764.0,126025.0,127789.0,42.0,355.0,357.4758733117523,0.11749044658846691,1.4530338807359204,96.74729114431635
590.0,887.0,631.0,887.0,590.0,887.0,1681.0,126025.0,127706.0,41.0,355.0,357.359762704197,0.1147303201953869,1.4558128038118487,96.58807058047414
589.0,892.0,631.0,892.0,589.0,892.0,1764.0,122500.0,124264.0,42.0,350.0,352.5109927363968,0.11914522061843064,1.4513674007765582,96.84277341263093
591.0,891.0,632.0,891.0,591.0,891.0,1681.0,123201.0,124882.0,41.0,351.0,353.3864739912947,0.11602028661971367,1.4545141649460467,96.66247710659626
592.0,891.0,628.0,891.0,592.0,891.0,1296.0,123904.0,125200.0,36.0,352.0,353.83612025908263,0.10174201540995988,1.4688779593140227,95.83949231151745
593.0,891.0,634.0,891.0,593.0,891.0,1681.0,123904.0,125585.0,41.0,352.0,354.37973982720854,0.11569510158789305,1.454841554679864,96.6437190565926
593.0,892.0,634.0,892.0,593.0,892.0,1681.0,123201.0,124882.0,41.0,351.0,353.3864739912947,0.11602028661971367,1.4545141649460467,96.66247710659626
597.0,892.0,633.0,892.0,597.0,892.0,1296.0,123201.0,124497.0,36.0,351.0,352.8413241104279,0.10202886549856946,1.468589608687643,95.85601358542895
597.0,892.0,633.0,892.0,597.0,892.0,1296.0,123201.0,124497.0,36.0,351.0,352.8413241104279,0.10202886549856946,1.468589608687643,95.85601358542895
565.0,882.0,617.0,882.0,565.0,882.0,2704.0,134689.0,137393.0,52.0,367.0,370.6656175045104,0.14028816686610335,1.430043872988096,98.06452155923975
566.0,882.0,613.0,882.0,566.0,882.0,2209.0,131044.0,133253.0,47.0,362.0,365.03835414925925,0.12875359387792532,1.4416843175023122,97.39757321691896
566.0,882.0,613.0,882.0,566.0,882.0,2209.0,131044.0,133253.0,47.0,362.0,365.03835414925925,0.12875359387792532,1.4416843175023122,97.39757321691896
562.0,882.0,614.0,882.0,562.0,882.0,2704.0,134689.0,137393.0,52.0,367.0,370.6656175045104,0.14028816686610335,1.430043872988096,98.06452155923975
563.0,882.0,615.0,882.0,563.0,882.0,2704.0,133956.0,136660.0,52.0,366.0,369.67553340733815,0.14066389387663972,1.429664382982522,98.08626473492654
563.0,881.0,615.0,881.0,563.0,881.0,2704.0,133956.0,136660.0,52.0,366.0,369.67553340733815,0.14066389387663972,1.429664382982522,98.08626473492654
563.0,882.0,614.0,882.0,563.0,882.0,2601.0,130321.0,132922.0,51.0,361.0,364.5846952355515,0.1398851917441291,1.4304508613257576,98.04120284518069
561.0,883.0,618.0,883.0,561.0,883.0,3249.0,133225.0,136474.0,57.0,365.0,369.42387578498494,0.15429430455430443,1.4158831619706356,98.87587053544463
561.0,882.0,617.0,882.0,561.0,882.0,3136.0,133225.0,136361.0,56.0,365.0,369.2709032675063,0.15165018284539092,1.418558775193323,98.72256919017525
561.0,882.0,622.0,882.0,561.0,882.0,3721.0,133225.0,136946.0,61.0,365.0,370.062156941236,0.16483717358240035,1.4052034024081619,99.48777568458887
560.0,883.0,622.0,883.0,560.0,883.0,3844.0,132496.0,136340.0,62.0,364.0,369.2424677633926,0.16791134664317398,1.4020857766428974,99.66640248303976
559.0,883.0,621.0,883.0,559.0,883.0,3844.0,133225.0,137069.0,62.0,365.0,370.22830793984406,0.16746423401549826,1.4025393112559958,99.64041686384613
560.0,884.0,621.0,884.0,560.0,884.0,3721.0,132496.0,136217.0,61.0,364.0,369.0758729583932,0.16527766909021624,1.404756781019066,99.51336520522433
560.0,884.0,621.0,884.0,560.0,884.0,3721.0,128881.0,132602.0,61.0,359.0,364.1455752854894,0.1675154227870986,1.4024873890207161,99.64339178879054
559.0,884.0,621.0,884.0,559.0,884.0,3844.0,128881.0,132725.0,62.0,359.0,364.3144246389374,0.1701826658701384,1.399781290683694,99.79843980244928
560.0,885.0,621.0,885.0,560.0,885.0,3721.0,128164.0,131885.0,61.0,358.0,363.1597444651596,0.16797015894434345,1.4020261170012243,99.6698207287149
560.0,885.0,621.0,885.0,560.0,885.0,3721.0,131769.0,135490.0,61.0,363.0,368.0896629898753,0.16572049186200014,1.4043077663053645,99.5390918532587
559.0,880.0,620.0,880.0,559.0,880.0,3721.0,131769.0,135490.0,61.0,363.0,368.0896629898753,0.16572049186200014,1.4043077663053645,99.5390918532587
554.0,880.0,621.0,880.0,554.0,880.0,4489.0,131769.0,136258.0,67.0,363.0,369.13141291415445,0.18150717510346803,1.3882774589502491,100.45756080900433
554.0,881.0,620.0,881.0,554.0,881.0,4356.0,131044.0,135400.0,66.0,362.0,367.96738985948195,0.17936372031555253,1.3904566821695448,100.33270051592177
554.0,880.0,615.0,880.0,554.0,880.0,3721.0,131769.0,135490.0,61.0,363.0,368.0896629898753,0.16572049186200014,1.4043077663053645,99.5390918532587
554.0,880.0,615.0,880.0,554.0,880.0,3721.0,131769.0,135490.0,61.0,363.0,368.0896629898753,0.16572049186200014,1.4043077663053645,99.5390918532587
554.0,881.0,615.0,881.0,554.0,881.0,3721.0,131044.0,134765.0,61.0,362.0,367.1035276321926,0.1661656601162301,1.4038563391601133,99.56495672343922
554.0,880.0,615.0,880.0,554.0,880.0,3721.0,131769.0,135490.0,61.0,363.0,368.0896629898753,0.16572049186200014,1.4043077663053645,99.5390918532587
554.0,885.0,615.0,885.0,554.0,885.0,3721.0,128164.0,131885.0,61.0,358.0,363.1597444651596,0.16797015894434345,1.4020261170012243,99.6698207287149
549.0,885.0,620.0,885.0,549.0,885.0,5041.0,128164.0,133205.0,71.0,358.0,364.97260171141613,0.19453515049367925,1.3750128020881336,101.2175696638928
553.0,885.0,614.0,885.0,553.0,885.0,3721.0,127449.0,131170.0,61.0,357.0,362.17399133565624,0.1684273345389573,1.4015623339329082,99.69639354113903
548.0,885.0,614.0,885.0,548.0,885.0,4356.0,127449.0,131805.0,66.0,357.0,363.0495833904785,0.1817933500532725,1.3879864424152935,100.47423482822582
548.0,885.0,614.0,885.0,548.0,885.0,4356.0,127449.0,131805.0,66.0,357.0,363.0495833904785,0.1817933500532725,1.3879864424152935,100.47423482822582
548.0,880.0,615.0,880.0,548.0,880.0,4489.0,131044.0,135533.0,67.0,362.0,368.1480680378481,0.18199199131234325,1.3877844312849832,100.48580921340725
548.0,881.0,619.0,881.0,548.0,881.0,5041.0,130321.0,135362.0,71.0,361.0,367.9157512257392,0.19297896261157105,1.3765990502829442,101.1266843370699
548.0,881.0,619.0,881.0,548.0,881.0,5041.0,130321.0,135362.0,71.0,361.0,367.9157512257392,0.19297896261157105,1.3765990502829442,101.1266843370699
548.0,881.0,620.0,881.0,548.0,881.0,5184.0,130321.0,135505.0,72.0,361.0,368.11003789627904,0.19559368826635246,1.3739335319452222,101.2794072880361
548.0,881.0,619.0,881.0,548.0,881.0,5041.0,130321.0,135362.0,71.0,361.0,367.9157512257392,0.19297896261157105,1.3765990502829442,101.1266843370699
548.0,881.0,619.0,881.0,548.0,881.0,5041.0,130321.0,135362.0,71.0,361.0,367.9157512257392,0.19297896261157105,1.3765990502829442,101.1266843370699
548.0,881.0,620.0,881.0,548.0,881.0,5184.0,130321.0,135505.0,72.0,361.0,368.11003789627904,0.19559368826635246,1.3739335319452222,101.2794072880361
548.0,881.0,620.0,881.0,548.0,881.0,5184.0,130321.0,135505.0,72.0,361.0,368.11003789627904,0.19559368826635246,1.3739335319452222,101.2794072880361
548.0,881.0,619.0,881.0,548.0,881.0,5041.0,130321.0,135362.0,71.0,361.0,367.9157512257392,0.19297896261157105,1.3765990502829442,101.1266843370699
548.0,881.0,615.0,881.0,548.0,881.0,4489.0,130321.0,134810.0,67.0,361.0,367.16481312892716,0.1824793596887332,1.387288762875983,100.51420892128094
549.0,881.0,620.0,881.0,549.0,881.0,5041.0,130321.0,135362.0,71.0,361.0,367.9157512257392,0.19297896261157105,1.3765990502829442,101.1266843370699
549.0,881.0,620.0,881.0,549.0,881.0,5041.0,130321.0,135362.0,71.0,361.0,367.9157512257392,0.19297896261157105,1.3765990502829442,101.1266843370699
549.0,881.0,620.0,881.0,549.0,881.0,5041.0,130321.0,135362.0,71.0,361.0,367.9157512257392,0.19297896261157105,1.3765990502829442,101.1266843370699
548.0,881.0,619.0,881.0,548.0,881.0,5041.0,130321.0,135362.0,71.0,361.0,367.9157512257392,0.19297896261157105,1.3765990502829442,101.1266843370699
547.0,886.0,624.0,886.0,547.0,886.0,5929.0,126736.0,132665.0,77.0,356.0,364.2320688791694,0.21140368072736626,1.3577854503806976,102.20462420891637
547.0,886.0,624.0,886.0,547.0,886.0,5929.0,130321.0,136250.0,77.0,361.0,369.120576505835,0.20860392213540768,1.3606490670836433,102.04055105769442
548.0,885.0,624.0,885.0,548.0,885.0,5776.0,131044.0,136820.0,76.0,362.0,369.89187609354167,0.20546544791046023,1.363857048227476,101.85674727739524
548.0,880.0,625.0,880.0,548.0,880.0,5929.0,131769.0,137698.0,77.0,363.0,371.076811455526,0.20750420835506328,1.361773383988632,101.97613244420336
547.0,886.0,624.0,886.0,547.0,886.0,5929.0,126736.0,132665.0,77.0,356.0,364.2320688791694,0.21140368072736626,1.3577854503806976,102.20462420891637
548.0,885.0,624.0,885.0,548.0,885.0,5776.0,131044.0,136820.0,76.0,362.0,369.89187609354167,0.20546544791046023,1.363857048227476,101.85674727739524
548.0,884.0,624.0,884.0,548.0,884.0,5776.0,131769.0,137545.0,76.0,363.0,370.87059737865445,0.20492322804011584,1.3644110567141914,101.82500492929204
548.0,884.0,624.0,884.0,548.0,884.0,5776.0,131769.0,137545.0,76.0,363.0,370.87059737865445,0.20492322804011584,1.3644110567141914,101.82500492929204
543.0,884.0,624.0,884.0,543.0,884.0,6561.0,131769.0,138330.0,81.0,363.0,371.9274122728789,0.2177844313894541,1.3512524905055079,102.57893523749306
542.0,885.0,629.0,885.0,542.0,885.0,7569.0,131044.0,138613.0,87.0,362.0,372.307668467895,0.23367770091338375,1.3349379319597654,103.51369058678318
538.0,888.0,628.0,888.0,538.0,888.0,8100.0,127449.0,135549.0,90.0,357.0,368.16979778357705,0.24445242532605868,1.3238413816559715,104.14947608634519
538.0,888.0,629.0,888.0,538.0,888.0,8281.0,128164.0,136445.0,91.0,358.0,369.3846233940985,0.24635567978938744,1.3218780911404524,104.2619643468425
538.0,888.0,628.0,888.0,538.0,888.0,8100.0,128164.0,136264.0,90.0,358.0,369.139540011633,0.2438102404233471,1.3245036039776046,104.11153354221626
532.0,888.0,628.0,888.0,532.0,888.0,9216.0,128164.0,137380.0,96.0,358.0,370.64808106882197,0.259005792565198,1.308803598786652,105.01107757799133
532.0,887.0,629.0,887.0,532.0,887.0,9409.0,128881.0,138290.0,97.0,359.0,371.8736344512743,0.2608412939603269,1.3069027638370065,105.11998739815698
528.0,888.0,629.0,888.0,528.0,888.0,10201.0,124609.0,134810.0,101.0,353.0,367.16481312892716,0.27508082579943355,1.2921225563220162,105.96683090909346
522.0,890.0,628.0,890.0,522.0,890.0,11236.0,123904.0,135140.0,106.0,352.0,367.6139279189514,0.2883459846041797,1.2782973232102726,106.75895841718089
520.0,892.0,626.0,892.0,520.0,892.0,11236.0,123201.0,134437.0,106.0,351.0,366.6565150109841,0.28909891317988584,1.2775109032162977,106.80401696376036
516.0,894.0,626.0,894.0,516.0,894.0,12100.0,122500.0,134600.0,110.0,350.0,366.87872655688284,0.2998265967403946,1.2662854435927842,107.4471884232822
511.0,896.0,630.0,896.0,511.0,896.0,14161.0,121801.0,135962.0,119.0,349.0,368.73025370858846,0.32272914631530886,1.2421848165900493,108.82805263415793
506.0,895.0,626.0,895.0,506.0,895.0,14400.0,122500.0,136900.0,120.0,350.0,370.0,0.32432432432432434,1.240498971965643,108.92464441605124
501.0,896.0,626.0,896.0,501.0,896.0,15625.0,121801.0,137426.0,125.0,349.0,370.7101293463668,0.33719067838906647,1.2268651102667565,109.7058071498625
495.0,902.0,630.0,902.0,495.0,902.0,18225.0,118336.0,136561.0,135.0,344.0,369.5416079415145,0.3653174557311711,1.196822520072856,111.4271207736141
490.0,901.0,629.0,901.0,490.0,901.0,19321.0,116281.0,135602.0,139.0,341.0,368.24176840765904,0.3774694016951417,1.183734319945308,112.17701940234518
480.0,903.0,628.0,903.0,480.0,903.0,21904.0,114921.0,136825.0,148.0,339.0,369.8986347636336,0.4001096140691962,1.159159878851001,113.58503116094184
473.0,905.0,625.0,905.0,473.0,905.0,23104.0,114244.0,137348.0,152.0,338.0,370.6049109226698,0.41014027477826986,1.1481884636491158,114.21364694729553
463.0,912.0,624.0,912.0,463.0,912.0,25921.0,106929.0,132850.0,161.0,327.0,364.4859393721519,0.4417179995402067,1.1132836101519663,116.21354773720464
457.0,913.0,623.0,913.0,457.0,913.0,27556.0,106929.0,134485.0,166.0,327.0,366.7219655270188,0.4526590049260894,1.1010512323864086,116.91441135658077
448.0,916.0,622.0,916.0,448.0,916.0,30276.0,104976.0,135252.0,174.0,324.0,367.7662300973269,0.47312663795681303,1.0779599298012958,118.23744553816726
438.0,919.0,621.0,919.0,438.0,919.0,33489.0,103684.0,137173.0,183.0,322.0,370.3687351815755,0.49410218146594675,1.053994481529263,119.61056457829383
427.0,918.0,620.0,918.0,427.0,918.0,37249.0,101124.0,138373.0,193.0,318.0,371.98521475994175,0.5188378256500095,1.0253054084995044,121.2543273810416
422.0,920.0,619.0,920.0,422.0,920.0,38809.0,99856.0,138665.0,197.0,316.0,372.37749663479934,0.5290330424912955,1.0133356389125836,121.9401446601162
412.0,921.0,617.0,921.0,412.0,921.0,42025.0,99856.0,141881.0,205.0,316.0,376.670943928517,0.5442416074410668,0.9953114788120562,122.97285296314452
402.0,923.0,615.0,923.0,402.0,923.0,45369.0,98596.0,143965.0,213.0,314.0,379.42719986843326,0.5613725111796359,0.9747529608680702,124.15076927437889
391.0,925.0,609.0,925.0,391.0,925.0,47524.0,97969.0,145493.0,218.0,313.0,381.43544670101124,0.5715252787475718,0.962432900965432,124.85665671014841
382.0,927.0,610.0,927.0,382.0,927.0,51984.0,94249.0,146233.0,228.0,307.0,382.4042363782075,0.5962277043774751,0.9320022962077555,126.600201930794
372.0,928.0,604.0,928.0,372.0,928.0,53824.0,90601.0,144425.0,232.0,301.0,380.0328933131973,0.6104734723812483,0.9141380825288564,127.6237459789148
360.0,924.0,597.0,924.0,360.0,924.0,56169.0,94864.0,151033.0,237.0,308.0,388.6296437483893,0.6098351060256254,0.9149438131997683,127.57758101204729
348.0,925.0,595.0,925.0,348.0,925.0,61009.0,91809.0,152818.0,247.0,303.0,390.91942903877265,0.6318437551373323,0.8868666699565997,129.1862828206651
341.0,926.0,589.0,926.0,341.0,926.0,61504.0,87616.0,149120.0,248.0,296.0,386.16058835670947,0.6422198626104073,0.8734055369251891,129.9575489308291
329.0,925.0,590.0,925.0,329.0,925.0,68121.0,88209.0,156330.0,261.0,297.0,395.38588745679834,0.6601146077286788,0.8498250028230019,131.30861401354872
322.0,923.0,588.0,923.0,322.0,923.0,70756.0,86436.0,157192.0,266.0,294.0,396.47446323817627,0.6709133239691263,0.835356559119391,132.13759477388825
316.0,920.0,575.0,920.0,316.0,920.0,67081.0,87025.0,154106.0,259.0,295.0,392.5633706804546,0.6597660896151852,0.850288878471047,131.28203589669684
311.0,922.0,578.0,922.0,311.0,922.0,71289.0,83521.0,154810.0,267.0,289.0,393.45901946708506,0.6785967198353575,0.8249458779860074,132.7340828646876
304.0,915.0,574.0,915.0,304.0,915.0,72900.0,83521.0,156421.0,270.0,289.0,395.5009481657408,0.6826785150635146,0.8193743500807459,133.05330789909846
304.0,914.0,571.0,914.0,304.0,914.0,71289.0,75625.0,146914.0,267.0,275.0,383.29362113137233,0.6965939042029787,0.8001572392474687,134.15436724428037
296.0,910.0,570.0,910.0,296.0,910.0,75076.0,75076.0,150152.0,274.0,274.0,387.49451609022805,0.7071067811865476,0.7853981633974483,135.0
292.0,907.0,558.0,907.0,292.0,907.0,70756.0,73441.0,144197.0,266.0,271.0,379.73280079550676,0.7004925554040985,0.7947088813056762,134.46653515962166
288.0,902.0,553.0,902.0,288.0,902.0,70225.0,70225.0,140450.0,265.0,265.0,374.7665940288702,0.7071067811865475,0.7853981633974484,135.0
285.0,897.0,553.0,897.0,285.0,897.0,71824.0,71824.0,143648.0,268.0,268.0,379.00923471598946,0.7071067811865476,0.7853981633974483,135.0
283.0,886.0,550.0,886.0,283.0,886.0,71289.0,73984.0,145273.0,267.0,272.0,381.1469532870491,0.700517209169234,0.7946743351727839,134.4685145072349
280.0,877.0,544.0,877.0,280.0,877.0,69696.0,72361.0,142057.0,264.0,269.0,376.90449718728485,0.7004426903105316,0.7947787512775447,134.4625319051189
278.0,870.0,545.0,870.0,278.0,870.0,71289.0,71824.0,143113.0,267.0,268.0,378.3027887816848,0.7057838533516161,0.7872673200991632,134.89290520974313
278.0,861.0,543.0,861.0,278.0,861.0,70225.0,69696.0,139921.0,265.0,264.0,374.06015558997996,0.7084422011802708,0.7835078064809079,135.10830947309114
274.0,852.0,544.0,852.0,274.0,852.0,72900.0,70225.0,143125.0,270.0,265.0,378.3186487605389,0.713684088491497,0.7760526410899583,135.53545898556453
272.0,840.0,532.0,840.0,272.0,840.0,67600.0,72900.0,140500.0,260.0,270.0,374.83329627982624,0.6936416870658706,0.8042638494191191,133.9190758133393
271.0,831.0,522.0,831.0,271.0,831.0,63001.0,73984.0,136985.0,251.0,272.0,370.11484704075303,0.6781678768276016,0.8255295689068449,132.70063983838352
271.0,819.0,514.0,819.0,271.0,819.0,59049.0,72900.0,131949.0,243.0,270.0,363.2478492709902,0.6689647316224497,0.83798122500839,131.98721249581666
273.0,805.0,518.0,805.0,273.0,805.0,60025.0,73984.0,134009.0,245.0,272.0,366.072397211262,0.6692665217765912,0.8375751336601543,132.01047981616733
272.0,793.0,515.0,793.0,272.0,793.0,59049.0,75625.0,134674.0,243.0,275.0,366.9795634636894,0.6621622133572665,0.8470958196722669,131.46498468960405
272.0,779.0,510.0,779.0,272.0,779.0,56644.0,80089.0,136733.0,238.0,283.0,369.7742554586514,0.643635938648015,0.8715566959593283,130.0634797151638
275.0,769.0,509.0,769.0,275.0,769.0,54756.0,80656.0,135412.0,234.0,284.0,367.98369529097346,0.6358977394772087,0.881625146877247,129.48659997133245
272.0,761.0,508.0,761.0,272.0,761.0,55696.0,82369.0,138065.0,236.0,287.0,371.5709891797259,0.6351410817108993,0.8826051658713411,129.4304490191282
271.0,742.0,502.0,742.0,271.0,742.0,53361.0,89401.0,142762.0,231.0,299.0,377.83858987668265,0.6113721736982789,0.9130029143777489,127.68878632301092
274.0,734.0,501.0,734.0,274.0,734.0,51529.0,89401.0,140930.0,227.0,299.0,375.40644640176333,0.6046779488625579,0.9214348695344466,127.20567087948857
271.0,725.0,494.0,725.0,271.0,725.0,49729.0,94249.0,143978.0,223.0,307.0,379.44433056773954,0.5877014940935832,0.9425813230111456,125.99406834360397
271.0,711.0,488.0,711.0,271.0,711.0,47089.0,94864.0,141953.0,217.0,308.0,376.76650594234087,0.5759535324331855,0.9570262317783282,125.16643603579288
274.0,703.0,483.0,703.0,274.0,703.0,43681.0,94864.0,138545.0,209.0,308.0,372.21633494514987,0.5615014183372646,0.9745971854974165,124.15969454566942
274.0,687.0,478.0,687.0,274.0,687.0,41616.0,103684.0,145300.0,204.0,322.0,381.18237105091833,0.5351769008560726,1.006079178990756,122.35590918784277
272.0,680.0,474.0,680.0,272.0,680.0,40804.0,106929.0,147733.0,202.0,327.0,384.36050785688167,0.5255482701027536,1.0174368973060293,121.70515986347917
272.0,670.0,475.0,670.0,272.0,670.0,41209.0,106276.0,147485.0,203.0,326.0,384.0377585602749,0.5285938569192515,1.013853096053809,121.91049654984508
277.0,658.0,470.0,658.0,277.0,658.0,37249.0,112225.0,149474.0,193.0,335.0,386.61867518266627,0.4991998896815138,1.0481211928706806,119.94707923029264
274.0,654.0,465.0,654.0,274.0,654.0,36481.0,108900.0,145381.0,191.0,330.0,381.2886046028651,0.5009328831081588,1.0461200151848375,120.06173826574721
280.0,649.0,466.0,649.0,280.0,649.0,34596.0,110889.0,145485.0,186.0,333.0,381.4249598544909,0.4876450667280841,1.0614060005938881,119.18591581611005
283.0,634.0,464.0,634.0,283.0,634.0,32761.0,117649.0,150410.0,181.0,343.0,387.82728114458376,0.46670259881104753,1.0852375767544535,117.82046708296508
287.0,630.0,457.0,630.0,287.0,630.0,28900.0,120409.0,149309.0,170.0,347.0,386.4052277079077,0.4399526398967531,1.1152503923843957,116.10085941606512
284.0,628.0,449.0,628.0,284.0,628.0,27225.0,116964.0,144189.0,165.0,342.0,379.7222669267632,0.4345281127056566,1.121282052287358,115.75527076016708
288.0,620.0,444.0,620.0,288.0,620.0,24336.0,123201.0,147537.0,156.0,351.0,384.1054542700481,0.4061384660534476,1.1525719972156676,113.96248897457818
283.0,612.0,440.0,612.0,283.0,612.0,24649.0,130321.0,154970.0,157.0,361.0,393.66229181876184,0.3988189960350107,1.1605676999172787,113.50436895553452
287.0,613.0,433.0,613.0,287.0,613.0,21316.0,128881.0,150197.0,146.0,359.0,387.55257707825916,0.3767230787127961,1.184540132836277,112.13084972461543
292.0,607.0,425.0,607.0,292.0,607.0,17689.0,133225.0,150914.0,133.0,365.0,388.4765115164622,0.3423630414122578,1.221365547630454,110.02090887809047
290.0,601.0,422.0,601.0,290.0,601.0,17424.0,137641.0,155065.0,132.0,371.0,393.7829351305107,0.3352100566680258,1.2289681493847304,109.58531188425167
292.0,604.0,419.0,604.0,292.0,604.0,16129.0,136161.0,152290.0,127.0,369.0,390.24351371931857,0.3254378241667441,1.2393216056560015,108.99210253653459
290.0,597.0,413.0,597.0,290.0,597.0,15129.0,148996.0,164125.0,123.0,386.0,405.123437979093,0.3036111675334558,1.2623158755309694,107.67462791971411
290.0,595.0,407.0,595.0,290.0,595.0,13689.0,146689.0,160378.0,117.0,383.0,400.4722212588534,0.29215509538269485,1.274316852716807,106.98702257693283
295.0,590.0,406.0,590.0,295.0,590.0,12321.0,156025.0,168346.0,111.0,395.0,410.2998903241384,0.27053382810390125,1.2968488331465788,105.69603519423553
294.0,593.0,399.0,593.0,294.0,593.0,11025.0,152881.0,163906.0,105.0,391.0,404.8530597636629,0.25935335665066933,1.3084437379483826,105.0316960852362
301.0,587.0,398.0,587.0,301.0,587.0,9409.0,156816.0,166225.0,97.0,396.0,407.7070026379238,0.23791595281021874,1.3305766997204482,103.76357078757245
302.0,591.0,398.0,591.0,302.0,591.0,9216.0,158404.0,167620.0,96.0,398.0,409.41421567893804,0.23448135488114816,1.3341113123668993,103.56105240071724
301.0,589.0,390.0,589.0,301.0,589.0,7921.0,160801.0,168722.0,89.0,401.0,410.7578362003578,0.21667267707727417,1.35239144217703,102.51367811364547
306.0,594.0,388.0,594.0,306.0,594.0,6724.0,156816.0,163540.0,82.0,396.0,404.40079129497263,0.20276913835262167,1.366611346535898,101.69893760880265
308.0,591.0,391.0,591.0,308.0,591.0,6889.0,159201.0,166090.0,83.0,399.0,407.54140893901814,0.20366028624202845,1.3657012078393238,101.75108471488788
309.0,586.0,391.0,586.0,309.0,586.0,6724.0,163216.0,169940.0,82.0,404.0,412.23779545306127,0.19891431815435462,1.3705463503395912,101.4734784984831
309.0,590.0,385.0,590.0,309.0,590.0,5776.0,160801.0,166577.0,76.0,401.0,408.1384568991263,0.1862113180351045,1.3834917266773,100.73176307012388
316.0,592.0,385.0,592.0,316.0,592.0,4761.0,163216.0,167977.0,69.0,404.0,409.84997255093236,0.16835428722988463,1.4016364394455492,99.69214760802605
314.0,592.0,384.0,592.0,314.0,592.0,4900.0,163216.0,168116.0,70.0,404.0,410.01951173084433,0.170723582652211,1.3992323404389209,99.82989233463745
315.0,594.0,378.0,594.0,315.0,594.0,3969.0,161604.0,165573.0,63.0,402.0,406.90662319505196,0.15482667621706603,1.415344315155085,98.90674418377975
314.0,593.0,370.0,593.0,314.0,593.0,3136.0,168100.0,171236.0,56.0,410.0,413.80671816682724,0.135328880710495,1.4350509375842748,97.77763789012933
314.0,592.0,370.0,592.0,314.0,592.0,3136.0,168921.0,172057.0,56.0,411.0,414.79754097631775,0.13500562194315716,1.4353771904419768,97.75894497832893
313.0,592.0,368.0,592.0,313.0,592.0,3025.0,168921.0,171946.0,55.0,411.0,414.66371917494786,0.13263759874973613,1.4377667068852453,97.62203577105252
319.0,593.0,367.0,593.0,319.0,593.0,2304.0,168100.0,170404.0,48.0,410.0,412.8001937984041,0.11627901517759792,1.4542536733082363,96.67740217804125
313.0,590.0,368.0,590.0,313.0,590.0,3025.0,170569.0,173594.0,55.0,413.0,416.64613282736707,0.13200650544088613,1.4384033987792084,97.58555601267825
319.0,591.0,367.0,591.0,319.0,591.0,2304.0,168921.0,171225.0,48.0,411.0,413.7934267240116,0.11599990937510621,1.4545346807124102,96.66130163977014
318.0,587.0,365.0,587.0,318.0,587.0,2209.0,172225.0,174434.0,47.0,415.0,417.65296598970775,0.11253361960120313,1.4580238258567915,96.46138834888853
323.0,585.0,364.0,585.0,323.0,585.0,1681.0,179776.0,181457.0,41.0,424.0,425.9776989467876,0.09624917008888217,1.4743979266027452,95.52322148282337
322.0,587.0,362.0,587.0,322.0,587.0,1600.0,178084.0,179684.0,40.0,422.0,423.8914955504533,0.09436377096468318,1.4762919476421648,95.41470207095566
322.0,587.0,362.0,587.0,322.0,587.0,1600.0,178084.0,179684.0,40.0,422.0,423.8914955504533,0.09436377096468318,1.4762919476421648,95.41470207095566
323.0,584.0,356.0,584.0,323.0,584.0,1089.0,180625.0,181714.0,33.0,425.0,426.27925119573905,0.07741404233828647,1.4933047523100398,94.43994016580595
322.0,584.0,362.0,584.0,322.0,584.0,1600.0,175561.0,177161.0,40.0,419.0,420.90497739988774,0.09503332616092429,1.4756193698646671,95.45323793900056
321.0,586.0,362.0,586.0,321.0,586.0,1681.0,179776.0,181457.0,41.0,424.0,425.9776989467876,0.09624917008888217,1.4743979266027452,95.52322148282337
320.0,592.0,361.0,592.0,320.0,592.0,1681.0,174724.0,176405.0,41.0,418.0,420.0059523387734,0.09761766415855394,1.4730229575117584,95.60200140869786
321.0,586.0,361.0,586.0,321.0,586.0,1600.0,179776.0,181376.0,40.0,424.0,425.88261293459726,0.09392259459566807,1.4767350921669102,95.38931175997341
320.0,592.0,361.0,592.0,320.0,592.0,1681.0,174724.0,176405.0,41.0,418.0,420.0059523387734,0.09761766415855394,1.4730229575117584,95.60200140869786
323.0,591.0,363.0,591.0,323.0,591.0,1600.0,174724.0,176324.0,40.0,418.0,419.90951406225605,0.09525861801280734,1.4753930512798539,95.46620503873574
322.0,591.0,363.0,591.0,322.0,591.0,1681.0,174724.0,176405.0,41.0,418.0,420.0059523387734,0.09761766415855394,1.4730229575117584,95.60200140869786
322.0,588.0,362.0,588.0,322.0,588.0,1600.0,177241.0,178841.0,40.0,421.0,422.89596829480416,0.09458591000828762,1.4760688105616002,95.42748688392487
320.0,585.0,361.0,585.0,320.0,585.0,1681.0,178929.0,180610.0,41.0,423.0,424.9823525747863,0.09647459418396678,1.474171448561178,95.53619771875756
320.0,584.0,360.0,584.0,320.0,584.0,1600.0,179776.0,181376.0,40.0,424.0,425.88261293459726,0.09392259459566807,1.4767350921669102,95.38931175997341
320.0,589.0,360.0,589.0,320.0,589.0,1600.0,180625.0,182225.0,40.0,425.0,426.8782027698299,0.0937035429320521,1.4769551141655601,95.37670542805074
319.0,588.0,360.0,588.0,319.0,588.0,1681.0,181476.0,183157.0,41.0,426.0,427.9684567815717,0.0958014530050418,1.4748477222444993,95.49745009090749
319.0,590.0,359.0,590.0,319.0,590.0,1600.0,178929.0,180529.0,40.0,423.0,424.88704381282326,0.09414266822789098,1.476514039073557,95.40197716927086
319.0,586.0,359.0,586.0,319.0,586.0,1600.0,184041.0,185641.0,40.0,429.0,430.8607663735467,0.09283741552211994,1.477825033750388,95.32686270732432
318.0,588.0,358.0,588.0,318.0,588.0,1600.0,181476.0,183076.0,40.0,426.0,427.873813173931,0.09348550616660424,1.4771741122458257,95.36415776233005
318.0,586.0,358.0,586.0,318.0,586.0,1600.0,183184.0,184784.0,40.0,428.0,429.8650951170611,0.09305244937160385,1.4776090650260174,95.33923680373759
318.0,585.0,357.0,585.0,318.0,585.0,1521.0,184900.0,186421.0,39.0,430.0,431.76498236888085,0.09032691763474263,1.4803461271566056,95.1824146953898
318.0,586.0,351.0,586.0,318.0,586.0,1089.0,183184.0,184273.0,33.0,428.0,429.27031110944534,0.0768746385341949,1.4938457683839073,94.4089422281246
318.0,587.0,351.0,587.0,318.0,587.0,1089.0,183184.0,184273.0,33.0,428.0,429.27031110944534,0.0768746385341949,1.4938457683839073,94.4089422281246
318.0,586.0,351.0,586.0,318.0,586.0,1089.0,178929.0,180018.0,33.0,423.0,424.28528138506056,0.07777785713488095,1.4929398372519276,94.46084825851655
318.0,589.0,351.0,589.0,318.0,589.0,1089.0,176400.0,177489.0,33.0,420.0,421.2944338583172,0.07833001660567397,1.4923859880562549,94.49258147991532
318.0,589.0,350.0,589.0,318.0,589.0,1024.0,176400.0,177424.0,32.0,420.0,421.2172835960082,0.07597029192821864,1.4947527675157795,94.3569750058463
317.0,589.0,350.0,589.0,317.0,589.0,1089.0,178084.0,179173.0,33.0,422.0,423.28831781659176,0.07796104596087317,1.4927560904904442,94.47137617244874
317.0,585.0,350.0,585.0,317.0,585.0,1089.0,180625.0,181714.0,33.0,425.0,426.27925119573905,0.07741404233828647,1.4933047523100398,94.43994016580595
317.0,584.0,350.0,584.0,317.0,584.0,1089.0,181476.0,182565.0,33.0,426.0,427.2762572388033,0.07723340447994144,1.4934859326154049,94.42955929897764
317.0,592.0,350.0,592.0,317.0,592.0,1089.0,174724.0,175813.0,33.0,418.0,419.3006081560102,0.07870248542001067,1.492012365805753,94.51398845800125
317.0,590.0,350.0,590.0,317.0,590.0,1089.0,176400.0,177489.0,33.0,420.0,421.2944338583172,0.07833001660567397,1.4923859880562549,94.49258147991532
317.0,590.0,350.0,590.0,317.0,590.0,1089.0,176400.0,177489.0,33.0,420.0,421.2944338583172,0.07833001660567397,1.4923859880562549,94.49258147991532
317.0,592.0,350.0,592.0,317.0,592.0,1089.0,174724.0,175813.0,33.0,418.0,419.3006081560102,0.07870248542001067,1.492012365805753,94.51398845800125
324.0,592.0,350.0,592.0,324.0,592.0,676.0,174724.0,175400.0,26.0,418.0,418.80783182743846,0.062080978492094645,1.508675401806512,93.5592668212832
324.0,592.0,350.0,592.0,324.0,592.0,676.0,173889.0,174565.0,26.0,417.0,417.8097653238852,0.062229277910354396,1.5085268150958293,93.56778021269706
324.0,592.0,350.0,592.0,324.0,592.0,676.0,174724.0,175400.0,26.0,418.0,418.80783182743846,0.062080978492094645,1.508675401806512,93.5592668212832
324.0,590.0,350.0,590.0,324.0,590.0,676.0,175561.0,176237.0,26.0,419.0,419.80590753346956,0.06193338286438267,1.5088232819997258,93.55079391033848
324.0,592.0,350.0,592.0,324.0,592.0,676.0,174724.0,175400.0,26.0,418.0,418.80783182743846,0.062080978492094645,1.508675401806512,93.5592668212832
323.0,591.0,350.0,591.0,323.0,591.0,729.0,174724.0,175453.0,27.0,418.0,418.8711018917395,0.06445897049966068,1.506292635233005,93.69578928951
324.0,591.0,350.0,591.0,324.0,591.0,676.0,174724.0,175400.0,26.0,418.0,418.80783182743846,0.062080978492094645,1.508675401806512,93.5592668212832
323.0,590.0,349.0,590.0,323.0,590.0,676.0,175561.0,176237.0,26.0,419.0,419.80590753346956,0.06193338286438267,1.5088232819997258,93.55079391033848
324.0,591.0,350.0,591.0,324.0,591.0,676.0,174724.0,175400.0,26.0,418.0,418.80783182743846,0.062080978492094645,1.508675401806512,93.5592668212832
324.0,591.0,350.0,591.0,324.0,591.0,676.0,174724.0,175400.0,26.0,418.0,418.80783182743846,0.062080978492094645,1.508675401806512,93.5592668212832
324.0,590.0,350.0,590.0,324.0,590.0,676.0,175561.0,176237.0,26.0,419.0,419.80590753346956,0.06193338286438267,1.5088232819997258,93.55079391033848
324.0,590.0,350.0,590.0,324.0,590.0,676.0,175561.0,176237.0,26.0,419.0,419.80590753346956,0.06193338286438267,1.5088232819997258,93.55079391033848
323.0,589.0,350.0,589.0,323.0,589.0,729.0,176400.0,177129.0,27.0,420.0,420.8669623527131,0.06415328931752143,1.5065989504217636,93.67823872199338
323.0,589.0,350.0,589.0,323.0,589.0,729.0,176400.0,177129.0,27.0,420.0,420.8669623527131,0.06415328931752143,1.5065989504217636,93.67823872199338
324.0,590.0,350.0,590.0,324.0,590.0,676.0,175561.0,176237.0,26.0,419.0,419.80590753346956,0.06193338286438267,1.5088232819997258,93.55079391033848
324.0,590.0,350.0,590.0,324.0,590.0,676.0,175561.0,176237.0,26.0,419.0,419.80590753346956,0.06193338286438267,1.5088232819997258,93.55079391033848
324.0,589.0,350.0,589.0,324.0,589.0,676.0,176400.0,177076.0,26.0,420.0,420.80399237649823,0.06178648603870064,1.5089704606962449,93.5423611921937
324.0,589.0,350.0,589.0,324.0,589.0,676.0,176400.0,177076.0,26.0,420.0,420.80399237649823,0.06178648603870064,1.5089704606962449,93.5423611921937
324.0,588.0,351.0,588.0,324.0,588.0,729.0,177241.0,177970.0,27.0,421.0,421.86490728668105,0.06400153113862105,1.5067510211165682,93.66952571299346
325.0,587.0,351.0,587.0,325.0,587.0,676.0,178084.0,178760.0,26.0,422.0,422.8001892147164,0.061494769073521076,1.5092627334458533,93.52561519717446
325.0,587.0,352.0,587.0,325.0,587.0,729.0,178084.0,178813.0,27.0,422.0,422.8628619304372,0.0638504877840079,1.5069023740424101,93.66085382912576
325.0,587.0,352.0,587.0,325.0,587.0,729.0,178084.0,178813.0,27.0,422.0,422.8628619304372,0.0638504877840079,1.5069023740424101,93.66085382912576
325.0,587.0,352.0,587.0,325.0,587.0,729.0,178084.0,178813.0,27.0,422.0,422.8628619304372,0.0638504877840079,1.5069023740424101,93.66085382912576
325.0,586.0,352.0,586.0,325.0,586.0,729.0,178929.0,179658.0,27.0,423.0,423.8608262153982,0.06370015422533787,1.5070530142622096,93.65222278030633
325.0,585.0,352.0,585.0,325.0,585.0,729.0,179776.0,180505.0,27.0,424.0,424.8588000736245,0.06355052548122135,1.5072029467914474,93.64363227916928
319.0,591.0,352.0,591.0,319.0,591.0,1089.0,173889.0,174978.0,33.0,417.0,418.3037174111653,0.07889004717489315,1.4918242190535045,94.52476847283418
326.0,587.0,352.0,587.0,326.0,587.0,676.0,178084.0,178760.0,26.0,422.0,422.8001892147164,0.061494769073521076,1.5092627334458533,93.52561519717446
326.0,587.0,359.0,587.0,326.0,587.0,1089.0,178084.0,179173.0,33.0,422.0,423.28831781659176,0.07796104596087317,1.4927560904904442,94.47137617244874
326.0,586.0,359.0,586.0,326.0,586.0,1089.0,178929.0,180018.0,33.0,423.0,424.28528138506056,0.07777785713488095,1.4929398372519276,94.46084825851655
325.0,592.0,359.0,592.0,325.0,592.0,1156.0,173889.0,175045.0,34.0,417.0,418.3837950972767,0.08126509773662434,1.4894415161899202,94.6612872907513
325.0,592.0,358.0,592.0,325.0,592.0,1089.0,173056.0,174145.0,33.0,416.0,417.306841544684,0.07907850223075352,1.4916351733926358,94.53559999133722
325.0,586.0,358.0,586.0,325.0,586.0,1089.0,178084.0,179173.0,33.0,422.0,423.28831781659176,0.07796104596087317,1.4927560904904442,94.47137617244874
325.0,586.0,358.0,586.0,325.0,586.0,1089.0,178084.0,179173.0,33.0,422.0,423.28831781659176,0.07796104596087317,1.4927560904904442,94.47137617244874
325.0,592.0,358.0,592.0,325.0,592.0,1089.0,173056.0,174145.0,33.0,416.0,417.306841544684,0.07907850223075352,1.4916351733926358,94.53559999133722
325.0,591.0,358.0,591.0,325.0,591.0,1089.0,173889.0,174978.0,33.0,417.0,418.3037174111653,0.07889004717489315,1.4918242190535045,94.52476847283418
325.0,591.0,358.0,591.0,325.0,591.0,1089.0,173889.0,174978.0,33.0,417.0,418.3037174111653,0.07889004717489315,1.4918242190535045,94.52476847283418
325.0,590.0,358.0,590.0,325.0,590.0,1089.0,174724.0,175813.0,33.0,418.0,419.3006081560102,0.07870248542001067,1.492012365805753,94.51398845800125
325.0,591.0,358.0,591.0,325.0,591.0,1089.0,173889.0,174978.0,33.0,417.0,418.3037174111653,0.07889004717489315,1.4918242190535045,94.52476847283418
325.0,591.0,358.0,591.0,325.0,591.0,1089.0,173889.0,174978.0,33.0,417.0,418.3037174111653,0.07889004717489315,1.4918242190535045,94.52476847283418
325.0,591.0,358.0,591.0,325.0,591.0,1089.0,179776.0,180865.0,33.0,424.0,425.28225921145594,0.07759552458451358,1.493122722514324,94.4503697048461
326.0,591.0,359.0,591.0,326.0,591.0,1089.0,179776.0,180865.0,33.0,424.0,425.28225921145594,0.07759552458451358,1.493122722514324,94.4503697048461
326.0,591.0,359.0,591.0,326.0,591.0,1089.0,174724.0,175813.0,33.0,418.0,419.3006081560102,0.07870248542001067,1.492012365805753,94.51398845800125
326.0,591.0,359.0,591.0,326.0,591.0,1089.0,180625.0,181714.0,33.0,425.0,426.27925119573905,0.07741404233828647,1.4933047523100398,94.43994016580595
326.0,585.0,359.0,585.0,326.0,585.0,1089.0,184900.0,185989.0,33.0,430.0,431.26442004876776,0.07651918049782157,1.4942022765333807,94.38851581579776
326.0,585.0,360.0,585.0,326.0,585.0,1156.0,184900.0,186056.0,34.0,430.0,431.34209161638745,0.07882374723178599,1.4918907261031535,94.52095789958142
326.0,591.0,360.0,591.0,326.0,591.0,1156.0,174724.0,175880.0,34.0,418.0,419.38049549305464,0.08107196296772717,1.489635290338023,94.65018484988626
327.0,591.0,360.0,591.0,327.0,591.0,1089.0,174724.0,175813.0,33.0,418.0,419.3006081560102,0.07870248542001067,1.492012365805753,94.51398845800125
321.0,591.0,360.0,591.0,321.0,591.0,1521.0,174724.0,176245.0,39.0,418.0,419.81543563809083,0.09289796584235323,1.477764220623673,95.33034704282409
321.0,590.0,361.0,590.0,321.0,590.0,1600.0,175561.0,177161.0,40.0,419.0,420.90497739988774,0.09503332616092429,1.4756193698646671,95.45323793900056
321.0,589.0,361.0,589.0,321.0,589.0,1600.0,176400.0,178000.0,40.0,420.0,421.90046219457975,0.09480909262799544,1.4758446204521403,95.44033203100551
321.0,589.0,361.0,589.0,321.0,589.0,1600.0,176400.0,178000.0,40.0,420.0,421.90046219457975,0.09480909262799544,1.4758446204521403,95.44033203100551
321.0,589.0,361.0,589.0,321.0,589.0,1600.0,176400.0,178000.0,40.0,420.0,421.90046219457975,0.09480909262799544,1.4758446204521403,95.44033203100551
321.0,588.0,361.0,588.0,321.0,588.0,1600.0,177241.0,178841.0,40.0,421.0,422.89596829480416,0.09458591000828762,1.4760688105616002,95.42748688392487
322.0,588.0,362.0,588.0,322.0,588.0,1600.0,178084.0,179684.0,40.0,422.0,423.8914955504533,0.09436377096468318,1.4762919476421648,95.41470207095566
322.0,589.0,362.0,589.0,322.0,589.0,1600.0,177241.0,178841.0,40.0,421.0,422.89596829480416,0.09458591000828762,1.4760688105616002,95.42748688392487
322.0,589.0,362.0,589.0,322.0,589.0,1600.0,177241.0,178841.0,40.0,421.0,422.89596829480416,0.09458591000828762,1.4760688105616002,95.42748688392487
322.0,589.0,362.0,589.0,322.0,589.0,1600.0,177241.0,178841.0,40.0,421.0,422.89596829480416,0.09458591000828762,1.4760688105616002,95.42748688392487
323.0,589.0,363.0,589.0,323.0,589.0,1600.0,177241.0,178841.0,40.0,421.0,422.89596829480416,0.09458591000828762,1.4760688105616002,95.42748688392487
323.0,587.0,363.0,587.0,323.0,587.0,1600.0,178084.0,179684.0,40.0,422.0,423.8914955504533,0.09436377096468318,1.4762919476421648,95.41470207095566
329.0,587.0,363.0,587.0,329.0,587.0,1156.0,178084.0,179240.0,34.0,422.0,423.3674526932839,0.08030848801367806,1.4904012629736583,94.60629785064185
329.0,587.0,363.0,587.0,329.0,587.0,1156.0,178084.0,179240.0,34.0,422.0,423.3674526932839,0.08030848801367806,1.4904012629736583,94.60629785064185
329.0,586.0,363.0,586.0,329.0,586.0,1156.0,178929.0,180085.0,34.0,423.0,424.3642303493545,0.0801198535795766,1.4905905072189305,94.59545495409061
329.0,586.0,363.0,586.0,329.0,586.0,1156.0,178929.0,180085.0,34.0,423.0,424.3642303493545,0.0801198535795766,1.4905905072189305,94.59545495409061
329.0,586.0,363.0,586.0,329.0,586.0,1156.0,178929.0,180085.0,34.0,423.0,424.3642303493545,0.0801198535795766,1.4905905072189305,94.59545495409061
323.0,585.0,364.0,585.0,323.0,585.0,1681.0,180625.0,182306.0,41.0,425.0,426.9730670662963,0.09602479210622882,1.4746233487155855,95.5103057471487
323.0,585.0,364.0,585.0,323.0,585.0,1681.0,179776.0,181457.0,41.0,424.0,425.9776989467876,0.09624917008888217,1.4743979266027452,95.52322148282337
324.0,584.0,358.0,584.0,324.0,584.0,1156.0,181476.0,182632.0,34.0,426.0,427.35465365431554,0.07955921319509576,1.4911529430584745,94.56322975423785
324.0,585.0,358.0,585.0,324.0,585.0,1156.0,180625.0,181781.0,34.0,425.0,426.3578309354714,0.07974522228289,1.4909663410826592,94.57392125990086
325.0,585.0,358.0,585.0,325.0,585.0,1089.0,180625.0,181714.0,33.0,425.0,426.27925119573905,0.07741404233828647,1.4933047523100398,94.43994016580595
325.0,591.0,358.0,591.0,325.0,591.0,1089.0,175561.0,176650.0,33.0,419.0,420.2975136733502,0.07851581064942291,1.4921996200323888,94.50325958111902
325.0,590.0,359.0,590.0,325.0,590.0,1156.0,176400.0,177556.0,34.0,420.0,421.3739431906059,0.0806884254459472,1.4900200885263237,94.62813753773236
325.0,589.0,359.0,589.0,325.0,589.0,1156.0,177241.0,178397.0,34.0,421.0,422.3706902709988,0.08049800988365252,1.4902111255177517,94.61719192439266
325.0,589.0,359.0,589.0,325.0,589.0,1156.0,177241.0,178397.0,34.0,421.0,422.3706902709988,0.08049800988365252,1.4902111255177517,94.61719192439266
325.0,589.0,359.0,589.0,325.0,589.0,1156.0,177241.0,178397.0,34.0,421.0,422.3706902709988,0.08049800988365252,1.4902111255177517,94.61719192439266
325.0,589.0,359.0,589.0,325.0,589.0,1156.0,177241.0,178397.0,34.0,421.0,422.3706902709988,0.08049800988365252,1.4902111255177517,94.61719192439266
325.0,588.0,359.0,588.0,325.0,588.0,1156.0,178084.0,179240.0,34.0,422.0,423.3674526932839,0.08030848801367806,1.4904012629736583,94.60629785064185
325.0,587.0,359.0,587.0,325.0,587.0,1156.0,178929.0,180085.0,34.0,423.0,424.3642303493545,0.0801198535795766,1.4905905072189305,94.59545495409061
325.0,587.0,359.0,587.0,325.0,587.0,1156.0,178929.0,180085.0,34.0,423.0,424.3642303493545,0.0801198535795766,1.4905905072189305,94.59545495409061
325.0,588.0,359.0,588.0,325.0,588.0,1156.0,178084.0,179240.0,34.0,422.0,423.3674526932839,0.08030848801367806,1.4904012629736583,94.60629785064185
326.0,587.0,360.0,587.0,326.0,587.0,1156.0,178929.0,180085.0,34.0,423.0,424.3642303493545,0.0801198535795766,1.4905905072189305,94.59545495409061
326.0,587.0,360.0,587.0,326.0,587.0,1156.0,178084.0,179240.0,34.0,422.0,423.3674526932839,0.08030848801367806,1.4904012629736583,94.60629785064185
326.0,593.0,360.0,593.0,326.0,593.0,1156.0,173056.0,174212.0,34.0,416.0,417.3871104861768,0.08145915181807231,1.4892468166023947,94.67244275538945
327.0,593.0,361.0,593.0,327.0,593.0,1156.0,173889.0,175045.0,34.0,417.0,418.3837950972767,0.08126509773662434,1.4894415161899202,94.6612872907513
329.0,592.0,364.0,592.0,329.0,592.0,1225.0,174724.0,175949.0,35.0,418.0,419.4627516240268,0.08344006676276045,1.487259133731346,94.78632859491098
331.0,591.0,365.0,591.0,331.0,591.0,1156.0,175561.0,176717.0,34.0,419.0,420.3772115612358,0.08087974101575976,1.4898281456147617,94.63913505647231
332.0,590.0,366.0,590.0,332.0,590.0,1156.0,176400.0,177556.0,34.0,420.0,421.3739431906059,0.0806884254459472,1.4900200885263237,94.62813753773236
332.0,588.0,367.0,588.0,332.0,588.0,1225.0,178084.0,179309.0,35.0,422.0,423.4489343474606,0.08265459459458879,1.4880473286576683,94.7411683521991
332.0,585.0,367.0,585.0,332.0,585.0,1225.0,180625.0,181850.0,35.0,425.0,426.4387412044079,0.08207509454030398,1.4886288044331966,94.70785224437222
331.0,587.0,373.0,587.0,331.0,587.0,1764.0,179776.0,181540.0,42.0,424.0,426.07511074926686,0.0985741690617451,1.472061816955884,95.65707070606832
331.0,594.0,373.0,594.0,331.0,594.0,1764.0,168921.0,170685.0,42.0,411.0,413.14041196668234,0.10166035271172429,1.4689600476408782,95.83478899684134
332.0,587.0,374.0,587.0,332.0,587.0,1764.0,174724.0,176488.0,42.0,418.0,420.10474884247617,0.09997506601799555,1.4706539651965815,95.73773467005643
333.0,586.0,382.0,586.0,333.0,586.0,2401.0,175561.0,177962.0,49.0,419.0,421.8554254718078,0.11615353754238875,1.4543800069892723,96.67016379130753
327.0,591.0,383.0,591.0,327.0,591.0,3136.0,170569.0,173705.0,56.0,413.0,416.7793181049175,0.13436367297357807,1.4360250423171654,97.72182580013097
328.0,591.0,384.0,591.0,328.0,591.0,3136.0,170569.0,173705.0,56.0,413.0,416.7793181049175,0.13436367297357807,1.4360250423171654,97.72182580013097
329.0,591.0,385.0,591.0,329.0,591.0,3136.0,170569.0,173705.0,56.0,413.0,416.7793181049175,0.13436367297357807,1.4360250423171654,97.72182580013097
326.0,591.0,389.0,591.0,326.0,591.0,3969.0,164836.0,168805.0,63.0,406.0,410.85885654321726,0.15333732983159676,1.4168516623365468,98.82037955202105
328.0,591.0,391.0,591.0,328.0,591.0,3969.0,165649.0,169618.0,63.0,407.0,411.847058991563,0.15296940605636472,1.4172239785399199,98.79904740492344
328.0,596.0,392.0,596.0,328.0,596.0,4096.0,162409.0,166505.0,64.0,403.0,408.0502420045845,0.15684343105788662,1.4133026166947587,99.02372488859481
323.0,598.0,394.0,598.0,323.0,598.0,5041.0,156025.0,161066.0,71.0,395.0,401.33028791757044,0.1769116414522463,1.392948618830008,100.18992306246331
325.0,595.0,401.0,595.0,325.0,595.0,5776.0,158404.0,164180.0,76.0,398.0,405.1913128387626,0.18756571918471165,1.3821130344068113,100.81075631847018
320.0,602.0,402.0,602.0,320.0,602.0,6724.0,148225.0,154949.0,82.0,385.0,393.6356183070836,0.20831448219208162,1.3609450085474157,102.02359486083733
324.0,598.0,405.0,598.0,324.0,598.0,6561.0,155236.0,161797.0,81.0,394.0,402.2399781225133,0.20137232598826665,1.3680375809222651,101.61722039786738
317.0,601.0,405.0,601.0,317.0,601.0,7744.0,148225.0,155969.0,88.0,385.0,394.92910756235733,0.22282480150214107,1.346085158380254,102.87500155961247
318.0,601.0,411.0,601.0,318.0,601.0,8649.0,143641.0,152290.0,93.0,379.0,390.24351371931857,0.2383127373819465,1.3301681644991554,103.78697813153498
319.0,600.0,412.0,600.0,319.0,600.0,8649.0,142129.0,150778.0,93.0,377.0,388.3014293046061,0.23950465535640722,1.3289407016095562,103.85730657461794
312.0,601.0,418.0,601.0,312.0,601.0,11236.0,142129.0,153365.0,106.0,377.0,391.61843674679056,0.2706716284364738,1.296705692390404,105.70423655544067
313.0,607.0,424.0,607.0,313.0,607.0,12321.0,133956.0,146277.0,111.0,366.0,382.4617627946616,0.2902250912324387,1.2763342821607901,106.87143238432716
308.0,608.0,431.0,608.0,308.0,608.0,15129.0,133225.0,148354.0,123.0,365.0,385.1674960325702,0.31934158844389865,1.245761711954971,108.623111625988
309.0,615.0,438.0,615.0,309.0,615.0,16641.0,129600.0,146241.0,129.0,360.0,382.41469637031474,0.33733013198604084,1.226716977795086,109.71429451529805
304.0,614.0,444.0,614.0,304.0,614.0,19600.0,126736.0,146336.0,140.0,356.0,382.5388869121674,0.36597586491159684,1.1961151265121204,111.46765143909899
300.0,619.0,445.0,619.0,300.0,619.0,21025.0,123904.0,144929.0,145.0,352.0,380.69541631072997,0.3808819171115225,1.1800464055442457,112.38832133273158
301.0,620.0,446.0,620.0,301.0,620.0,21025.0,123904.0,144929.0,145.0,352.0,380.69541631072997,0.3808819171115225,1.1800464055442457,112.38832133273158
296.0,624.0,446.0,624.0,296.0,624.0,22500.0,126736.0,149236.0,150.0,356.0,386.3107557394694,0.3882884381846231,1.1720227510483714,112.84804287161634
296.0,629.0,451.0,629.0,296.0,629.0,24025.0,119716.0,143741.0,155.0,346.0,379.1319031682773,0.4088286918212826,1.149626103220065,114.13127626741914
291.0,633.0,454.0,633.0,291.0,633.0,26569.0,119025.0,145594.0,163.0,345.0,381.5678183495039,0.4271848729409806,1.1294193610293137,115.28903731265812
297.0,635.0,458.0,635.0,297.0,635.0,25921.0,116281.0,142202.0,161.0,341.0,377.09680454758563,0.4269460734178231,1.1296834553187372,115.27390582448065
293.0,639.0,460.0,639.0,293.0,639.0,27889.0,120409.0,148298.0,167.0,347.0,385.094793524919,0.43365945945772344,1.1222462930077437,115.70002383645433
290.0,644.0,464.0,644.0,290.0,644.0,30276.0,112225.0,142501.0,174.0,335.0,377.49304629357084,0.4609356429434272,1.0917470921146766,117.44749932614872
289.0,650.0,466.0,650.0,289.0,650.0,31329.0,109561.0,140890.0,177.0,331.0,375.3531670307312,0.47155589867584236,1.0797419942424669,118.13534076686781
286.0,656.0,468.0,656.0,286.0,656.0,33124.0,110224.0,143348.0,182.0,332.0,378.61325914447315,0.48070160144748525,1.0693416824358313,118.73123473900812
286.0,660.0,466.0,660.0,286.0,660.0,32400.0,108900.0,141300.0,180.0,330.0,375.89892258425004,0.4788521306805733,1.0714496051147666,118.61045966596521
289.0,663.0,475.0,663.0,289.0,663.0,34596.0,108241.0,142837.0,186.0,329.0,377.9378255745249,0.49214444126424967,1.0562448635108657,119.48162718845572
284.0,670.0,475.0,670.0,284.0,670.0,36481.0,103041.0,139522.0,191.0,321.0,373.5264381539813,0.5113426533981051,1.0340499045879616,120.75330466120434
282.0,677.0,482.0,677.0,282.0,677.0,40000.0,99856.0,139856.0,200.0,316.0,373.97326107624326,0.5347975933477909,1.006528137936965,122.33018573505035
278.0,681.0,488.0,681.0,278.0,681.0,44100.0,96721.0,140821.0,210.0,311.0,375.26124233658874,0.5596101496984374,0.9768810057510189,124.02884128397152
280.0,689.0,488.0,689.0,280.0,689.0,43264.0,96100.0,139364.0,208.0,310.0,373.31488049634453,0.5571703965388455,0.9798219637935,123.8603368004123
280.0,695.0,492.0,695.0,280.0,695.0,44944.0,94249.0,139193.0,212.0,307.0,373.08578102093355,0.5682339311347404,0.966438304436645,124.62716399600086
277.0,707.0,499.0,707.0,277.0,707.0,49284.0,84681.0,133965.0,222.0,291.0,366.0122948754591,0.6065370019210384,0.9190986802516996,127.33952466553367
279.0,712.0,505.0,712.0,279.0,712.0,51076.0,83521.0,134597.0,226.0,289.0,366.87463798959993,0.6160142364662629,0.9071234723969743,128.02565353440133
276.0,717.0,511.0,717.0,276.0,717.0,55225.0,81796.0,137021.0,235.0,286.0,370.1634773988379,0.6348546367982054,0.8829759616839851,129.40920398400257
277.0,722.0,514.0,722.0,277.0,722.0,56169.0,79524.0,135693.0,237.0,282.0,368.36530781277435,0.6433830628818548,0.8718870633158231,130.04455105994776
278.0,731.0,524.0,731.0,278.0,731.0,60516.0,75076.0,135592.0,246.0,274.0,368.2281901212888,0.6680640065036068,0.8391923669272979,131.91781917547186
279.0,736.0,523.0,736.0,279.0,736.0,59536.0,73984.0,133520.0,244.0,272.0,365.40388613149696,0.6677542556627116,0.8396085628721118,131.89397290438356
280.0,744.0,527.0,744.0,280.0,744.0,61009.0,72361.0,133370.0,247.0,269.0,365.1985761198967,0.6763443675610294,0.8280080160940962,132.55863527480795
276.0,749.0,530.0,749.0,276.0,749.0,64516.0,70225.0,134741.0,254.0,265.0,367.07083785013486,0.6919645305729827,0.8065895956436238,133.7858203704567
277.0,755.0,529.0,755.0,277.0,755.0,63504.0,69696.0,133200.0,252.0,264.0,364.9657518178932,0.6904757466825006,0.8086497862079113,133.66778014613035
279.0,766.0,527.0,766.0,279.0,766.0,61504.0,67081.0,128585.0,248.0,259.0,358.5875067539303,0.6916024549906654,0.8070910124841564,133.7570913017174
282.0,772.0,530.0,772.0,282.0,772.0,61504.0,64516.0,126020.0,248.0,254.0,354.9929576766277,0.6986054079019495,0.7973497855383564,134.31522249299087
283.0,780.0,530.0,780.0,283.0,780.0,61009.0,61504.0,122513.0,247.0,248.0,350.0185709358862,0.7056768426302832,0.7874183626693634,134.88425110794387
283.0,783.0,533.0,783.0,283.0,783.0,62500.0,62500.0,125000.0,250.0,250.0,353.5533905932738,0.7071067811865475,0.7853981633974484,135.0
281.0,792.0,536.0,792.0,281.0,792.0,65025.0,62001.0,127026.0,255.0,249.0,356.4070706369333,0.7154740211643129,0.7734939638391384,135.68206039317266
281.0,796.0,540.0,796.0,281.0,796.0,67081.0,61504.0,128585.0,259.0,248.0,358.5875067539303,0.7222783703329932,0.7637053143107403,136.24290869828258
282.0,804.0,539.0,804.0,282.0,804.0,66049.0,58564.0,124613.0,257.0,242.0,353.0056656769123,0.7280336407835978,0.7553470924679627,136.7217995341078
282.0,810.0,542.0,810.0,282.0,810.0,67600.0,60025.0,127625.0,260.0,245.0,357.24641355792505,0.7277889717928345,0.7557039237905389,136.70135460532612
284.0,812.0,543.0,812.0,284.0,812.0,67081.0,59536.0,126617.0,259.0,244.0,355.8328259168904,0.7278698903976132,0.7555859250497399,136.70811543516174
284.0,821.0,542.0,821.0,284.0,821.0,66564.0,56169.0,122733.0,258.0,237.0,350.33269901623515,0.7364428177115254,0.7429993454715087,137.42927332349996
283.0,827.0,543.0,827.0,283.0,827.0,67600.0,57600.0,125200.0,260.0,240.0,353.83612025908263,0.734803444627488,0.7454194762741582,137.29061004263855
286.0,834.0,546.0,834.0,286.0,834.0,67600.0,54756.0,122356.0,260.0,234.0,349.79422522391644,0.7432941462471664,0.7328151017865064,138.01278750418334
288.0,837.0,546.0,837.0,288.0,837.0,66564.0,56644.0,123208.0,258.0,238.0,351.0099713683359,0.7350218542061446,0.7450974150936669,137.3090627890257
286.0,844.0,548.0,844.0,286.0,844.0,68644.0,53824.0,122468.0,262.0,232.0,349.954282728473,0.7486692203257987,0.7247439091702832,138.47523277673008
290.0,848.0,548.0,848.0,290.0,848.0,66564.0,53824.0,120388.0,258.0,232.0,346.9697393145402,0.7435806952781954,0.7323866527981558,138.03733582295249
287.0,855.0,548.0,855.0,287.0,855.0,68121.0,53824.0,121945.0,261.0,232.0,349.20624278497655,0.7474093186836598,0.7266423406817255,138.3664606634298
290.0,858.0,550.0,858.0,290.0,858.0,67600.0,55225.0,122825.0,260.0,235.0,350.46397817750113,0.7418736765817244,0.7349359893805925,137.89126959622055
288.0,862.0,551.0,862.0,288.0,862.0,69169.0,54289.0,123458.0,263.0,233.0,351.365906143439,0.7485074544843142,0.7249878869797263,138.46125387795416
289.0,866.0,550.0,866.0,289.0,866.0,68121.0,55696.0,123817.0,261.0,236.0,351.8763987538806,0.7417377264411417,0.7351387139966931,137.87965433131458
290.0,873.0,554.0,873.0,290.0,873.0,69696.0,55225.0,124921.0,264.0,235.0,353.4416500640523,0.7469408315408123,0.727347227783026,138.32607360749208
290.0,879.0,559.0,879.0,290.0,879.0,72361.0,55225.0,127586.0,269.0,235.0,357.19182521440774,0.7530967424535269,0.71803990234068,138.85934407389323
294.0,887.0,561.0,887.0,294.0,887.0,71289.0,54289.0,125578.0,267.0,233.0,354.36986327846785,0.7534500748168542,0.7175026842343872,138.89012440406182
297.0,889.0,557.0,889.0,297.0,889.0,67600.0,55696.0,123296.0,260.0,236.0,351.1353015576759,0.7404553140815253,0.7370487767455454,137.7702157972002
296.0,896.0,559.0,896.0,296.0,896.0,69169.0,55225.0,124394.0,263.0,235.0,352.6953359487477,0.74568607291767,0.7292323984642839,138.2180612837942
298.0,898.0,560.0,898.0,298.0,898.0,68644.0,54289.0,122933.0,262.0,233.0,350.6180257773408,0.7472519401109815,0.7268791952485896,138.35288989639008
299.0,904.0,560.0,904.0,299.0,904.0,68121.0,54289.0,122410.0,261.0,233.0,349.87140494758927,0.7459883726110678,0.7287785823882079,138.24406302962853
300.0,908.0,564.0,908.0,300.0,908.0,69696.0,55225.0,124921.0,264.0,235.0,353.4416500640523,0.7469408315408123,0.727347227783026,138.32607360749208
304.0,913.0,563.0,913.0,304.0,913.0,67081.0,55225.0,122306.0,259.0,235.0,349.7227473299385,0.7405866560794571,0.7368533370086201,137.78141366927517
305.0,914.0,562.0,914.0,305.0,914.0,66049.0,57121.0,123170.0,257.0,239.0,350.9558376776201,0.7322858673633867,0.7491237595403998,137.07837024536195
310.0,916.0,566.0,916.0,310.0,916.0,65536.0,58564.0,124100.0,256.0,242.0,352.27829907617075,0.7266981834286842,0.7572931159369924,136.610300602499
312.0,923.0,567.0,923.0,312.0,923.0,65025.0,58081.0,123106.0,255.0,241.0,350.86464626690446,0.7267759881570406,0.7571798491618583,136.61679031067322
315.0,920.0,574.0,920.0,315.0,920.0,67081.0,64516.0,131597.0,259.0,254.0,362.7630080369276,0.7139647490563178,0.7756518833148524,135.55842071468516
321.0,922.0,571.0,922.0,321.0,922.0,62500.0,67081.0,129581.0,250.0,259.0,359.97361014385484,0.6944953545347212,0.8030780499304442,133.98701711938915
324.0,923.0,578.0,923.0,324.0,923.0,64516.0,67081.0,131597.0,254.0,259.0,362.7630080369276,0.7001816457926823,0.7951444434800442,134.44157928531484
331.0,926.0,581.0,926.0,331.0,926.0,62500.0,70225.0,132725.0,250.0,265.0,364.3144246389374,0.6862204268957194,0.8145161449044871,133.3316625517067
337.0,930.0,575.0,930.0,337.0,930.0,56644.0,68644.0,125288.0,238.0,262.0,353.96044976804967,0.6723915063277873,0.833361350274525,132.25191181994626
344.0,927.0,589.0,927.0,344.0,927.0,60025.0,77841.0,137866.0,245.0,279.0,371.3031106791323,0.6598382640853251,0.8501928301727693,131.28753905881757
352.0,928.0,587.0,928.0,352.0,928.0,55225.0,77284.0,132509.0,235.0,278.0,364.01785670486004,0.6455727258196959,0.8690233442721444,130.2086300748618
359.0,927.0,590.0,927.0,359.0,927.0,53361.0,80089.0,133450.0,231.0,283.0,365.3080891521566,0.6323429643622943,0.8862224394111582,129.22319451195233
369.0,929.0,597.0,929.0,369.0,929.0,51984.0,81225.0,133209.0,228.0,285.0,364.97808153367237,0.6246950475544243,0.8960553845713439,128.65980825409008
375.0,929.0,603.0,929.0,375.0,929.0,51984.0,80656.0,132640.0,228.0,284.0,364.1977484828812,0.6260335242317319,0.8943401203873141,128.75808565258495
381.0,927.0,604.0,927.0,381.0,927.0,49729.0,84100.0,133829.0,223.0,290.0,365.8264615907384,0.6095786483851382,0.9152673672184839,127.5590427323304
390.0,927.0,607.0,927.0,390.0,927.0,47089.0,86436.0,133525.0,217.0,294.0,365.41072781186926,0.5938522968371139,0.9349579032711514,126.43085812016236
396.0,922.0,613.0,922.0,396.0,922.0,47089.0,89401.0,136490.0,217.0,299.0,369.4455304913026,0.5873666943850295,0.9429950649267027,125.97036267803489
405.0,920.0,613.0,920.0,405.0,920.0,43264.0,90601.0,133865.0,208.0,301.0,365.8756619399547,0.5684991422964223,0.9661159672097994,124.64563255867907
415.0,919.0,614.0,919.0,415.0,919.0,39601.0,93636.0,133237.0,199.0,306.0,365.0164379860173,0.545180926913826,0.9941914059665675,123.03702840993823
420.0,918.0,615.0,918.0,420.0,918.0,38025.0,94249.0,132274.0,195.0,307.0,363.69492710237245,0.5361636510951708,1.0049106350097465,122.42286182613002
431.0,912.0,617.0,912.0,431.0,912.0,34596.0,97969.0,132565.0,186.0,313.0,364.0947678833081,0.5108560089487821,1.0346160851611443,120.72086490391868
436.0,911.0,617.0,911.0,436.0,911.0,32761.0,98596.0,131357.0,181.0,314.0,362.43206259932356,0.4994039398774147,1.0478856854993719,119.96057280871287
445.0,911.0,617.0,911.0,445.0,911.0,29584.0,101124.0,130708.0,172.0,318.0,361.53561373673824,0.4757484282730895,1.0749815992575267,118.40809130832014
455.0,909.0,617.0,909.0,455.0,909.0,26244.0,101761.0,128005.0,162.0,319.0,357.777864044158,0.4527949218792516,1.1008987991723915,116.92314513640156
461.0,907.0,619.0,907.0,461.0,907.0,24964.0,103041.0,128005.0,158.0,321.0,357.777864044158,0.4416148003513688,1.1133986364157895,116.20695721775442
472.0,906.0,620.0,906.0,472.0,906.0,21904.0,106276.0,128180.0,148.0,326.0,358.0223456713282,0.41338201871865005,1.1446311544857521,114.41746574877948
481.0,903.0,621.0,903.0,481.0,903.0,19600.0,108241.0,127841.0,140.0,329.0,357.5485980954198,0.39155516409726737,1.168475228934456,113.05130091647302
486.0,901.0,621.0,901.0,486.0,901.0,18225.0,109561.0,127786.0,135.0,331.0,357.4716771997468,0.37765229698062247,1.183536805590102,112.18833614129173
496.0,901.0,621.0,901.0,496.0,901.0,15625.0,109561.0,125186.0,125.0,331.0,353.8163365363448,0.3532906400639297,1.209710080113835,110.68871797504455
502.0,896.0,617.0,896.0,502.0,896.0,13225.0,112225.0,125450.0,115.0,335.0,354.18921496849674,0.3246852110113761,1.2401174382184177,108.94650468950906
506.0,895.0,621.0,895.0,506.0,895.0,13225.0,112225.0,125450.0,115.0,335.0,354.18921496849674,0.3246852110113761,1.2401174382184177,108.94650468950906
511.0,894.0,621.0,894.0,511.0,894.0,12100.0,115600.0,127700.0,110.0,340.0,357.35136770411276,0.3078202854146625,1.2578950989145121,107.92791976200724
516.0,891.0,620.0,891.0,516.0,891.0,10816.0,114244.0,125060.0,104.0,338.0,353.63823322712153,0.2940858488375231,1.2722973952087173,107.10272896905236
521.0,890.0,621.0,890.0,521.0,890.0,10000.0,118336.0,128336.0,100.0,344.0,358.24014292091834,0.27914236295421263,1.2878954732668113,106.20902492780797
533.0,889.0,623.0,889.0,533.0,889.0,8100.0,119025.0,127125.0,90.0,345.0,356.5459297201414,0.25242189714700275,1.3156139361740782,104.62087398863166
534.0,889.0,624.0,889.0,534.0,889.0,8100.0,119025.0,127125.0,90.0,345.0,356.5459297201414,0.25242189714700275,1.3156139361740782,104.62087398863166
541.0,889.0,626.0,889.0,541.0,889.0,7225.0,119025.0,126250.0,85.0,345.0,355.31676008879737,0.23922316520829925,1.3292306196995707,103.84069549165562
547.0,888.0,627.0,888.0,547.0,888.0,6400.0,119716.0,126116.0,80.0,346.0,355.12814588539726,0.22527079570262123,1.3435753597285138,103.0188024297848
547.0,888.0,627.0,888.0,547.0,888.0,6400.0,119025.0,125425.0,80.0,345.0,354.1539213392956,0.22589048201828704,1.342939278077797,103.0552472237966
554.0,886.0,629.0,886.0,554.0,886.0,5625.0,123904.0,129529.0,75.0,352.0,359.9013753794225,0.20839042340677907,1.360867363315695,102.02804360491425
560.0,884.0,631.0,884.0,560.0,884.0,5041.0,124609.0,129650.0,71.0,353.0,360.06943774777665,0.1971841888167539,1.3723114427571537,101.37234615250622
562.0,883.0,633.0,883.0,562.0,883.0,5041.0,125316.0,130357.0,71.0,354.0,361.04985805287333,0.19664874093262355,1.3728575839457489,101.34105456738146
564.0,886.0,630.0,886.0,564.0,886.0,4356.0,124609.0,128965.0,66.0,353.0,359.11697258692743,0.18378412895543142,1.3859615481534022,100.59025272339244
570.0,881.0,636.0,881.0,570.0,881.0,4356.0,128164.0,132520.0,66.0,358.0,364.0329655402104,0.1813022617390121,1.388485829489592,100.44562205652511
571.0,879.0,637.0,879.0,571.0,879.0,4356.0,128881.0,133237.0,66.0,359.0,365.0164379860173,0.18081377475533927,1.388982525666329,100.4171634618978
576.0,880.0,638.0,880.0,576.0,880.0,3844.0,128881.0,132725.0,62.0,359.0,364.3144246389374,0.1701826658701384,1.399781290683694,99.79843980244928
582.0,879.0,638.0,879.0,582.0,879.0,3136.0,128881.0,132017.0,56.0,359.0,363.3414372184929,0.15412500272113136,1.4160545134854197,98.86605281683434
582.0,879.0,639.0,879.0,582.0,879.0,3249.0,129600.0,132849.0,57.0,360.0,364.4845675745408,0.15638522195687454,1.4137665508231647,98.99714342106506
586.0,878.0,637.0,878.0,586.0,878.0,2601.0,130321.0,132922.0,51.0,361.0,364.5846952355515,0.1398851917441291,1.4304508613257576,98.04120284518069
588.0,878.0,640.0,878.0,588.0,878.0,2704.0,131044.0,133748.0,52.0,362.0,365.7157366042648,0.14218693590499873,1.4281258771399825,98.17441462646026
593.0,878.0,639.0,878.0,593.0,878.0,2116.0,133956.0,136072.0,46.0,366.0,368.8793840810299,0.12470200825832926,1.4457688373932258,97.16354746583237
594.0,881.0,641.0,881.0,594.0,881.0,2209.0,131769.0,133978.0,47.0,363.0,366.0300534109187,0.12840475682808505,1.4420360744013243,97.37741903119094
600.0,880.0,642.0,880.0,600.0,880.0,1764.0,132496.0,134260.0,42.0,364.0,366.41506519246724,0.11462410798513051,1.4559197213779975,96.581944655178
597.0,879.0,633.0,879.0,597.0,879.0,1296.0,129600.0,130896.0,36.0,360.0,361.79552236035204,0.09950371902099892,1.4711276743037347,95.71059313749963
602.0,878.0,633.0,878.0,602.0,878.0,961.0,130321.0,131282.0,31.0,361.0,362.3285801589491,0.08555770010304095,1.4851338992399212,94.90809556174526
603.0,879.0,629.0,879.0,603.0,879.0,676.0,129600.0,130276.0,26.0,360.0,360.93766774887877,0.07203459855591857,1.4986992845976923,94.1308562332764
604.0,878.0,630.0,878.0,604.0,878.0,676.0,134689.0,135365.0,26.0,367.0,367.9198282234868,0.07066756941462457,1.5000698069481235,94.05233108686835
604.0,879.0,630.0,879.0,604.0,879.0,676.0,133956.0,134632.0,26.0,366.0,366.9223351064909,0.07085968204267011,1.4998772115046464,94.06336599293304
606.0,879.0,632.0,879.0,606.0,879.0,676.0,130321.0,130997.0,26.0,361.0,361.9350770511198,0.07183608787475372,1.4988983108971556,94.11945286630505
606.0,880.0,632.0,880.0,606.0,880.0,676.0,129600.0,130276.0,26.0,360.0,360.93766774887877,0.07203459855591857,1.4986992845976923,94.1308562332764
607.0,874.0,628.0,874.0,607.0,874.0,441.0,133956.0,134397.0,21.0,366.0,366.6019639881925,0.057282835507876245,1.5134821176888567,93.28386228790636
607.0,879.0,628.0,879.0,607.0,879.0,441.0,130321.0,130762.0,21.0,361.0,361.6102874642811,0.058073569054846993,1.5126900655337738,93.32924353354684
607.0,873.0,628.0,873.0,607.0,873.0,441.0,134689.0,135130.0,21.0,367.0,367.6003264416396,0.057127261564970264,1.5136379468098322,93.27493393694922
608.0,873.0,629.0,873.0,608.0,873.0,441.0,134689.0,135130.0,21.0,367.0,367.6003264416396,0.057127261564970264,1.5136379468098322,93.27493393694922
608.0,874.0,629.0,874.0,608.0,874.0,441.0,133956.0,134397.0,21.0,366.0,366.6019639881925,0.057282835507876245,1.5134821176888567,93.28386228790636
603.0,873.0,629.0,873.0,603.0,873.0,676.0,134689.0,135365.0,26.0,367.0,367.9198282234868,0.07066756941462457,1.5000698069481235,94.05233108686835
603.0,873.0,630.0,873.0,603.0,873.0,729.0,134689.0,135418.0,27.0,367.0,367.99184773578884,0.07337119060144368,1.4973591459652442,94.20764052087812
603.0,873.0,630.0,873.0,603.0,873.0,729.0,134689.0,135418.0,27.0,367.0,367.99184773578884,0.07337119060144368,1.4973591459652442,94.20764052087812
603.0,873.0,630.0,873.0,603.0,873.0,729.0,134689.0,135418.0,27.0,367.0,367.99184773578884,0.07337119060144368,1.4973591459652442,94.20764052087812
603.0,878.0,629.0,878.0,603.0,878.0,676.0,131044.0,131720.0,26.0,362.0,362.93250061133955,0.07163866547141534,1.4990962432626032,94.10811217713587
603.0,878.0,629.0,878.0,603.0,878.0,676.0,131044.0,131720.0,26.0,362.0,362.93250061133955,0.07163866547141534,1.4990962432626032,94.10811217713587
603.0,878.0,629.0,878.0,603.0,878.0,676.0,131044.0,131720.0,26.0,362.0,362.93250061133955,0.07163866547141534,1.4990962432626032,94.10811217713587
603.0,878.0,629.0,878.0,603.0,878.0,676.0,131044.0,131720.0,26.0,362.0,362.93250061133955,0.07163866547141534,1.4990962432626032,94.10811217713587
602.0,873.0,628.0,873.0,602.0,873.0,676.0,134689.0,135365.0,26.0,367.0,367.9198282234868,0.07066756941462457,1.5000698069481235,94.05233108686835
601.0,879.0,628.0,879.0,601.0,879.0,729.0,130321.0,131050.0,27.0,361.0,362.008287197959,0.07458392792327276,1.4961430764229713,94.27731617324476
582.0,886.0,634.0,886.0,582.0,886.0,2704.0,136161.0,138865.0,52.0,369.0,372.6459445640057,0.1395426429793562,1.430796803120129,98.02138184040604
583.0,886.0,635.0,886.0,583.0,886.0,2704.0,136161.0,138865.0,52.0,369.0,372.6459445640057,0.1395426429793562,1.430796803120129,98.02138184040604
582.0,887.0,634.0,887.0,582.0,887.0,2704.0,135424.0,138128.0,52.0,368.0,371.65575469781174,0.13991442172684906,1.4304213410305633,98.04289423350531
583.0,886.0,630.0,886.0,583.0,886.0,2209.0,136161.0,138370.0,47.0,369.0,371.9811823197512,0.12635047748087236,1.4441072251164697,97.25875083647762
582.0,886.0,629.0,886.0,582.0,886.0,2209.0,136161.0,138370.0,47.0,369.0,371.9811823197512,0.12635047748087236,1.4441072251164697,97.25875083647762
587.0,881.0,628.0,881.0,587.0,881.0,1681.0,139876.0,141557.0,41.0,374.0,376.24061450088027,0.10897281797817199,1.4616066713416989,96.25610642395584
587.0,881.0,628.0,881.0,587.0,881.0,1681.0,139876.0,141557.0,41.0,374.0,376.24061450088027,0.10897281797817199,1.4616066713416989,96.25610642395584
581.0,886.0,628.0,886.0,581.0,886.0,2209.0,136161.0,138370.0,47.0,369.0,371.9811823197512,0.12635047748087236,1.4441072251164697,97.25875083647762
582.0,887.0,629.0,887.0,582.0,887.0,2209.0,135424.0,137633.0,47.0,368.0,370.98921817217274,0.12668831787501633,1.443766647887444,97.27826447429905
581.0,886.0,628.0,886.0,581.0,886.0,2209.0,136161.0,138370.0,47.0,369.0,371.9811823197512,0.12635047748087236,1.4441072251164697,97.25875083647762
580.0,887.0,627.0,887.0,580.0,887.0,2209.0,134689.0,136898.0,47.0,367.0,369.99729728742614,0.12702795491905675,1.4434242445205026,97.29788274211586
581.0,887.0,628.0,887.0,581.0,887.0,2209.0,135424.0,137633.0,47.0,368.0,370.98921817217274,0.12668831787501633,1.443766647887444,97.27826447429905
580.0,887.0,627.0,887.0,580.0,887.0,2209.0,134689.0,136898.0,47.0,367.0,369.99729728742614,0.12702795491905675,1.4434242445205026,97.29788274211586
579.0,887.0,631.0,887.0,579.0,887.0,2704.0,134689.0,137393.0,52.0,367.0,370.6656175045104,0.14028816686610335,1.430043872988096,98.06452155923975
581.0,887.0,628.0,887.0,581.0,887.0,2209.0,135424.0,137633.0,47.0,368.0,370.98921817217274,0.12668831787501633,1.443766647887444,97.27826447429905
581.0,882.0,628.0,882.0,581.0,882.0,2209.0,139129.0,141338.0,47.0,373.0,375.9494646890723,0.12501680256113992,1.445451560218986,97.18172610885215
580.0,888.0,626.0,888.0,580.0,888.0,2116.0,131044.0,133160.0,46.0,362.0,364.91094804075146,0.12605815267253354,1.4444019061157491,97.2418668589162
580.0,883.0,626.0,883.0,580.0,883.0,2116.0,134689.0,136805.0,46.0,367.0,369.8715993422582,0.12436748342344126,1.4461059868549377,97.14423022461116
579.0,888.0,631.0,888.0,579.0,888.0,2704.0,134689.0,137393.0,52.0,367.0,370.6656175045104,0.14028816686610335,1.430043872988096,98.06452155923975
578.0,888.0,630.0,888.0,578.0,888.0,2704.0,134689.0,137393.0,52.0,367.0,370.6656175045104,0.14028816686610335,1.430043872988096,98.06452155923975
578.0,888.0,630.0,888.0,578.0,888.0,2704.0,134689.0,137393.0,52.0,367.0,370.6656175045104,0.14028816686610335,1.430043872988096,98.06452155923975
578.0,888.0,630.0,888.0,578.0,888.0,2704.0,131044.0,133748.0,52.0,362.0,365.7157366042648,0.14218693590499873,1.4281258771399825,98.17441462646026
578.0,887.0,630.0,887.0,578.0,887.0,2704.0,135424.0,138128.0,52.0,368.0,371.65575469781174,0.13991442172684906,1.4304213410305633,98.04289423350531
578.0,887.0,630.0,887.0,578.0,887.0,2704.0,131769.0,134473.0,52.0,363.0,366.705603993176,0.14180312336041548,1.4285136185268592,98.15219868144969
578.0,887.0,630.0,887.0,578.0,887.0,2704.0,135424.0,138128.0,52.0,368.0,371.65575469781174,0.13991442172684906,1.4304213410305633,98.04289423350531
577.0,887.0,629.0,887.0,577.0,887.0,2704.0,131769.0,134473.0,52.0,363.0,366.705603993176,0.14180312336041548,1.4285136185268592,98.15219868144969
577.0,887.0,634.0,887.0,577.0,887.0,3249.0,131044.0,134293.0,57.0,362.0,366.46009332531696,0.15554217509135296,1.414620042069779,98.9482419747827
573.0,887.0,630.0,887.0,573.0,887.0,3249.0,135424.0,138673.0,57.0,368.0,372.38823826753713,0.15306605886689995,1.4171261739277663,98.80465119641676
573.0,883.0,630.0,883.0,573.0,883.0,3249.0,138384.0,141633.0,57.0,372.0,376.3416001453998,0.1514581432878481,1.418753058931488,98.71143755195037
572.0,888.0,634.0,888.0,572.0,888.0,3844.0,134689.0,138533.0,62.0,367.0,372.2002149381432,0.16657701288620674,1.403439172405426,99.58885861783598
572.0,888.0,634.0,888.0,572.0,888.0,3844.0,130321.0,134165.0,62.0,361.0,366.28540784475706,0.16926691228245022,1.4007105261198693,99.74519853378243
572.0,882.0,634.0,882.0,572.0,882.0,3844.0,138384.0,142228.0,62.0,372.0,377.13127687848964,0.1643989873053573,1.4056476493802699,99.46232220802561
566.0,883.0,633.0,883.0,566.0,883.0,4489.0,133956.0,138445.0,67.0,366.0,372.0819802140383,0.18006784408494758,1.3897409045042683,100.37371155521184
565.0,883.0,638.0,883.0,565.0,883.0,5329.0,133956.0,139285.0,73.0,366.0,373.20905669610966,0.19560082664189257,1.3739262529712664,101.27982434252296
565.0,889.0,632.0,889.0,565.0,889.0,4489.0,129600.0,134089.0,67.0,360.0,366.1816489121212,0.18296930007019307,1.386790432695365,100.54276113743433
559.0,890.0,636.0,890.0,559.0,890.0,5929.0,128881.0,134810.0,77.0,359.0,367.16481312892716,0.20971508501540978,1.3595127710140489,102.10565602675948
558.0,891.0,635.0,891.0,558.0,891.0,5929.0,128164.0,134093.0,77.0,358.0,366.18711064154076,0.2102750145003739,1.3589400717289433,102.13846927872619
558.0,892.0,634.0,892.0,558.0,892.0,5776.0,127449.0,133225.0,76.0,357.0,365.0,0.20821917808219179,1.3610424493344289,102.01801191498905
551.0,891.0,633.0,891.0,551.0,891.0,6724.0,128164.0,134888.0,82.0,358.0,367.27101709772853,0.22326836636330688,1.3456301303515947,102.9010727452148
550.0,893.0,632.0,893.0,550.0,893.0,6724.0,126736.0,133460.0,82.0,356.0,365.3217759729086,0.2244596555505657,1.3444078193006634,102.97110600968537
549.0,894.0,635.0,894.0,549.0,894.0,7396.0,126025.0,133421.0,86.0,355.0,365.2683944717911,0.23544331045767936,1.3331216506462151,103.6177558404581
538.0,899.0,635.0,899.0,538.0,899.0,9409.0,122500.0,131909.0,97.0,350.0,363.1927862719743,0.26707578913024516,1.300439012128782,105.49033309085871
533.0,894.0,634.0,894.0,533.0,894.0,10201.0,126025.0,136226.0,101.0,355.0,369.088065371938,0.2736474285567054,1.2936131541141092,105.88142594665501
531.0,901.0,632.0,901.0,531.0,901.0,10201.0,118336.0,128537.0,101.0,344.0,358.52057123685387,0.2817132630676166,1.2852171028923132,106.36248424623959
525.0,901.0,634.0,901.0,525.0,901.0,11881.0,121104.0,132985.0,109.0,348.0,364.67108467768594,0.29889948663283655,1.2672571153103043,107.39151573479606
518.0,903.0,632.0,903.0,518.0,903.0,12996.0,120409.0,133405.0,114.0,347.0,365.24649211183396,0.3121179873374242,1.253374749685314,108.1869166947655
514.0,904.0,633.0,904.0,514.0,904.0,14161.0,116281.0,130442.0,119.0,341.0,361.1675511448945,0.32948696421583884,1.2350361811371473,109.2376392748868
510.0,906.0,628.0,906.0,510.0,906.0,13924.0,115600.0,129524.0,118.0,340.0,359.89442896493966,0.3278739277497829,1.2367441082666024,109.13978225865314
503.0,911.0,631.0,911.0,503.0,911.0,16384.0,112225.0,128609.0,128.0,335.0,358.62096982747676,0.35692279807724986,1.2058246916188873,110.91133433757375
498.0,912.0,626.0,912.0,498.0,912.0,16384.0,111556.0,127940.0,128.0,334.0,357.6870140220357,0.35785475844005454,1.2048268280026015,110.96850771131658
488.0,913.0,625.0,913.0,488.0,913.0,18769.0,111556.0,130325.0,137.0,334.0,361.00554012369395,0.3794955610738237,1.1815453166189092,112.30244005428794
483.0,916.0,629.0,916.0,483.0,916.0,21316.0,110224.0,131540.0,146.0,332.0,362.6844358392017,0.4025538059337346,1.1564913500470604,113.73792659891672
472.0,917.0,628.0,917.0,472.0,917.0,24336.0,109561.0,133897.0,156.0,331.0,365.9193900300994,0.42632340414419667,1.1303719258629932,115.2344593679757
470.0,919.0,625.0,919.0,470.0,919.0,24025.0,108241.0,132266.0,155.0,329.0,363.68392870733237,0.4261942521104177,1.1305146982002583,115.22627911561919
464.0,919.0,624.0,919.0,464.0,919.0,25600.0,104976.0,130576.0,160.0,324.0,361.3530129942187,0.44278031245462407,1.1120991724029339,116.28141102132017
454.0,921.0,623.0,921.0,454.0,921.0,28561.0,104329.0,132890.0,169.0,323.0,364.5408070436011,0.4635969327290886,1.0887458875597782,117.61945568059983
444.0,924.0,621.0,924.0,444.0,924.0,31329.0,102400.0,133729.0,177.0,320.0,365.68975922221284,0.48401683540841306,1.0655570500079516,118.94807820413396
439.0,924.0,620.0,924.0,439.0,924.0,32761.0,99856.0,132617.0,181.0,316.0,364.16617086159994,0.4970258483146926,1.0506284145388611,119.80342601040215
429.0,926.0,619.0,926.0,429.0,926.0,36100.0,98596.0,134696.0,190.0,314.0,367.00953666083393,0.517697719052967,1.0266385261815119,121.17794536426831
424.0,932.0,619.0,932.0,424.0,932.0,38025.0,95481.0,133506.0,195.0,309.0,365.3847287449217,0.5336840449512361,1.00784542882339,122.25471052686714
413.0,933.0,617.0,933.0,413.0,933.0,41616.0,94864.0,136480.0,204.0,308.0,369.43199644860215,0.5521990568252846,0.9857967172233268,123.51800864525191
408.0,935.0,616.0,935.0,408.0,935.0,43264.0,94249.0,137513.0,208.0,307.0,370.8274531369003,0.5609077705560584,0.9753144311506422,124.11859939686549
398.0,937.0,614.0,937.0,398.0,937.0,46656.0,90601.0,137257.0,216.0,301.0,370.4821183269174,0.5830240902730947,0.9483504213758048,125.66352335571318
387.0,935.0,612.0,935.0,387.0,935.0,50625.0,92416.0,143041.0,225.0,304.0,378.20761494184643,0.5949113426354364,0.9336409815789289,126.50631217507593
377.0,937.0,610.0,937.0,377.0,937.0,54289.0,88804.0,143093.0,233.0,298.0,378.276354005904,0.6159517969668371,0.9072027345383273,128.02111214822665
368.0,937.0,608.0,937.0,368.0,937.0,57600.0,89401.0,147001.0,240.0,299.0,383.40709435272584,0.6259665080145999,0.8944260581108987,128.7531617837226
357.0,935.0,605.0,935.0,357.0,935.0,61504.0,86436.0,147940.0,248.0,294.0,384.6296920415791,0.6447760147783671,0.8700661116569515,130.14888390469844
350.0,937.0,601.0,937.0,350.0,937.0,63001.0,85264.0,148265.0,251.0,292.0,385.0519445477454,0.6518601023942542,0.8607616048943301,130.68199287264758
343.0,935.0,598.0,935.0,343.0,935.0,65025.0,82944.0,147969.0,255.0,288.0,384.66738879192764,0.6629103673197868,0.8460969888494013,131.52221348020183
337.0,935.0,596.0,935.0,337.0,935.0,67081.0,82944.0,150025.0,259.0,288.0,387.3306081372863,0.6686794034831337,0.8383650284821564,131.96522217660737
329.0,935.0,587.0,935.0,329.0,935.0,66564.0,82369.0,148933.0,258.0,287.0,385.918385154167,0.6685351357306647,0.838559036962576,131.9541063094896
324.0,931.0,586.0,931.0,324.0,931.0,68644.0,81796.0,150440.0,262.0,286.0,387.86595622714816,0.6754910963275247,0.8291658151927027,132.49229827293374
318.0,928.0,579.0,928.0,318.0,928.0,68121.0,80656.0,148777.0,261.0,284.0,385.7162169263823,0.676663278717717,0.8275749712477779,132.58344691684187
315.0,924.0,576.0,924.0,315.0,924.0,68121.0,77284.0,145405.0,261.0,278.0,381.3200755271088,0.684464356195285,0.8169276000631766,133.19349634862874
309.0,918.0,576.0,918.0,309.0,918.0,71289.0,78961.0,150250.0,267.0,281.0,387.62094886628614,0.6888172602149644,0.8109400527947375,133.5365575367454
302.0,917.0,573.0,917.0,302.0,917.0,73441.0,73441.0,146882.0,271.0,271.0,383.2518754031088,0.7071067811865475,0.7853981633974484,135.0
302.0,912.0,568.0,912.0,302.0,912.0,70756.0,70756.0,141512.0,266.0,266.0,376.1808075912433,0.7071067811865475,0.7853981633974484,135.0
298.0,901.0,563.0,901.0,298.0,901.0,70225.0,73441.0,143666.0,265.0,271.0,379.03298009540015,0.6991476043411875,0.7965917257225075,134.35865612105746
291.0,897.0,554.0,897.0,291.0,897.0,69169.0,69169.0,138338.0,263.0,263.0,371.938166904124,0.7071067811865476,0.7853981633974483,135.0
290.0,892.0,557.0,892.0,290.0,892.0,71289.0,68644.0,139933.0,267.0,262.0,374.0761954468635,0.713758328516594,0.775946649004431,135.54153188472705
285.0,881.0,551.0,881.0,285.0,881.0,70756.0,68121.0,138877.0,266.0,261.0,372.6620452903676,0.7137834490033468,0.775910782027889,135.5435869111068
285.0,873.0,552.0,873.0,285.0,873.0,71289.0,68121.0,139410.0,267.0,261.0,373.37648560132976,0.7150959160430029,0.7740350161331576,135.65106038022947
281.0,865.0,547.0,865.0,281.0,865.0,70756.0,68121.0,138877.0,266.0,261.0,372.6620452903676,0.7137834490033468,0.775910782027889,135.5435869111068
281.0,855.0,545.0,855.0,281.0,855.0,69696.0,69696.0,139392.0,264.0,264.0,373.3523804664971,0.7071067811865476,0.7853981633974483,135.0
280.0,845.0,542.0,845.0,280.0,845.0,68644.0,71289.0,139933.0,262.0,267.0,374.0761954468635,0.7003920676829498,0.7948496777904657,134.45846811527295
284.0,834.0,533.0,834.0,284.0,834.0,62001.0,72900.0,134901.0,249.0,270.0,367.2887147735416,0.677940786047634,0.8258385310050183,132.68293761412866
277.0,828.0,529.0,828.0,277.0,828.0,63504.0,71289.0,134793.0,252.0,267.0,367.14166203251847,0.6863835572484821,0.814291854227526,133.3445134608807
278.0,814.0,528.0,814.0,278.0,814.0,62500.0,70225.0,132725.0,250.0,265.0,364.3144246389374,0.6862204268957194,0.8145161449044871,133.3316625517067
278.0,802.0,523.0,802.0,278.0,802.0,60025.0,73984.0,134009.0,245.0,272.0,366.072397211262,0.6692665217765912,0.8375751336601543,132.01047981616733
281.0,792.0,522.0,792.0,281.0,792.0,58081.0,71824.0,129905.0,241.0,268.0,360.4233621728758,0.6686580984847625,0.8383936811615321,131.9635804990074
279.0,779.0,519.0,779.0,279.0,779.0,57600.0,76729.0,134329.0,240.0,277.0,366.5092086155544,0.6548266574435384,0.8568430852265464,130.9065075115506
281.0,764.0,513.0,764.0,281.0,764.0,53824.0,82369.0,136193.0,232.0,287.0,369.04335788630584,0.6286524199453933,0.8909771379164704,128.95077035474077
280.0,754.0,514.0,754.0,280.0,754.0,54756.0,83521.0,138277.0,234.0,289.0,371.856154984693,0.6292755864418388,0.8901755699293448,128.99669681739587
278.0,744.0,513.0,744.0,278.0,744.0,55225.0,87025.0,142250.0,235.0,295.0,377.1604433129222,0.6230770065274989,0.8981257749878259,128.54118362128133
277.0,731.0,509.0,731.0,277.0,731.0,53824.0,89401.0,143225.0,232.0,299.0,378.4507894033252,0.6130255412223525,0.910911905977158,127.80859227929119
280.0,720.0,504.0,720.0,280.0,720.0,50176.0,94249.0,144425.0,224.0,307.0,380.0328933131973,0.5894226629887914,0.940452353474368,126.11604931277326
281.0,707.0,497.0,707.0,281.0,707.0,46656.0,97344.0,144000.0,216.0,312.0,379.4733192202055,0.5692099788303083,0.9652516631899265,124.69515353123397
281.0,694.0,500.0,694.0,281.0,694.0,47961.0,103684.0,151645.0,219.0,322.0,389.41622975936684,0.5623802586125579,0.973534728585206,124.22056884265359
279.0,688.0,495.0,688.0,279.0,688.0,46656.0,102400.0,149056.0,216.0,320.0,386.07771238443695,0.5594728550010625,0.9770466600841256,124.01934998982645
281.0,678.0,489.0,678.0,281.0,678.0,43264.0,106929.0,150193.0,208.0,327.0,387.54741645378056,0.5367085191878872,1.004265011505102,122.45985332810059
284.0,667.0,488.0,667.0,284.0,667.0,41616.0,108241.0,149857.0,204.0,329.0,387.1136783943445,0.5269769873442434,1.0157566897347257,121.8014286660208
280.0,659.0,479.0,659.0,280.0,659.0,39601.0,110224.0,149825.0,199.0,332.0,387.07234465923807,0.5141157789900777,1.0308198925121566,120.93837072092427
283.0,650.0,479.0,650.0,283.0,650.0,38416.0,113569.0,151985.0,196.0,337.0,389.85253622363416,0.5027542000844314,1.0440143444140022,120.18238431396014
283.0,643.0,474.0,643.0,283.0,643.0,36481.0,118336.0,154817.0,191.0,344.0,393.46791482915097,0.48542712836683205,1.063944675026526,119.04046048556214
283.0,635.0,467.0,635.0,283.0,635.0,33856.0,123201.0,157057.0,184.0,351.0,396.30417610719167,0.4642898336509883,1.0879637129966842,117.6642709819076
286.0,632.0,467.0,632.0,286.0,632.0,32761.0,122500.0,155261.0,181.0,350.0,394.03172461110285,0.45935387608356004,1.0935286746970108,117.34542216332694
285.0,623.0,455.0,623.0,285.0,623.0,28900.0,128164.0,157064.0,170.0,358.0,396.31300760888485,0.42895387417556163,1.1274619504886252,115.40118867541399
290.0,619.0,454.0,619.0,290.0,619.0,26896.0,129600.0,156496.0,164.0,360.0,395.5957532633534,0.4145646120999256,1.1433320137796712,114.49190102823155
295.0,617.0,447.0,617.0,295.0,617.0,23104.0,129600.0,152704.0,152.0,360.0,390.773591738234,0.3889720370403629,1.171280832795522,112.89055165624833
293.0,610.0,441.0,610.0,293.0,610.0,21904.0,133225.0,155129.0,148.0,365.0,393.86418979135436,0.3757640421141143,1.1855752274267388,112.07154317318515
298.0,606.0,440.0,606.0,298.0,606.0,20164.0,140625.0,160789.0,142.0,375.0,400.98503712732224,0.3541279271099376,1.2088149261679089,110.74000651816061
297.0,608.0,433.0,608.0,297.0,608.0,18496.0,138384.0,156880.0,136.0,372.0,396.0807998376089,0.34336428338803426,1.220299699384575,110.08197748418075
301.0,605.0,432.0,605.0,301.0,605.0,17161.0,139876.0,157037.0,131.0,374.0,396.2789421606957,0.3305752238201897,1.2338833271101843,109.30369294502644
300.0,601.0,426.0,601.0,300.0,601.0,15876.0,141376.0,157252.0,126.0,376.0,396.5501229352981,0.3177404134118965,1.2474508774188235,108.52632957401
306.0,600.0,425.0,600.0,306.0,600.0,14161.0,142129.0,156290.0,119.0,377.0,395.3353007258522,0.3010103063943721,1.2650444072745979,107.51829456653672
311.0,595.0,419.0,595.0,311.0,595.0,11664.0,144400.0,156064.0,108.0,380.0,395.04936400404443,0.273383556184878,1.2938874874771382,105.86570780277383
302.0,600.0,420.0,600.0,302.0,600.0,13924.0,139129.0,153053.0,118.0,373.0,391.2198870200747,0.3016206586500677,1.264404305980307,107.55496966916046
306.0,594.0,417.0,594.0,306.0,594.0,12321.0,155236.0,167557.0,111.0,394.0,409.3372692536071,0.2711700310172084,1.2961879261925358,105.73390237335305
312.0,591.0,418.0,591.0,312.0,591.0,11236.0,156816.0,168052.0,106.0,396.0,409.94145923534006,0.258573505099291,1.3092511320585165,104.98543581032182
312.0,591.0,410.0,591.0,312.0,591.0,9604.0,155236.0,164840.0,98.0,394.0,406.00492607848986,0.2413763816773356,1.3270124062297968,103.96778976153273
312.0,588.0,410.0,588.0,312.0,588.0,9604.0,164025.0,173629.0,98.0,405.0,416.6881327803805,0.2351878834323603,1.3333844575493583,103.6026981140811
318.0,591.0,402.0,591.0,318.0,591.0,7056.0,160000.0,167056.0,84.0,400.0,408.724846320847,0.20551723428641383,1.3638041325750756,101.85977912094798
318.0,594.0,396.0,594.0,318.0,594.0,6084.0,162409.0,168493.0,78.0,403.0,410.47898850002053,0.19002190656586093,1.379611867197882,100.95406264339833
317.0,591.0,395.0,591.0,317.0,591.0,6084.0,163216.0,169300.0,78.0,404.0,411.4608122288197,0.18956847816803268,1.3800736898251482,100.92760215597234
316.0,590.0,386.0,590.0,316.0,590.0,4900.0,168921.0,173821.0,70.0,411.0,416.9184572551328,0.1678985393471404,1.4020987683801518,99.66565811132654
319.0,591.0,383.0,591.0,319.0,591.0,4096.0,170569.0,174665.0,64.0,413.0,417.92941987852447,0.15313590514542447,1.4170554943761209,98.80870083642391
318.0,592.0,375.0,592.0,318.0,592.0,3249.0,169744.0,172993.0,57.0,412.0,415.92427195344106,0.1370441780959122,1.433319508618172,97.87684146241372
324.0,594.0,374.0,594.0,324.0,594.0,2500.0,167281.0,169781.0,50.0,409.0,412.0449004659565,0.12134599880609623,1.4491505369382673,96.96979035432017
324.0,588.0,374.0,588.0,324.0,588.0,2500.0,172225.0,174725.0,50.0,415.0,418.0011961705373,0.11961688257849114,1.4508923414298727,96.86999230821426
324.0,592.0,367.0,592.0,324.0,592.0,1849.0,174724.0,176573.0,43.0,418.0,420.2059019100041,0.10233078546623876,1.4682861001380212,95.87340334436843
324.0,593.0,366.0,593.0,324.0,593.0,1764.0,173889.0,175653.0,42.0,417.0,419.10977082382607,0.10021240954951349,1.4704154237119258,95.75140209036599
324.0,593.0,365.0,593.0,324.0,593.0,1681.0,168100.0,169781.0,41.0,410.0,412.0449004659565,0.09950371902099892,1.4711276743037347,95.71059313749963
323.0,596.0,364.0,596.0,323.0,596.0,1681.0,170569.0,172250.0,41.0,413.0,415.03011938894264,0.09878801100114167,1.471846926157649,95.66938304186338
323.0,598.0,364.0,598.0,323.0,598.0,1681.0,168921.0,170602.0,41.0,411.0,413.0399496416781,0.09926400590443725,1.4713685801049041,95.69679025183241
322.0,600.0,370.0,600.0,322.0,600.0,2304.0,162409.0,164713.0,48.0,403.0,405.84849389889325,0.1182707358080229,1.4522481129473221,96.79231232228035
327.0,595.0,368.0,595.0,327.0,595.0,1681.0,171396.0,173077.0,41.0,414.0,416.0252396189443,0.09855171296230415,1.472084382933156,95.65577777081005
327.0,596.0,368.0,596.0,327.0,596.0,1681.0,171396.0,173077.0,41.0,414.0,416.0252396189443,0.09855171296230415,1.472084382933156,95.65577777081005
333.0,589.0,368.0,589.0,333.0,589.0,1225.0,176400.0,177625.0,35.0,420.0,421.4558102577303,0.08304547985373997,1.4876550949064553,94.76364169072617
326.0,596.0,368.0,596.0,326.0,596.0,1764.0,169744.0,171508.0,42.0,412.0,414.13524361010377,0.1014161452038643,1.4692055238598218,95.82072424552504
331.0,589.0,366.0,589.0,331.0,589.0,1225.0,181476.0,182701.0,35.0,426.0,427.4353752323268,0.08188372331367336,1.4888208219867276,94.69685044896246
330.0,591.0,365.0,591.0,330.0,591.0,1225.0,174724.0,175949.0,35.0,418.0,419.4627516240268,0.08344006676276045,1.487259133731346,94.78632859491098
331.0,594.0,366.0,594.0,331.0,594.0,1225.0,172225.0,173450.0,35.0,415.0,416.473288459176,0.08403900314829149,1.4866580862637258,94.82076607809265
331.0,592.0,366.0,592.0,331.0,592.0,1225.0,173889.0,175114.0,35.0,417.0,418.4662471454538,0.08363876474805487,1.487059738755324,94.79775308549316
331.0,590.0,365.0,590.0,331.0,590.0,1156.0,175561.0,176717.0,34.0,419.0,420.3772115612358,0.08087974101575976,1.4898281456147617,94.63913505647231
330.0,594.0,364.0,594.0,330.0,594.0,1156.0,178084.0,179240.0,34.0,422.0,423.3674526932839,0.08030848801367806,1.4904012629736583,94.60629785064185
330.0,597.0,364.0,597.0,330.0,597.0,1156.0,175561.0,176717.0,34.0,419.0,420.3772115612358,0.08087974101575976,1.4898281456147617,94.63913505647231
337.0,588.0,364.0,588.0,337.0,588.0,729.0,182329.0,183058.0,27.0,427.0,427.8527784179974,0.06310581901520791,1.5076485476905648,93.61810122830262
336.0,594.0,356.0,594.0,336.0,594.0,400.0,178084.0,178484.0,20.0,422.0,422.47366781848075,0.047340228571578484,1.5234383980243529,92.71340944503334
336.0,593.0,362.0,593.0,336.0,593.0,676.0,178929.0,179605.0,26.0,423.0,423.79830108201236,0.0613499391895121,1.5094078373057138,93.51730135841339
335.0,592.0,362.0,592.0,335.0,592.0,729.0,178929.0,179658.0,27.0,423.0,423.8608262153982,0.06370015422533787,1.5070530142622096,93.65222278030633
335.0,593.0,362.0,593.0,335.0,593.0,729.0,173889.0,174618.0,27.0,417.0,417.8731865051884,0.06461290379937971,1.5061383803709154,93.70462744207711
333.0,593.0,360.0,593.0,333.0,593.0,729.0,173889.0,174618.0,27.0,417.0,417.8731865051884,0.06461290379937971,1.5061383803709154,93.70462744207711
332.0,593.0,359.0,593.0,332.0,593.0,729.0,173889.0,174618.0,27.0,417.0,417.8731865051884,0.06461290379937971,1.5061383803709154,93.70462744207711
333.0,594.0,359.0,594.0,333.0,594.0,676.0,172225.0,172901.0,26.0,415.0,415.81366018927275,0.06252800831065808,1.5082275017985645,93.58492960138248
331.0,587.0,365.0,587.0,331.0,587.0,1156.0,178084.0,179240.0,34.0,422.0,423.3674526932839,0.08030848801367806,1.4904012629736583,94.60629785064185
338.0,587.0,358.0,587.0,338.0,587.0,400.0,178084.0,178484.0,20.0,422.0,422.47366781848075,0.047340228571578484,1.5234383980243529,92.71340944503334
337.0,588.0,358.0,588.0,337.0,588.0,441.0,177241.0,177682.0,21.0,421.0,421.5234275814335,0.049819295028253295,1.520956400448066,92.85561743091627
331.0,588.0,358.0,588.0,331.0,588.0,729.0,177241.0,177970.0,27.0,421.0,421.86490728668105,0.06400153113862105,1.5067510211165682,93.66952571299346
337.0,587.0,357.0,587.0,337.0,587.0,400.0,178084.0,178484.0,20.0,422.0,422.47366781848075,0.047340228571578484,1.5234383980243529,92.71340944503334
338.0,586.0,358.0,586.0,338.0,586.0,400.0,178929.0,179329.0,20.0,423.0,423.4725492874361,0.04722856306424908,1.5235501885731142,92.70700431839985
337.0,592.0,357.0,592.0,337.0,592.0,400.0,173889.0,174289.0,20.0,417.0,417.4793408062248,0.04790656218191909,1.5228714210930332,92.74589483027923
331.0,592.0,358.0,592.0,331.0,592.0,729.0,173889.0,174618.0,27.0,417.0,417.8731865051884,0.06461290379937971,1.5061383803709154,93.70462744207711
331.0,592.0,358.0,592.0,331.0,592.0,729.0,173889.0,174618.0,27.0,417.0,417.8731865051884,0.06461290379937971,1.5061383803709154,93.70462744207711
331.0,591.0,358.0,591.0,331.0,591.0,729.0,173889.0,174618.0,27.0,417.0,417.8731865051884,0.06461290379937971,1.5061383803709154,93.70462744207711
331.0,592.0,358.0,592.0,331.0,592.0,729.0,173889.0,174618.0,27.0,417.0,417.8731865051884,0.06461290379937971,1.5061383803709154,93.70462744207711
331.0,591.0,358.0,591.0,331.0,591.0,729.0,174724.0,175453.0,27.0,418.0,418.8711018917395,0.06445897049966068,1.506292635233005,93.69578928951
331.0,590.0,358.0,590.0,331.0,590.0,729.0,175561.0,176290.0,27.0,419.0,419.86902719776793,0.06430576739656098,1.5064461568470737,93.68699314895983
331.0,591.0,358.0,591.0,331.0,591.0,729.0,173889.0,174618.0,27.0,417.0,417.8731865051884,0.06461290379937971,1.5061383803709154,93.70462744207711
332.0,591.0,358.0,591.0,332.0,591.0,676.0,173889.0,174565.0,26.0,417.0,417.8097653238852,0.062229277910354396,1.5085268150958293,93.56778021269706
331.0,591.0,358.0,591.0,331.0,591.0,729.0,173889.0,174618.0,27.0,417.0,417.8731865051884,0.06461290379937971,1.5061383803709154,93.70462744207711
331.0,590.0,358.0,590.0,331.0,590.0,729.0,174724.0,175453.0,27.0,418.0,418.8711018917395,0.06445897049966068,1.506292635233005,93.69578928951
331.0,591.0,358.0,591.0,331.0,591.0,729.0,173889.0,174618.0,27.0,417.0,417.8731865051884,0.06461290379937971,1.5061383803709154,93.70462744207711
331.0,591.0,358.0,591.0,331.0,591.0,729.0,173889.0,174618.0,27.0,417.0,417.8731865051884,0.06461290379937971,1.5061383803709154,93.70462744207711
331.0,592.0,358.0,592.0,331.0,592.0,729.0,173056.0,173785.0,27.0,416.0,416.8752811093505,0.06476757251749267,1.5059833870024284,93.71350790794394
331.0,592.0,358.0,592.0,331.0,592.0,729.0,173056.0,173785.0,27.0,416.0,416.8752811093505,0.06476757251749267,1.5059833870024284,93.71350790794394
331.0,592.0,358.0,592.0,331.0,592.0,729.0,173056.0,173785.0,27.0,416.0,416.8752811093505,0.06476757251749267,1.5059833870024284,93.71350790794394
331.0,593.0,358.0,593.0,331.0,593.0,729.0,172225.0,172954.0,27.0,415.0,415.87738577614437,0.064922981925575,1.505827649818839,93.72243099127687
331.0,592.0,357.0,592.0,331.0,592.0,676.0,172225.0,172901.0,26.0,415.0,415.81366018927275,0.06252800831065808,1.5082275017985645,93.58492960138248
331.0,595.0,357.0,595.0,331.0,595.0,676.0,170569.0,171245.0,26.0,413.0,413.81759266614074,0.0628296149336895,1.5079253009720623,93.60224443330641
331.0,594.0,357.0,594.0,331.0,594.0,676.0,170569.0,171245.0,26.0,413.0,413.81759266614074,0.0628296149336895,1.5079253009720623,93.60224443330641
330.0,593.0,357.0,593.0,330.0,593.0,729.0,171396.0,172125.0,27.0,414.0,414.87950057817994,0.06507913734559685,1.5056711634605107,93.73139699916045
330.0,592.0,357.0,592.0,330.0,592.0,729.0,173056.0,173785.0,27.0,416.0,416.8752811093505,0.06476757251749267,1.5059833870024284,93.71350790794394
330.0,598.0,357.0,598.0,330.0,598.0,729.0,167281.0,168010.0,27.0,409.0,409.89022920777217,0.06587129449800516,1.5048773028175404,93.77688186352418
330.0,598.0,357.0,598.0,330.0,598.0,729.0,167281.0,168010.0,27.0,409.0,409.89022920777217,0.06587129449800516,1.5048773028175404,93.77688186352418
330.0,590.0,357.0,590.0,330.0,590.0,729.0,173889.0,174618.0,27.0,417.0,417.8731865051884,0.06461290379937971,1.5061383803709154,93.70462744207711
330.0,590.0,357.0,590.0,330.0,590.0,729.0,173889.0,174618.0,27.0,417.0,417.8731865051884,0.06461290379937971,1.5061383803709154,93.70462744207711
330.0,596.0,357.0,596.0,330.0,596.0,729.0,169744.0,170473.0,27.0,412.0,412.88376088192183,0.06539370776493574,1.505355921522758,93.7494590317192
330.0,596.0,357.0,596.0,330.0,596.0,729.0,168921.0,169650.0,27.0,411.0,411.8859065323794,0.06555213366563069,1.5051971549638579,93.75855568547199
330.0,595.0,357.0,595.0,330.0,595.0,729.0,170569.0,171298.0,27.0,413.0,413.8816255887666,0.06523604415052539,1.5055139225162644,93.74040624163241
331.0,596.0,358.0,596.0,331.0,596.0,729.0,169744.0,170473.0,27.0,412.0,412.88376088192183,0.06539370776493574,1.505355921522758,93.7494590317192
331.0,596.0,358.0,596.0,331.0,596.0,729.0,169744.0,170473.0,27.0,412.0,412.88376088192183,0.06539370776493574,1.505355921522758,93.7494590317192
331.0,595.0,358.0,595.0,331.0,595.0,729.0,170569.0,171298.0,27.0,413.0,413.8816255887666,0.06523604415052539,1.5055139225162644,93.74040624163241
331.0,596.0,358.0,596.0,331.0,596.0,729.0,170569.0,171298.0,27.0,413.0,413.8816255887666,0.06523604415052539,1.5055139225162644,93.74040624163241
331.0,597.0,358.0,597.0,331.0,597.0,729.0,164025.0,164754.0,27.0,405.0,405.89900221606854,0.06651901052377393,1.5042281630190728,93.81407483429035
331.0,595.0,358.0,595.0,331.0,595.0,729.0,170569.0,171298.0,27.0,413.0,413.8816255887666,0.06523604415052539,1.5055139225162644,93.74040624163241
331.0,595.0,358.0,595.0,331.0,595.0,729.0,170569.0,171298.0,27.0,413.0,413.8816255887666,0.06523604415052539,1.5055139225162644,93.74040624163241
331.0,595.0,358.0,595.0,331.0,595.0,729.0,164836.0,165565.0,27.0,406.0,406.8967928111501,0.06635589288739198,1.504391641847108,93.80470818740419
331.0,591.0,358.0,591.0,331.0,591.0,729.0,168921.0,169650.0,27.0,411.0,411.8859065323794,0.06555213366563069,1.5051971549638579,93.75855568547199
332.0,591.0,358.0,591.0,332.0,591.0,676.0,168921.0,169597.0,26.0,411.0,411.82156330138906,0.0631341394354624,1.5076201706850276,93.61972711095513
332.0,591.0,359.0,591.0,332.0,591.0,729.0,168921.0,169650.0,27.0,411.0,411.8859065323794,0.06555213366563069,1.5051971549638579,93.75855568547199
332.0,590.0,359.0,590.0,332.0,590.0,729.0,169744.0,170473.0,27.0,412.0,412.88376088192183,0.06539370776493574,1.505355921522758,93.7494590317192
332.0,597.0,359.0,597.0,332.0,597.0,729.0,164025.0,164754.0,27.0,405.0,405.89900221606854,0.06651901052377393,1.5042281630190728,93.81407483429035
332.0,590.0,359.0,590.0,332.0,590.0,729.0,169744.0,170473.0,27.0,412.0,412.88376088192183,0.06539370776493574,1.505355921522758,93.7494590317192
333.0,590.0,360.0,590.0,333.0,590.0,729.0,170569.0,171298.0,27.0,413.0,413.8816255887666,0.06523604415052539,1.5055139225162644,93.74040624163241
332.0,590.0,360.0,590.0,332.0,590.0,784.0,169744.0,170528.0,28.0,412.0,412.95036021294374,0.06780475983980594,1.5029395039385927,93.88790956083308
333.0,592.0,360.0,592.0,333.0,592.0,729.0,168921.0,169650.0,27.0,411.0,411.8859065323794,0.06555213366563069,1.5051971549638579,93.75855568547199
333.0,590.0,360.0,590.0,333.0,590.0,729.0,169744.0,170473.0,27.0,412.0,412.88376088192183,0.06539370776493574,1.505355921522758,93.7494590317192
333.0,589.0,360.0,589.0,333.0,589.0,729.0,171396.0,172125.0,27.0,414.0,414.87950057817994,0.06507913734559685,1.5056711634605107,93.73139699916045
333.0,591.0,360.0,591.0,333.0,591.0,729.0,169744.0,170473.0,27.0,412.0,412.88376088192183,0.06539370776493574,1.505355921522758,93.7494590317192
333.0,590.0,360.0,590.0,333.0,590.0,729.0,170569.0,171298.0,27.0,413.0,413.8816255887666,0.06523604415052539,1.5055139225162644,93.74040624163241
333.0,589.0,360.0,589.0,333.0,589.0,729.0,171396.0,172125.0,27.0,414.0,414.87950057817994,0.06507913734559685,1.5056711634605107,93.73139699916045
334.0,595.0,361.0,595.0,334.0,595.0,729.0,166464.0,167193.0,27.0,408.0,408.8924063858364,0.06603204065013239,1.5047162059281038,93.78611203538159
334.0,594.0,361.0,594.0,334.0,594.0,729.0,167281.0,168010.0,27.0,409.0,409.89022920777217,0.06587129449800516,1.5048773028175404,93.77688186352418
334.0,593.0,362.0,593.0,334.0,593.0,784.0,168100.0,168884.0,28.0,410.0,410.9549853694441,0.0681339830318114,1.5026095176214325,93.90681638410342
334.0,592.0,361.0,592.0,334.0,592.0,729.0,168921.0,169650.0,27.0,411.0,411.8859065323794,0.06555213366563069,1.5051971549638579,93.75855568547199
334.0,592.0,362.0,592.0,334.0,592.0,784.0,168921.0,169705.0,28.0,411.0,411.9526671839861,0.06796897369642385,1.5027749103686336,93.89734007772671
334.0,592.0,361.0,592.0,334.0,592.0,729.0,168921.0,169650.0,27.0,411.0,411.8859065323794,0.06555213366563069,1.5051971549638579,93.75855568547199
334.0,593.0,362.0,593.0,334.0,593.0,784.0,168921.0,169705.0,28.0,411.0,411.9526671839861,0.06796897369642385,1.5027749103686336,93.89734007772671
334.0,586.0,361.0,586.0,334.0,586.0,729.0,173889.0,174618.0,27.0,417.0,417.8731865051884,0.06461290379937971,1.5061383803709154,93.70462744207711
334.0,592.0,362.0,592.0,334.0,592.0,784.0,169744.0,170528.0,28.0,412.0,412.95036021294374,0.06780475983980594,1.5029395039385927,93.88790956083308
334.0,592.0,362.0,592.0,334.0,592.0,784.0,169744.0,170528.0,28.0,412.0,412.95036021294374,0.06780475983980594,1.5029395039385927,93.88790956083308
342.0,587.0,362.0,587.0,342.0,587.0,400.0,173889.0,174289.0,20.0,417.0,417.4793408062248,0.04790656218191909,1.5228714210930332,92.74589483027923
335.0,586.0,362.0,586.0,335.0,586.0,729.0,174724.0,175453.0,27.0,418.0,418.8711018917395,0.06445897049966068,1.506292635233005,93.69578928951
335.0,595.0,362.0,595.0,335.0,595.0,729.0,167281.0,168010.0,27.0,409.0,409.89022920777217,0.06587129449800516,1.5048773028175404,93.77688186352418
342.0,587.0,369.0,587.0,342.0,587.0,729.0,173889.0,174618.0,27.0,417.0,417.8731865051884,0.06461290379937971,1.5061383803709154,93.70462744207711
342.0,586.0,362.0,586.0,342.0,586.0,400.0,174724.0,175124.0,20.0,418.0,418.4781953698424,0.04779221527258884,1.5229858991299217,92.73933572191858
335.0,592.0,362.0,592.0,335.0,592.0,729.0,169744.0,170473.0,27.0,412.0,412.88376088192183,0.06539370776493574,1.505355921522758,93.7494590317192
335.0,586.0,363.0,586.0,335.0,586.0,784.0,174724.0,175508.0,28.0,418.0,418.9367494025799,0.06683586493648287,1.50391060189923,93.83226974619478
336.0,594.0,363.0,594.0,336.0,594.0,729.0,168921.0,169650.0,27.0,411.0,411.8859065323794,0.06555213366563069,1.5051971549638579,93.75855568547199
336.0,592.0,363.0,592.0,336.0,592.0,729.0,170569.0,171298.0,27.0,413.0,413.8816255887666,0.06523604415052539,1.5055139225162644,93.74040624163241
335.0,590.0,363.0,590.0,335.0,590.0,784.0,171396.0,172180.0,28.0,414.0,414.9457795905388,0.0674786957168956,1.503266316569938,93.86918457636541
336.0,591.0,370.0,591.0,336.0,591.0,1156.0,170569.0,171725.0,34.0,413.0,414.3971524998694,0.08204689582178226,1.4886570985791303,94.7062311092253
336.0,585.0,364.0,585.0,336.0,585.0,784.0,176400.0,177184.0,28.0,420.0,420.9322985944414,0.06651901052377393,1.5042281630190728,93.81407483429035
337.0,587.0,364.0,587.0,337.0,587.0,729.0,174724.0,175453.0,27.0,418.0,418.8711018917395,0.06445897049966068,1.506292635233005,93.69578928951
337.0,588.0,372.0,588.0,337.0,588.0,1225.0,173889.0,175114.0,35.0,417.0,418.4662471454538,0.08363876474805487,1.487059738755324,94.79775308549316
338.0,594.0,365.0,594.0,338.0,594.0,729.0,168921.0,169650.0,27.0,411.0,411.8859065323794,0.06555213366563069,1.5051971549638579,93.75855568547199
338.0,592.0,372.0,592.0,338.0,592.0,1156.0,170569.0,171725.0,34.0,413.0,414.3971524998694,0.08204689582178226,1.4886570985791303,94.7062311092253
335.0,594.0,369.0,594.0,335.0,594.0,1156.0,168100.0,169256.0,34.0,410.0,411.40734072206345,0.08264315347491467,1.4880588090548896,94.74051057389117
334.0,593.0,368.0,593.0,334.0,593.0,1156.0,168921.0,170077.0,34.0,411.0,412.4039282063157,0.08244344361092172,1.4882592027669173,94.72902885995103
341.0,587.0,369.0,587.0,341.0,587.0,784.0,173889.0,174673.0,28.0,417.0,417.93899076300596,0.0669954242576939,1.503750684144011,93.84143235863806
342.0,591.0,369.0,591.0,342.0,591.0,729.0,169744.0,170473.0,27.0,412.0,412.88376088192183,0.06539370776493574,1.505355921522758,93.7494590317192
335.0,593.0,369.0,593.0,335.0,593.0,1156.0,168921.0,170077.0,34.0,411.0,412.4039282063157,0.08244344361092172,1.4882592027669173,94.72902885995103
336.0,594.0,370.0,594.0,336.0,594.0,1156.0,168100.0,169256.0,34.0,410.0,411.40734072206345,0.08264315347491467,1.4880588090548896,94.74051057389117
336.0,593.0,370.0,593.0,336.0,593.0,1156.0,168921.0,170077.0,34.0,411.0,412.4039282063157,0.08244344361092172,1.4882592027669173,94.72902885995103
336.0,592.0,371.0,592.0,336.0,592.0,1225.0,175561.0,176786.0,35.0,419.0,420.4592727006981,0.08324230733499505,1.4874575835521207,94.77495825773546
337.0,593.0,371.0,593.0,337.0,593.0,1156.0,168921.0,170077.0,34.0,411.0,412.4039282063157,0.08244344361092172,1.4882592027669173,94.72902885995103
337.0,592.0,371.0,592.0,337.0,592.0,1156.0,169744.0,170900.0,34.0,412.0,413.40053217188773,0.08224469335192618,1.4884586302899645,94.71760250456168
337.0,592.0,372.0,592.0,337.0,592.0,1225.0,169744.0,170969.0,35.0,412.0,413.48397792417546,0.0846465688361407,1.4860483479460946,94.85570151030032
338.0,593.0,372.0,593.0,338.0,593.0,1156.0,168921.0,170077.0,34.0,411.0,412.4039282063157,0.08244344361092172,1.4882592027669173,94.72902885995103
338.0,587.0,372.0,587.0,338.0,587.0,1156.0,174724.0,175880.0,34.0,418.0,419.38049549305464,0.08107196296772717,1.489635290338023,94.65018484988626
338.0,591.0,372.0,591.0,338.0,591.0,1156.0,170569.0,171725.0,34.0,413.0,414.3971524998694,0.08204689582178226,1.4886570985791303,94.7062311092253
338.0,590.0,373.0,590.0,338.0,590.0,1225.0,171396.0,172621.0,35.0,414.0,415.4768344926104,0.08424055710047657,1.4864558150496783,94.83235536497456
339.0,591.0,366.0,591.0,339.0,591.0,729.0,170569.0,171298.0,27.0,413.0,413.8816255887666,0.06523604415052539,1.5055139225162644,93.74040624163241
339.0,590.0,373.0,590.0,339.0,590.0,1156.0,171396.0,172552.0,34.0,414.0,415.3937890724896,0.0818500442096565,1.4888546145230697,94.69491427925102
340.0,592.0,374.0,592.0,340.0,592.0,1156.0,169744.0,170900.0,34.0,412.0,413.40053217188773,0.08224469335192618,1.4884586302899645,94.71760250456168
340.0,592.0,367.0,592.0,340.0,592.0,729.0,168921.0,169650.0,27.0,411.0,411.8859065323794,0.06555213366563069,1.5051971549638579,93.75855568547199
340.0,586.0,367.0,586.0,340.0,586.0,729.0,174724.0,175453.0,27.0,418.0,418.8711018917395,0.06445897049966068,1.506292635233005,93.69578928951
340.0,587.0,374.0,587.0,340.0,587.0,1156.0,173889.0,175045.0,34.0,417.0,418.3837950972767,0.08126509773662434,1.4894415161899202,94.6612872907513
340.0,588.0,374.0,588.0,340.0,588.0,1156.0,173056.0,174212.0,34.0,416.0,417.3871104861768,0.08145915181807231,1.4892468166023947,94.67244275538945
340.0,588.0,374.0,588.0,340.0,588.0,1156.0,173056.0,174212.0,34.0,416.0,417.3871104861768,0.08145915181807231,1.4892468166023947,94.67244275538945
341.0,588.0,368.0,588.0,341.0,588.0,729.0,173056.0,173785.0,27.0,416.0,416.8752811093505,0.06476757251749267,1.5059833870024284,93.71350790794394
340.0,592.0,375.0,592.0,340.0,592.0,1225.0,169744.0,170969.0,35.0,412.0,413.48397792417546,0.0846465688361407,1.4860483479460946,94.85570151030032
341.0,593.0,368.0,593.0,341.0,593.0,729.0,168921.0,169650.0,27.0,411.0,411.8859065323794,0.06555213366563069,1.5051971549638579,93.75855568547199
340.0,593.0,375.0,593.0,340.0,593.0,1225.0,168921.0,170146.0,35.0,411.0,412.4875755704649,0.08485104054733153,1.4858431379605255,94.86745917638737
340.0,593.0,368.0,593.0,340.0,593.0,784.0,168921.0,169705.0,28.0,411.0,411.9526671839861,0.06796897369642385,1.5027749103686336,93.89734007772671
341.0,592.0,368.0,592.0,341.0,592.0,729.0,169744.0,170473.0,27.0,412.0,412.88376088192183,0.06539370776493574,1.505355921522758,93.7494590317192
341.0,592.0,368.0,592.0,341.0,592.0,729.0,169744.0,170473.0,27.0,412.0,412.88376088192183,0.06539370776493574,1.505355921522758,93.7494590317192
341.0,593.0,368.0,593.0,341.0,593.0,729.0,168921.0,169650.0,27.0,411.0,411.8859065323794,0.06555213366563069,1.5051971549638579,93.75855568547199
348.0,587.0,369.0,587.0,348.0,587.0,441.0,173889.0,174330.0,21.0,417.0,417.5284421449633,0.050295974789446626,1.5204791223334184,92.88296345253953
342.0,587.0,369.0,587.0,342.0,587.0,729.0,173889.0,174618.0,27.0,417.0,417.8731865051884,0.06461290379937971,1.5061383803709154,93.70462744207711
342.0,591.0,369.0,591.0,342.0,591.0,729.0,170569.0,171298.0,27.0,413.0,413.8816255887666,0.06523604415052539,1.5055139225162644,93.74040624163241
342.0,590.0,376.0,590.0,342.0,590.0,1156.0,171396.0,172552.0,34.0,414.0,415.3937890724896,0.0818500442096565,1.4888546145230697,94.69491427925102
342.0,588.0,377.0,588.0,342.0,588.0,1225.0,173056.0,174281.0,35.0,416.0,417.4697593838385,0.08383840796434693,1.4868593918716815,94.80923211636447
342.0,588.0,370.0,588.0,342.0,588.0,784.0,173056.0,173840.0,28.0,416.0,416.94124286282835,0.06715574551403125,1.5035900010125318,93.85063882391076
342.0,593.0,377.0,593.0,342.0,593.0,1225.0,168921.0,170146.0,35.0,411.0,412.4875755704649,0.08485104054733153,1.4858431379605255,94.86745917638737
343.0,593.0,377.0,593.0,343.0,593.0,1156.0,168921.0,170077.0,34.0,411.0,412.4039282063157,0.08244344361092172,1.4882592027669173,94.72902885995103
343.0,593.0,377.0,593.0,343.0,593.0,1156.0,168921.0,170077.0,34.0,411.0,412.4039282063157,0.08244344361092172,1.4882592027669173,94.72902885995103
342.0,592.0,377.0,592.0,342.0,592.0,1225.0,168921.0,170146.0,35.0,411.0,412.4875755704649,0.08485104054733153,1.4858431379605255,94.86745917638737
342.0,588.0,378.0,588.0,342.0,588.0,1296.0,172225.0,173521.0,36.0,415.0,416.5585192983094,0.08642243126041883,1.484265953177783,94.95782520795078
343.0,590.0,378.0,590.0,343.0,590.0,1225.0,170569.0,171794.0,35.0,413.0,414.48039760644895,0.0844430766861806,1.4862525712818986,94.84400037508067
343.0,589.0,378.0,589.0,343.0,589.0,1225.0,171396.0,172621.0,35.0,414.0,415.4768344926104,0.08424055710047657,1.4864558150496783,94.83235536497456
343.0,588.0,378.0,588.0,343.0,588.0,1225.0,172225.0,173450.0,35.0,415.0,416.473288459176,0.08403900314829149,1.4866580862637258,94.82076607809265
344.0,590.0,379.0,590.0,344.0,590.0,1225.0,171396.0,172621.0,35.0,414.0,415.4768344926104,0.08424055710047657,1.4864558150496783,94.83235536497456
344.0,588.0,379.0,588.0,344.0,588.0,1225.0,173056.0,174281.0,35.0,416.0,417.4697593838385,0.08383840796434693,1.4868593918716815,94.80923211636447
338.0,591.0,381.0,591.0,338.0,591.0,1849.0,167281.0,169130.0,43.0,409.0,411.254179310071,0.10455820794851918,1.46604666310534,96.00171363482636
339.0,591.0,381.0,591.0,339.0,591.0,1764.0,167281.0,169045.0,42.0,409.0,411.1508239077237,0.10215229438388826,1.4684655315122763,95.86312268391137
339.0,591.0,381.0,591.0,339.0,591.0,1764.0,167281.0,169045.0,42.0,409.0,411.1508239077237,0.10215229438388826,1.4684655315122763,95.86312268391137
339.0,592.0,381.0,592.0,339.0,592.0,1764.0,166464.0,168228.0,42.0,408.0,410.1560678571024,0.10240004547398947,1.468216474376602,95.87739260664313
339.0,591.0,381.0,591.0,339.0,591.0,1764.0,166464.0,168228.0,42.0,408.0,410.1560678571024,0.10240004547398947,1.468216474376602,95.87739260664313
340.0,591.0,389.0,591.0,340.0,591.0,2401.0,166464.0,168865.0,49.0,408.0,410.93186783212616,0.11924117800476228,1.4512707544059302,96.84831084177317
340.0,592.0,390.0,592.0,340.0,592.0,2500.0,166464.0,168964.0,50.0,408.0,411.052308106888,0.12163902017793377,1.4488553287660337,96.98670453666693
340.0,591.0,389.0,591.0,340.0,591.0,2401.0,167281.0,169682.0,49.0,409.0,411.92475040958635,0.11895376510218958,1.4515602276156645,96.83172524857329
340.0,590.0,390.0,590.0,340.0,590.0,2500.0,168100.0,170600.0,50.0,410.0,413.03752856126766,0.12105437531103976,1.449444326224133,96.9529574681739
341.0,591.0,390.0,591.0,341.0,591.0,2401.0,167281.0,169682.0,49.0,409.0,411.92475040958635,0.11895376510218958,1.4515602276156645,96.83172524857329
341.0,594.0,390.0,594.0,341.0,594.0,2401.0,165649.0,168050.0,49.0,407.0,409.93901985539264,0.11952997306107849,1.4509798789978554,96.86497677502001
335.0,595.0,398.0,595.0,335.0,595.0,3969.0,160000.0,163969.0,63.0,400.0,404.93085829558606,0.15558211657460813,1.414579608350775,98.95055865623165
335.0,592.0,398.0,592.0,335.0,592.0,3969.0,162409.0,166378.0,63.0,403.0,407.89459422747933,0.15445166690506676,1.41572389037409,98.884996125723
336.0,596.0,405.0,596.0,336.0,596.0,4761.0,159201.0,163962.0,69.0,399.0,404.9222147524139,0.17040309838814213,1.3995575906894588,99.81125686799605
336.0,594.0,404.0,594.0,336.0,594.0,4624.0,155236.0,159860.0,68.0,394.0,399.8249617019928,0.17007442384421062,1.3998911340191942,99.79214624291747
337.0,595.0,411.0,595.0,337.0,595.0,5476.0,156025.0,161501.0,74.0,395.0,401.8718701277809,0.18413829257686198,1.3856012352510838,100.6108971319994
336.0,598.0,411.0,598.0,336.0,598.0,5625.0,154449.0,160074.0,75.0,393.0,400.09248930716006,0.1874566556594888,1.3822240673831492,100.80439459753924
337.0,599.0,412.0,599.0,337.0,599.0,5625.0,154449.0,160074.0,75.0,393.0,400.09248930716006,0.1874566556594888,1.3822240673831492,100.80439459753924
331.0,601.0,413.0,601.0,331.0,601.0,6724.0,148996.0,155720.0,82.0,386.0,394.6137351892354,0.20779813951655088,1.3614729032284445,101.99334872358698
331.0,603.0,421.0,603.0,331.0,603.0,8100.0,143641.0,151741.0,90.0,379.0,389.53947168419273,0.23104205489338644,1.3376477468786352,103.35842962867036
332.0,599.0,421.0,599.0,332.0,599.0,7921.0,147456.0,155377.0,89.0,384.0,394.17889339740145,0.22578580814643565,1.343046727934117,103.04909080052018
332.0,602.0,422.0,602.0,332.0,602.0,8100.0,144400.0,152500.0,90.0,380.0,390.51248379533274,0.23046638387921276,1.3382393849899876,103.32453126189078
325.0,609.0,422.0,609.0,325.0,609.0,9409.0,144400.0,153809.0,97.0,380.0,392.1849053699033,0.2473323135894559,1.3208702705148498,104.31970821519576
327.0,606.0,429.0,606.0,327.0,606.0,10404.0,141376.0,151780.0,102.0,376.0,389.58952757999026,0.2618140190615299,1.3058950197310921,105.17772688225506
329.0,608.0,431.0,608.0,329.0,608.0,10404.0,140625.0,151029.0,102.0,375.0,388.6244974265004,0.2624641541525338,1.3052213256109326,105.21632671202298
323.0,605.0,431.0,605.0,323.0,605.0,11664.0,142884.0,154548.0,108.0,378.0,393.125934021148,0.274721127897378,1.2924966677897853,105.94539590092285
323.0,612.0,431.0,612.0,323.0,612.0,11664.0,133225.0,144889.0,108.0,365.0,380.64287724847816,0.2837305160697889,1.283114048865861,106.4829803660433
324.0,614.0,438.0,614.0,324.0,614.0,12996.0,132496.0,145492.0,114.0,364.0,381.4341358609635,0.2988720444295896,1.2672858720142028,107.38986809702998
325.0,620.0,438.0,620.0,325.0,620.0,12769.0,128881.0,141650.0,113.0,359.0,376.36418533117626,0.3002411079592158,1.2658509129132964,107.4720851972858
320.0,619.0,438.0,619.0,320.0,619.0,13924.0,130321.0,144245.0,118.0,361.0,379.7959978725421,0.3106931106725361,1.254874182669389,108.1010055131153
321.0,626.0,445.0,626.0,321.0,626.0,15376.0,125316.0,140692.0,124.0,354.0,375.0893226952748,0.33058792265526166,1.2338698717818752,109.30446387855052
316.0,627.0,452.0,627.0,316.0,627.0,18496.0,126025.0,144521.0,136.0,355.0,380.1591771876617,0.35774488204151644,1.204944494095103,110.96176594082445
318.0,632.0,458.0,632.0,318.0,632.0,19600.0,128164.0,147764.0,140.0,358.0,384.4008324652797,0.36420316548779913,1.198019264355528,111.35855237706058
313.0,634.0,458.0,634.0,313.0,634.0,21025.0,128164.0,149189.0,145.0,358.0,386.24991909384266,0.3754046093787557,1.1859630536085697,112.04932236978156
312.0,638.0,463.0,638.0,312.0,638.0,22801.0,126025.0,148826.0,151.0,355.0,385.7797298977747,0.3914150700453145,1.168627474556218,113.04257788489672
308.0,643.0,464.0,643.0,308.0,643.0,24336.0,121801.0,146137.0,156.0,349.0,382.2786941486538,0.4080792426776928,1.150447166416133,114.08423281157091
308.0,650.0,470.0,650.0,308.0,650.0,26244.0,118336.0,144580.0,162.0,344.0,380.23676834309435,0.42605032834127327,1.1306737887793075,115.21716389687938
310.0,655.0,476.0,655.0,310.0,655.0,27556.0,114921.0,142477.0,166.0,339.0,377.4612562899668,0.4397802350143145,1.1154423664929574,116.08986010986875
305.0,662.0,477.0,662.0,305.0,662.0,29584.0,110224.0,139808.0,172.0,332.0,373.9090798576574,0.46000487622680436,1.0927956365202698,117.38742215707617
300.0,670.0,486.0,670.0,300.0,670.0,34596.0,106929.0,141525.0,186.0,327.0,376.19808611953357,0.49442037815391804,1.0536284493347754,119.63153667820387
302.0,672.0,481.0,672.0,302.0,672.0,32041.0,110224.0,142265.0,179.0,332.0,377.18032822510776,0.4745740607478599,1.0763162615726027,118.3316207905911
295.0,683.0,490.0,683.0,295.0,683.0,38025.0,104329.0,142354.0,195.0,323.0,377.2982904811523,0.5168324503970714,1.0276495605588427,121.12001736150461
296.0,685.0,489.0,685.0,296.0,685.0,37249.0,104976.0,142225.0,193.0,324.0,377.12729946266154,0.5117635352173927,1.033560080892691,120.78136949164885
297.0,695.0,494.0,695.0,297.0,695.0,38809.0,99225.0,138034.0,197.0,315.0,371.52927206345396,0.5302408580241131,1.011911704754368,122.02173007768647
293.0,696.0,494.0,696.0,293.0,696.0,40401.0,103041.0,143442.0,201.0,321.0,378.73737602724134,0.5307107582261507,1.0113573810860892,122.05349048436307
293.0,703.0,503.0,703.0,293.0,703.0,44100.0,96100.0,140200.0,210.0,310.0,374.4329045369811,0.5608481451695152,0.9753864513161641,124.11447294534125
291.0,715.0,504.0,715.0,291.0,715.0,45369.0,93636.0,139005.0,213.0,306.0,372.83374310810444,0.5713002214454606,0.9627071394194465,124.84094400415319
293.0,721.0,512.0,721.0,293.0,721.0,47961.0,88804.0,136765.0,219.0,298.0,369.8175225702536,0.5921839464986329,0.9370299023779932,126.31214131618545
292.0,731.0,513.0,731.0,292.0,731.0,48841.0,85849.0,134690.0,221.0,293.0,367.0013623952914,0.6021776010792145,0.9245704291046806,127.02601654970232
292.0,743.0,520.0,743.0,292.0,743.0,51984.0,82944.0,134928.0,228.0,288.0,367.3254687603352,0.6207029443655612,0.9011573811182589,128.36748538486154
287.0,747.0,514.0,747.0,287.0,747.0,51529.0,82369.0,133898.0,227.0,287.0,365.9207564487153,0.620352893350598,0.9016037698039028,128.34190919715175
291.0,755.0,523.0,755.0,291.0,755.0,53824.0,78961.0,132785.0,232.0,281.0,364.3967617858315,0.6366686653937786,0.8806258333060076,129.54385642137458
288.0,771.0,525.0,771.0,288.0,771.0,56169.0,72900.0,129069.0,237.0,270.0,359.2617430231056,0.6596861608633835,0.8503952365570511,131.27594202725172
293.0,778.0,525.0,778.0,293.0,778.0,53824.0,70225.0,124049.0,232.0,265.0,352.20590568586437,0.6587055931053096,0.8516992331625294,131.20122852525841
290.0,789.0,525.0,789.0,290.0,789.0,55225.0,68644.0,123869.0,235.0,262.0,351.95028057951595,0.6677079490121519,0.8396707693352831,131.8904087365854
291.0,792.0,531.0,792.0,291.0,792.0,57600.0,68121.0,125721.0,240.0,261.0,354.5715724645731,0.6768732144311416,0.8272898084933771,132.59978553914337
290.0,803.0,533.0,803.0,290.0,803.0,59049.0,66564.0,125613.0,243.0,258.0,354.41924326988794,0.6856286858412963,0.8153293417512568,133.28506980447344
293.0,816.0,538.0,816.0,293.0,816.0,60025.0,62500.0,122525.0,245.0,250.0,350.03571246374275,0.699928582359657,0.7954988299827702,134.42127443439225
289.0,826.0,538.0,826.0,289.0,826.0,62001.0,61504.0,123505.0,249.0,248.0,351.4327816240255,0.7085280970356047,0.7833860936780824,135.11528310300574
291.0,837.0,543.0,837.0,291.0,837.0,63504.0,60516.0,124020.0,252.0,246.0,352.1647341799005,0.7155742058807848,0.7733505535432623,135.69027719786507
288.0,842.0,551.0,842.0,288.0,842.0,69169.0,59049.0,128218.0,263.0,243.0,358.07541105191797,0.7344821562234196,0.7458930358283401,137.26347707883582
291.0,856.0,554.0,856.0,291.0,856.0,69169.0,59049.0,128218.0,263.0,243.0,358.07541105191797,0.7344821562234196,0.7458930358283401,137.26347707883582
292.0,864.0,554.0,864.0,292.0,864.0,68644.0,58564.0,127208.0,262.0,242.0,356.6623052692841,0.7345884219589368,0.7457364334743207,137.27244973278295
294.0,870.0,556.0,870.0,294.0,870.0,68644.0,59049.0,127693.0,262.0,243.0,357.34157328807964,0.7331920481269676,0.7477921386993962,137.15466649946313
294.0,877.0,557.0,877.0,294.0,877.0,69169.0,59536.0,128705.0,263.0,244.0,358.75479090877656,0.7330912552659822,0.7479403469386893,137.14617479286255
298.0,882.0,563.0,882.0,298.0,882.0,70225.0,60025.0,130250.0,265.0,245.0,360.90164865237176,0.734272068275459,0.7462025614703934,137.24574256589509
299.0,890.0,561.0,890.0,299.0,890.0,68644.0,59049.0,127693.0,262.0,243.0,357.34157328807964,0.7331920481269676,0.7477921386993962,137.15466649946313
302.0,892.0,567.0,892.0,302.0,892.0,70225.0,63504.0,133729.0,265.0,252.0,365.68975922221284,0.7246579739165506,0.7602583932174215,136.44040272924437
305.0,899.0,569.0,899.0,305.0,899.0,69696.0,62500.0,132196.0,264.0,250.0,363.5876785591063,0.7260972127719755,0.7581675418719581,136.56019968692868
312.0,905.0,575.0,905.0,312.0,905.0,69169.0,64516.0,133685.0,263.0,254.0,365.62959398823284,0.7193072013981019,0.7679917977553876,135.9973112879516
315.0,907.0,578.0,907.0,315.0,907.0,69169.0,66564.0,135733.0,263.0,258.0,368.41959774148825,0.7138599618811299,0.7758015290275081,135.54984664692776
320.0,911.0,576.0,911.0,320.0,911.0,65536.0,68121.0,133657.0,256.0,261.0,365.59130186589505,0.7002354779597711,0.7950690417776166,134.44589948463204
325.0,913.0,579.0,913.0,325.0,913.0,64516.0,69696.0,134212.0,254.0,264.0,366.3495598468763,0.693326887320855,0.8047007850161314,133.89404124771147
332.0,914.0,577.0,914.0,332.0,914.0,60025.0,72361.0,132386.0,245.0,269.0,363.8488697247801,0.6733564960235305,0.8320568816539375,132.32665236641316
339.0,915.0,584.0,915.0,339.0,915.0,60025.0,76729.0,136754.0,245.0,277.0,369.80265007162944,0.6625155334948096,0.8466242258674225,131.49200502426615
347.0,916.0,586.0,916.0,347.0,916.0,57121.0,78400.0,135521.0,239.0,280.0,368.13176988681647,0.6492240538584363,0.8642325149131304,130.48312437750064
354.0,917.0,587.0,917.0,354.0,917.0,54289.0,78400.0,132689.0,233.0,280.0,364.2650134174294,0.6396441915023932,0.8767610381801052,129.76529287077153
361.0,915.0,595.0,915.0,361.0,915.0,54756.0,87025.0,141781.0,234.0,295.0,376.5381786751511,0.6214509264992161,0.9002030173615037,128.42216640024387
372.0,915.0,597.0,915.0,372.0,915.0,50625.0,87025.0,137650.0,225.0,295.0,371.01212918178294,0.606449175923728,0.9192091408720391,127.33319573818582
382.0,915.0,602.0,915.0,382.0,915.0,48400.0,92416.0,140816.0,220.0,304.0,375.2545802518605,0.5862686602048723,0.9443511332261411,125.89266568774559
387.0,917.0,603.0,917.0,387.0,917.0,46656.0,93025.0,139681.0,216.0,305.0,373.73921389118374,0.5779431003536322,0.954590364653305,125.30600094151137
396.0,916.0,610.0,916.0,396.0,916.0,45796.0,93025.0,138821.0,214.0,305.0,372.5869026146786,0.5743626480110446,0.9589709785038428,125.05501025619901
411.0,915.0,611.0,915.0,411.0,915.0,40000.0,93025.0,133025.0,200.0,305.0,364.72592449673766,0.5483569622202409,0.9903981394010224,123.25436657471205
416.0,914.0,612.0,914.0,416.0,914.0,38416.0,96721.0,135137.0,196.0,311.0,367.6098475285993,0.5331739650547626,1.0084484707622163,122.220158768903
425.0,907.0,613.0,907.0,425.0,907.0,35344.0,101124.0,136468.0,188.0,318.0,369.4157549428557,0.5089117003931828,1.0368762707520254,120.5913658086449
436.0,907.0,614.0,907.0,436.0,907.0,31684.0,101124.0,132808.0,178.0,318.0,364.4283194264683,0.488436245240583,1.0604995390646315,119.23785223602744
441.0,903.0,619.0,903.0,441.0,903.0,31684.0,106929.0,138613.0,178.0,327.0,372.307668467895,0.47809920416761276,1.0723070539935893,118.56133146406044
452.0,906.0,621.0,906.0,452.0,906.0,28561.0,104329.0,132890.0,169.0,323.0,364.5408070436011,0.4635969327290886,1.0887458875597782,117.61945568059983
463.0,901.0,622.0,901.0,463.0,901.0,25281.0,110889.0,136170.0,159.0,333.0,369.0121949204389,0.4308800689751765,1.1253285328670688,115.523424501068
469.0,900.0,619.0,900.0,469.0,900.0,22500.0,111556.0,134056.0,150.0,334.0,366.1365865356807,0.4096831770331213,1.1486895985303731,114.18493403363269
479.0,897.0,620.0,897.0,479.0,897.0,19881.0,113569.0,133450.0,141.0,337.0,365.3080891521566,0.38597557564971213,1.1745312136374668,112.7043185521947
489.0,900.0,621.0,900.0,489.0,900.0,17424.0,110889.0,128313.0,132.0,333.0,358.2080401107714,0.3685009414059513,1.1934003595584717,111.62319612790463
499.0,896.0,623.0,896.0,499.0,896.0,15376.0,112896.0,128272.0,124.0,336.0,358.150806225534,0.3462228699323798,1.2172543670437779,110.25646217452312
504.0,896.0,623.0,896.0,504.0,896.0,14161.0,112896.0,127057.0,119.0,336.0,356.4505575812724,0.33384714224459433,1.2304143881529896,109.50244850666222
509.0,895.0,627.0,895.0,509.0,895.0,13924.0,116964.0,130888.0,118.0,342.0,361.78446622263925,0.3261610461942381,1.238556646603034,109.03593146176995
515.0,893.0,624.0,893.0,515.0,893.0,11881.0,117649.0,129530.0,109.0,343.0,359.90276464623054,0.30285957960657084,1.2631046000339243,107.62943733449623
521.0,892.0,625.0,892.0,521.0,892.0,10816.0,118336.0,129152.0,104.0,344.0,359.3772391234592,0.28938950127632374,1.2772073393861467,106.82140989004084
523.0,892.0,627.0,892.0,523.0,892.0,10816.0,117649.0,128465.0,104.0,343.0,358.42014452315595,0.29016226233143827,1.2763999362947176,106.86767067954554
529.0,892.0,629.0,892.0,529.0,892.0,10000.0,117649.0,127649.0,100.0,343.0,357.2800022391402,0.2798925195176932,1.2871141745946098,106.25379004426429
537.0,896.0,632.0,896.0,537.0,896.0,9025.0,118336.0,127361.0,95.0,344.0,356.87672941787616,0.2661983597388387,1.301349400335396,105.43817168890125
544.0,897.0,634.0,897.0,544.0,897.0,8100.0,118336.0,126436.0,90.0,344.0,355.5784020437687,0.253108736308798,1.3149040451433034,104.66154774860924
545.0,897.0,634.0,897.0,545.0,897.0,7921.0,118336.0,126257.0,89.0,344.0,355.3266103178877,0.2504737821926072,1.3176267205741043,104.50554993744039
551.0,897.0,636.0,897.0,551.0,897.0,7225.0,118336.0,125561.0,85.0,344.0,354.3458762282976,0.23987862058605217,1.3285555076143767,103.87937656483551
557.0,897.0,636.0,897.0,557.0,897.0,6241.0,118336.0,124577.0,79.0,344.0,352.9546713106373,0.2238247753079649,1.3450592749017627,102.93378035320222
558.0,892.0,633.0,892.0,558.0,892.0,5625.0,121801.0,127426.0,75.0,349.0,356.9677856613955,0.21010299251804704,1.3591160243576192,102.12838793570883
564.0,895.0,639.0,895.0,564.0,895.0,5625.0,119716.0,125341.0,75.0,346.0,354.0353089735542,0.211843276924682,1.3573356671600265,102.23039488915663
567.0,892.0,638.0,892.0,567.0,892.0,5041.0,126025.0,131066.0,71.0,355.0,362.0303854650877,0.19611613513818404,1.373400766945016,101.30993247402021
569.0,893.0,640.0,893.0,569.0,893.0,5041.0,121801.0,126842.0,71.0,349.0,356.148845288034,0.1993548510386971,1.370096814209456,101.49923502147848
574.0,893.0,640.0,893.0,574.0,893.0,4356.0,122500.0,126856.0,66.0,350.0,356.16849944934773,0.18530555088964612,1.3844135375687405,100.67894719653513
578.0,888.0,639.0,888.0,578.0,888.0,3721.0,125316.0,129037.0,61.0,354.0,359.21720448775835,0.16981369276837854,1.4001557137489977,99.77698694105501
579.0,888.0,640.0,888.0,579.0,888.0,3721.0,126025.0,129746.0,61.0,355.0,360.20272070044115,0.1693490817653485,1.4006271529950103,99.74997546196167
580.0,888.0,641.0,888.0,580.0,888.0,3721.0,126025.0,129746.0,61.0,355.0,360.20272070044115,0.1693490817653485,1.4006271529950103,99.74997546196167
585.0,889.0,640.0,889.0,585.0,889.0,3025.0,125316.0,128341.0,55.0,354.0,358.24712141202195,0.1535253089633181,1.41666143073186,98.83127902009961
585.0,889.0,641.0,889.0,585.0,889.0,3136.0,125316.0,128452.0,56.0,354.0,358.40200892294115,0.156249124184012,1.4139043424813043,98.98924854060155
587.0,890.0,642.0,890.0,587.0,890.0,3025.0,124609.0,127634.0,55.0,353.0,357.2590096834508,0.15394993130819215,1.4162316996137432,98.85590079949314
587.0,891.0,638.0,891.0,587.0,891.0,2601.0,127449.0,130050.0,51.0,357.0,360.62445840513925,0.14142135623730948,1.4288992721907328,98.13010235415597
587.0,891.0,638.0,891.0,587.0,891.0,2601.0,127449.0,130050.0,51.0,357.0,360.62445840513925,0.14142135623730948,1.4288992721907328,98.13010235415597
588.0,891.0,639.0,891.0,588.0,891.0,2601.0,127449.0,130050.0,51.0,357.0,360.62445840513925,0.14142135623730948,1.4288992721907328,98.13010235415597
588.0,891.0,639.0,891.0,588.0,891.0,2601.0,127449.0,130050.0,51.0,357.0,360.62445840513925,0.14142135623730948,1.4288992721907328,98.13010235415597
589.0,892.0,635.0,892.0,589.0,892.0,2116.0,126736.0,128852.0,46.0,356.0,358.9596077555245,0.12814812309280513,1.44229484599156,97.36259251121254
589.0,893.0,634.0,893.0,589.0,893.0,2025.0,126736.0,128761.0,45.0,356.0,358.8328301591146,0.12540658551238462,1.4450586853587297,97.20423618022161
589.0,893.0,635.0,893.0,589.0,893.0,2116.0,126736.0,128852.0,46.0,356.0,358.9596077555245,0.12814812309280513,1.44229484599156,97.36259251121254
589.0,898.0,635.0,898.0,589.0,898.0,2116.0,123201.0,125317.0,46.0,351.0,354.0014124265608,0.12994298436462567,1.4404848504863859,97.46629761459668
589.0,898.0,635.0,898.0,589.0,898.0,2116.0,123201.0,125317.0,46.0,351.0,354.0014124265608,0.12994298436462567,1.4404848504863859,97.46629761459668
589.0,898.0,635.0,898.0,589.0,898.0,2116.0,123201.0,125317.0,46.0,351.0,354.0014124265608,0.12994298436462567,1.4404848504863859,97.46629761459668
589.0,899.0,640.0,899.0,589.0,899.0,2601.0,122500.0,125101.0,51.0,350.0,353.696197321939,0.14419154174162388,1.426100399051437,98.29046597243016
590.0,899.0,635.0,899.0,590.0,899.0,2025.0,122500.0,124525.0,45.0,350.0,352.8809997718778,0.1275217425395262,1.4429264082348967,97.32640666016954
590.0,899.0,636.0,899.0,590.0,899.0,2116.0,122500.0,124616.0,46.0,350.0,353.00991487492246,0.13030795471084317,1.4401167503797778,97.48738819714363
590.0,898.0,641.0,898.0,590.0,898.0,2601.0,123201.0,125802.0,51.0,351.0,354.6857764275303,0.14378924498659834,1.4265069322571542,98.26717333551063
590.0,899.0,636.0,899.0,590.0,899.0,2116.0,122500.0,124616.0,46.0,350.0,353.00991487492246,0.13030795471084317,1.4401167503797778,97.48738819714363
590.0,899.0,641.0,899.0,590.0,899.0,2601.0,122500.0,125101.0,51.0,350.0,353.696197321939,0.14419154174162388,1.426100399051437,98.29046597243016
590.0,899.0,636.0,899.0,590.0,899.0,2116.0,122500.0,124616.0,46.0,350.0,353.00991487492246,0.13030795471084317,1.4401167503797778,97.48738819714363
590.0,899.0,641.0,899.0,590.0,899.0,2601.0,122500.0,125101.0,51.0,350.0,353.696197321939,0.14419154174162388,1.426100399051437,98.29046597243016
590.0,900.0,640.0,900.0,590.0,900.0,2500.0,121801.0,124301.0,50.0,349.0,352.56346946330103,0.1418184364821285,1.4284981490674407,98.15308501618571
589.0,900.0,640.0,900.0,589.0,900.0,2601.0,121801.0,124402.0,51.0,349.0,352.706676999458,0.1445960718233819,1.4256915847160105,98.31388930845453
590.0,901.0,640.0,901.0,590.0,901.0,2500.0,121104.0,123604.0,50.0,348.0,351.57360538015365,0.14221772975799876,1.428094767135015,98.17619709844554
589.0,901.0,640.0,901.0,589.0,901.0,2601.0,121104.0,123705.0,51.0,348.0,351.71721595622813,0.14500285367420584,1.4252804701349302,98.33744443884673
589.0,901.0,635.0,901.0,589.0,901.0,2116.0,121104.0,123220.0,46.0,348.0,351.0270644836378,0.13104402666975604,1.4393743120901616,97.52992677768755
584.0,901.0,635.0,901.0,584.0,901.0,2601.0,121104.0,123705.0,51.0,348.0,351.71721595622813,0.14500285367420584,1.4252804701349302,98.33744443884673
585.0,905.0,636.0,905.0,585.0,905.0,2601.0,118336.0,120937.0,51.0,344.0,347.75997469519115,0.14665287471538693,1.4236126195316205,98.43300523927472
585.0,905.0,635.0,905.0,585.0,905.0,2500.0,118336.0,120836.0,50.0,344.0,347.6147292621531,0.14383740328302538,1.42645826808862,98.26996158698115
585.0,906.0,630.0,906.0,585.0,906.0,2025.0,117649.0,119674.0,45.0,343.0,345.9393010341554,0.1300806235818724,1.4403460330485407,97.47425126790803
584.0,906.0,635.0,906.0,584.0,906.0,2601.0,117649.0,120250.0,51.0,343.0,346.77081768799405,0.14707119918576048,1.4231897094376722,98.45723620277144
587.0,903.0,642.0,903.0,587.0,903.0,3025.0,122500.0,125525.0,55.0,350.0,354.29507476113747,0.15523783399213353,1.4149281253965742,98.93059010041898
582.0,903.0,642.0,903.0,582.0,903.0,3600.0,122500.0,126100.0,60.0,350.0,355.10561809129405,0.1689638151108457,1.4010180528265581,99.7275785514016
582.0,903.0,642.0,903.0,582.0,903.0,3600.0,122500.0,126100.0,60.0,350.0,355.10561809129405,0.1689638151108457,1.4010180528265581,99.7275785514016
582.0,908.0,642.0,908.0,582.0,908.0,3600.0,119025.0,122625.0,60.0,345.0,350.1785258978626,0.17134117475124772,1.3986055122719576,99.86580694308437
582.0,909.0,641.0,909.0,582.0,909.0,3481.0,118336.0,121817.0,59.0,344.0,349.02292188336287,0.16904333870575047,1.4009373686247,99.73220141564146
582.0,908.0,642.0,908.0,582.0,908.0,3600.0,119025.0,122625.0,60.0,345.0,350.1785258978626,0.17134117475124772,1.3986055122719576,99.86580694308437
581.0,909.0,641.0,909.0,581.0,909.0,3600.0,117649.0,121249.0,60.0,343.0,348.20827101032506,0.17231066862918049,1.3976213817002638,99.9221934713322
584.0,911.0,634.0,911.0,584.0,911.0,2500.0,114244.0,116744.0,50.0,338.0,341.6782111870758,0.1463365188733793,1.4239324256172319,98.41468170030659
583.0,911.0,634.0,911.0,583.0,911.0,2601.0,114244.0,116845.0,51.0,338.0,341.82597911803015,0.14919872425024214,1.4210384494163562,98.58049432262807
582.0,909.0,642.0,909.0,582.0,909.0,3600.0,117649.0,121249.0,60.0,343.0,348.20827101032506,0.17231066862918049,1.3976213817002638,99.9221934713322
583.0,912.0,639.0,912.0,583.0,912.0,3136.0,113569.0,116705.0,56.0,337.0,341.62113517755307,0.16392428404903797,1.4061288812969228,99.43474965023441
583.0,912.0,634.0,912.0,583.0,912.0,2601.0,113569.0,116170.0,51.0,337.0,340.83720454199243,0.14963155230818298,1.4206007075060632,98.60557508660385
583.0,912.0,634.0,912.0,583.0,912.0,2601.0,113569.0,116170.0,51.0,337.0,340.83720454199243,0.14963155230818298,1.4206007075060632,98.60557508660385
584.0,912.0,634.0,912.0,584.0,912.0,2500.0,113569.0,116069.0,50.0,337.0,340.6890077475351,0.14676141249926122,1.4235028945198223,98.43929201935778
583.0,912.0,639.0,912.0,583.0,912.0,3136.0,114244.0,117380.0,56.0,338.0,342.60764731686885,0.16345227679114546,1.4066073419839134,99.40733587220691
582.0,909.0,642.0,909.0,582.0,909.0,3600.0,118336.0,121936.0,60.0,344.0,349.19335617963867,0.17182457494733566,1.3981148351768913,99.89392066973541
582.0,914.0,641.0,914.0,582.0,914.0,3481.0,114244.0,117725.0,59.0,338.0,343.11076928595526,0.1719561298608737,1.39798129262769,99.90157209419006
581.0,914.0,641.0,914.0,581.0,914.0,3600.0,114921.0,118521.0,60.0,339.0,344.26879033685293,0.17428242606973596,1.395619332271735,100.03690245396349
581.0,914.0,641.0,914.0,581.0,914.0,3600.0,114921.0,118521.0,60.0,339.0,344.26879033685293,0.17428242606973596,1.395619332271735,100.03690245396349
581.0,914.0,645.0,914.0,581.0,914.0,4096.0,114921.0,119017.0,64.0,339.0,344.9884056022753,0.18551348091907557,1.3842019386982556,100.69107091876366
585.0,914.0,645.0,914.0,585.0,914.0,3600.0,114921.0,118521.0,60.0,339.0,344.26879033685293,0.17428242606973596,1.395619332271735,100.03690245396349
585.0,909.0,645.0,909.0,585.0,909.0,3600.0,118336.0,121936.0,60.0,344.0,349.19335617963867,0.17182457494733566,1.3981148351768913,99.89392066973541
586.0,909.0,645.0,909.0,586.0,909.0,3481.0,117649.0,121130.0,59.0,343.0,348.037354317033,0.16952203339143856,1.40045166402071,99.76003023954016
586.0,909.0,646.0,909.0,586.0,909.0,3600.0,117649.0,121249.0,60.0,343.0,348.20827101032506,0.17231066862918049,1.3976213817002638,99.9221934713322
586.0,909.0,646.0,909.0,586.0,909.0,3600.0,118336.0,121936.0,60.0,344.0,349.19335617963867,0.17182457494733566,1.3981148351768913,99.89392066973541
586.0,914.0,646.0,914.0,586.0,914.0,3600.0,114921.0,118521.0,60.0,339.0,344.26879033685293,0.17428242606973596,1.395619332271735,100.03690245396349
586.0,914.0,646.0,914.0,586.0,914.0,3600.0,114921.0,118521.0,60.0,339.0,344.26879033685293,0.17428242606973596,1.395619332271735,100.03690245396349
586.0,909.0,646.0,909.0,586.0,909.0,3600.0,118336.0,121936.0,60.0,344.0,349.19335617963867,0.17182457494733566,1.3981148351768913,99.89392066973541
586.0,914.0,646.0,914.0,586.0,914.0,3600.0,114921.0,118521.0,60.0,339.0,344.26879033685293,0.17428242606973596,1.395619332271735,100.03690245396349
586.0,914.0,646.0,914.0,586.0,914.0,3600.0,114921.0,118521.0,60.0,339.0,344.26879033685293,0.17428242606973596,1.395619332271735,100.03690245396349
586.0,909.0,646.0,909.0,586.0,909.0,3600.0,118336.0,121936.0,60.0,344.0,349.19335617963867,0.17182457494733566,1.3981148351768913,99.89392066973541
586.0,914.0,646.0,914.0,586.0,914.0,3600.0,114921.0,118521.0,60.0,339.0,344.26879033685293,0.17428242606973596,1.395619332271735,100.03690245396349
586.0,914.0,646.0,914.0,586.0,914.0,3600.0,114921.0,118521.0,60.0,339.0,344.26879033685293,0.17428242606973596,1.395619332271735,100.03690245396349
586.0,914.0,646.0,914.0,586.0,914.0,3600.0,114921.0,118521.0,60.0,339.0,344.26879033685293,0.17428242606973596,1.395619332271735,100.03690245396349
586.0,914.0,646.0,914.0,586.0,914.0,3600.0,114921.0,118521.0,60.0,339.0,344.26879033685293,0.17428242606973596,1.395619332271735,100.03690245396349
587.0,914.0,646.0,914.0,587.0,914.0,3481.0,114921.0,118402.0,59.0,339.0,344.095916860401,0.17146381897910218,1.3984810257793852,99.87293949371515
585.0,910.0,645.0,910.0,585.0,910.0,3600.0,117649.0,121249.0,60.0,343.0,348.20827101032506,0.17231066862918049,1.3976213817002638,99.9221934713322
582.0,929.0,641.0,929.0,582.0,929.0,3481.0,108241.0,111722.0,59.0,329.0,334.24841061701403,0.17651542423518934,1.3933511712891795,100.16685850552017
579.0,926.0,643.0,926.0,579.0,926.0,4096.0,109561.0,113657.0,64.0,331.0,337.13053851586926,0.18983744481215967,1.3797997488302416,100.9432978188161
579.0,926.0,643.0,926.0,579.0,926.0,4096.0,112896.0,116992.0,64.0,336.0,342.0409332229112,0.1871121078899952,1.382574821490126,100.7842978675626
579.0,926.0,644.0,926.0,579.0,926.0,4225.0,109561.0,113786.0,65.0,331.0,337.3218048095913,0.19269433245411063,1.376889124888445,101.11006428643078
580.0,926.0,644.0,926.0,580.0,926.0,4096.0,109561.0,113657.0,64.0,331.0,337.13053851586926,0.18983744481215967,1.3797997488302416,100.9432978188161
580.0,926.0,644.0,926.0,580.0,926.0,4096.0,109561.0,113657.0,64.0,331.0,337.13053851586926,0.18983744481215967,1.3797997488302416,100.9432978188161
580.0,927.0,644.0,927.0,580.0,927.0,4096.0,108900.0,112996.0,64.0,330.0,336.1487765856065,0.1903918873365324,1.3792350064657704,100.97565517281255
581.0,926.0,646.0,926.0,581.0,926.0,4225.0,107584.0,111809.0,65.0,328.0,334.37852801877096,0.1943904723342496,1.3751602959210025,101.2091188897652
580.0,927.0,644.0,927.0,580.0,927.0,4096.0,109561.0,113657.0,64.0,331.0,337.13053851586926,0.18983744481215967,1.3797997488302416,100.9432978188161
581.0,920.0,646.0,920.0,581.0,920.0,4225.0,111556.0,115781.0,65.0,334.0,340.2660723610275,0.19102697941343386,1.378588040303195,101.01272360341589
581.0,921.0,651.0,921.0,581.0,921.0,4900.0,114244.0,119144.0,70.0,338.0,345.17242068276545,0.2027971987493586,1.3665826907775311,101.70057946281581
581.0,921.0,646.0,921.0,581.0,921.0,4225.0,110889.0,115114.0,65.0,333.0,339.284541351356,0.19157960967248241,1.3780250114403259,101.04498278100235
581.0,920.0,646.0,920.0,581.0,920.0,4225.0,111556.0,115781.0,65.0,334.0,340.2660723610275,0.19102697941343386,1.378588040303195,101.01272360341589
580.0,926.0,649.0,926.0,580.0,926.0,4761.0,109561.0,114322.0,69.0,331.0,338.11536492741646,0.20407235860107184,1.3652802957912615,101.77520119878807
585.0,920.0,650.0,920.0,585.0,920.0,4225.0,114921.0,119146.0,65.0,339.0,345.1753177734468,0.18831010403432802,1.381355144631857,100.85418020391117
586.0,921.0,650.0,921.0,586.0,921.0,4096.0,114244.0,118340.0,64.0,338.0,344.0058139043583,0.1860433673303949,1.3836626644115646,100.72196905939097
586.0,921.0,645.0,921.0,586.0,921.0,3481.0,110889.0,114370.0,59.0,333.0,338.18633916821653,0.17446003332101753,1.3954389617410825,100.04723692411842
585.0,921.0,645.0,921.0,585.0,921.0,3600.0,110889.0,114489.0,60.0,333.0,338.3622319349487,0.17732475535725634,1.392528868495663,100.21397298507048
585.0,921.0,645.0,921.0,585.0,921.0,3600.0,110889.0,114489.0,60.0,333.0,338.3622319349487,0.17732475535725634,1.392528868495663,100.21397298507048
586.0,921.0,646.0,921.0,586.0,921.0,3600.0,110889.0,114489.0,60.0,333.0,338.3622319349487,0.17732475535725634,1.392528868495663,100.21397298507048
586.0,921.0,646.0,921.0,586.0,921.0,3600.0,110889.0,114489.0,60.0,333.0,338.3622319349487,0.17732475535725634,1.392528868495663,100.21397298507048
586.0,921.0,646.0,921.0,586.0,921.0,3600.0,110889.0,114489.0,60.0,333.0,338.3622319349487,0.17732475535725634,1.392528868495663,100.21397298507048
586.0,922.0,646.0,922.0,586.0,922.0,3600.0,110224.0,113824.0,60.0,332.0,337.3781261433527,0.17784199789676308,1.3920032719919753,100.24408744645862
587.0,922.0,646.0,922.0,587.0,922.0,3481.0,110224.0,113705.0,59.0,332.0,337.20172004306266,0.17496945149765356,1.3949215858478579,100.076880379222
587.0,922.0,646.0,922.0,587.0,922.0,3481.0,110224.0,113705.0,59.0,332.0,337.20172004306266,0.17496945149765356,1.3949215858478579,100.076880379222
587.0,922.0,646.0,922.0,587.0,922.0,3481.0,110224.0,113705.0,59.0,332.0,337.20172004306266,0.17496945149765356,1.3949215858478579,100.076880379222
582.0,921.0,646.0,921.0,582.0,921.0,4096.0,110889.0,114985.0,64.0,333.0,339.09438214160963,0.1887380132805411,1.3809194222573198,100.87914525701159
586.0,921.0,646.0,921.0,586.0,921.0,3600.0,110889.0,114489.0,60.0,333.0,338.3622319349487,0.17732475535725634,1.392528868495663,100.21397298507048
586.0,922.0,645.0,922.0,586.0,922.0,3481.0,110224.0,113705.0,59.0,332.0,337.20172004306266,0.17496945149765356,1.3949215858478579,100.076880379222
585.0,922.0,645.0,922.0,585.0,922.0,3600.0,110224.0,113824.0,60.0,332.0,337.3781261433527,0.17784199789676308,1.3920032719919753,100.24408744645862
584.0,923.0,648.0,923.0,584.0,923.0,4096.0,111556.0,115652.0,64.0,334.0,340.0764619905353,0.18819297173757704,1.3814744092795461,100.84734684295347
584.0,922.0,648.0,922.0,584.0,922.0,4096.0,112225.0,116321.0,64.0,335.0,341.05864598335575,0.18765101179438598,1.3820261999569088,100.81573156596593
579.0,922.0,648.0,922.0,579.0,922.0,4761.0,112225.0,116986.0,69.0,335.0,342.0321622303961,0.2017354144418762,1.3676668848301003,101.63845971943041
581.0,920.0,644.0,920.0,581.0,920.0,3969.0,114244.0,118213.0,63.0,338.0,343.8211744497421,0.18323478797030576,1.3865203792472314,100.55823406025534
580.0,924.0,644.0,924.0,580.0,924.0,4096.0,112225.0,116321.0,64.0,335.0,341.05864598335575,0.18765101179438598,1.3820261999569088,100.81573156596593
581.0,923.0,645.0,923.0,581.0,923.0,4096.0,112896.0,116992.0,64.0,336.0,342.0409332229112,0.1871121078899952,1.382574821490126,100.7842978675626
582.0,919.0,647.0,919.0,582.0,919.0,4225.0,114921.0,119146.0,65.0,339.0,345.1753177734468,0.18831010403432802,1.381355144631857,100.85418020391117
583.0,920.0,647.0,920.0,583.0,920.0,4096.0,114244.0,118340.0,64.0,338.0,344.0058139043583,0.1860433673303949,1.3836626644115646,100.72196905939097
578.0,919.0,648.0,919.0,578.0,919.0,4900.0,111556.0,116456.0,70.0,334.0,341.2565017695634,0.20512429693506073,1.364205623806729,101.83677536786273
579.0,919.0,649.0,919.0,579.0,919.0,4900.0,111556.0,116456.0,70.0,334.0,341.2565017695634,0.20512429693506073,1.364205623806729,101.83677536786273
574.0,923.0,645.0,923.0,574.0,923.0,5041.0,109561.0,114602.0,71.0,331.0,338.5291715642834,0.2097308177960604,1.359496680391665,102.10657795151181
573.0,923.0,648.0,923.0,573.0,923.0,5625.0,109561.0,115186.0,75.0,331.0,339.3906303951245,0.22098429739407857,1.3479727228188614,102.76685208372129
571.0,923.0,646.0,923.0,571.0,923.0,5625.0,112225.0,117850.0,75.0,335.0,343.29287787543745,0.21847234485072384,1.3505476034042077,102.61932229343077
567.0,923.0,647.0,923.0,567.0,923.0,6400.0,112225.0,118625.0,80.0,335.0,344.41980198589044,0.23227468205581656,1.3363806510710858,103.43102887068166
562.0,922.0,647.0,922.0,562.0,922.0,7225.0,110224.0,117449.0,85.0,332.0,342.70833080040524,0.2480243179425491,1.3201560114941684,104.36063224255996
556.0,928.0,651.0,928.0,556.0,928.0,9025.0,108900.0,117925.0,95.0,330.0,343.4020966738555,0.27664362250596797,1.2904966704564456,106.05998730716064
555.0,924.0,650.0,924.0,555.0,924.0,9025.0,108900.0,117925.0,95.0,330.0,343.4020966738555,0.27664362250596797,1.2904966704564456,106.05998730716064
549.0,925.0,649.0,925.0,549.0,925.0,10000.0,108241.0,118241.0,100.0,329.0,343.8618908806267,0.2908144305956704,1.2757183782284491,106.90672108023581
547.0,926.0,646.0,926.0,547.0,926.0,9801.0,107584.0,117385.0,99.0,328.0,342.6149442158062,0.28895412086182065,1.277662150608117,106.79535112654675
540.0,927.0,642.0,927.0,540.0,927.0,10404.0,106276.0,116680.0,102.0,326.0,341.5845429758203,0.29860835947492,1.2675621744662635,107.37403713265778
534.0,928.0,640.0,928.0,534.0,928.0,11236.0,105625.0,116861.0,106.0,325.0,341.8493820383474,0.3100780799074526,1.255521167552119,108.06393600992611
533.0,930.0,639.0,930.0,533.0,930.0,11236.0,101124.0,112360.0,106.0,318.0,335.2014319778482,0.316227766016838,1.2490457723982544,108.43494882292201
527.0,932.0,637.0,932.0,527.0,932.0,12100.0,100489.0,112589.0,110.0,317.0,335.542843762164,0.3278269885498409,1.2367937935928286,109.13693549915665
523.0,935.0,644.0,935.0,523.0,935.0,14641.0,101761.0,116402.0,121.0,319.0,341.1773732239581,0.35465423412053854,1.208252089530389,110.77225468204583
517.0,935.0,641.0,935.0,517.0,935.0,15376.0,99225.0,114601.0,124.0,315.0,338.52769458347126,0.3662920404564571,1.1957753581854267,111.48711873023075
512.0,937.0,640.0,937.0,512.0,937.0,16384.0,97969.0,114353.0,128.0,313.0,338.16120416156554,0.37851769636721716,1.1826020176787682,112.24189554335102
503.0,937.0,640.0,937.0,503.0,937.0,18769.0,97969.0,116738.0,137.0,313.0,341.6694308831272,0.40097236573342365,1.1582182967961958,113.63897983874742
493.0,938.0,640.0,938.0,493.0,938.0,21609.0,97344.0,118953.0,147.0,312.0,344.89563638874876,0.426215888200769,1.1304907810492737,115.22764946742859
491.0,936.0,641.0,936.0,491.0,936.0,22500.0,96100.0,118600.0,150.0,310.0,344.3835071544513,0.43556092810428065,1.120135000714263,115.82099197418928
480.0,938.0,640.0,938.0,480.0,938.0,25600.0,93025.0,118625.0,160.0,305.0,344.41980198589044,0.4645493641116331,1.087670661977563,117.68106156848526
474.0,940.0,637.0,940.0,474.0,940.0,26569.0,91809.0,118378.0,163.0,303.0,344.06104109590785,0.4737531441537531,1.0772486586423757,118.27819837366275
469.0,943.0,636.0,943.0,469.0,943.0,27889.0,90601.0,118490.0,167.0,301.0,344.223764432382,0.4851495371778866,1.06426215642843,119.02227014115914
458.0,944.0,634.0,944.0,458.0,944.0,30976.0,90601.0,121577.0,176.0,301.0,348.6789354119345,0.5047623533439752,1.041689673945693,120.31557812055297
448.0,948.0,637.0,948.0,448.0,948.0,35721.0,86436.0,122157.0,189.0,294.0,349.509656518958,0.5407575913134987,0.9994588469612699,122.7352262721076
442.0,949.0,635.0,949.0,442.0,949.0,37249.0,85849.0,123098.0,193.0,293.0,350.85324567402824,0.5500875433807815,0.9883272636054531,123.37301901769396
432.0,955.0,637.0,955.0,432.0,955.0,42025.0,82944.0,124969.0,205.0,288.0,353.50954725438464,0.5798994725663872,0.9521910353186104,125.44347238605133
424.0,956.0,633.0,956.0,424.0,956.0,43681.0,82369.0,126050.0,209.0,287.0,355.0352095215346,0.588674008647368,0.9413787938244725,126.06296819074163
414.0,959.0,631.0,959.0,414.0,959.0,47089.0,78961.0,126050.0,217.0,281.0,355.0352095215346,0.6112069850549228,0.9132116421787521,127.67682710094638
405.0,956.0,625.0,956.0,405.0,956.0,48400.0,80656.0,129056.0,220.0,284.0,359.2436499090833,0.6123977419104755,0.9117062804606886,127.763077974032
393.0,959.0,624.0,959.0,393.0,959.0,53361.0,78400.0,131761.0,231.0,280.0,362.98898054899684,0.6363829547955637,0.8809962820612887,129.52263127117112
382.0,958.0,616.0,958.0,382.0,958.0,54756.0,77284.0,132040.0,234.0,278.0,363.3730865102698,0.6439662393471912,0.8711250391681931,130.088211827494
373.0,960.0,615.0,960.0,373.0,960.0,58564.0,77284.0,135848.0,242.0,278.0,368.575636742311,0.6565816507540727,0.8545186442446305,131.03968816954162
360.0,962.0,610.0,962.0,360.0,962.0,62500.0,73984.0,136484.0,250.0,272.0,369.4374101251794,0.6767046139569096,0.827518830109014,132.5866635671501
355.0,958.0,605.0,958.0,355.0,958.0,62500.0,76729.0,139229.0,250.0,277.0,373.1340241789805,0.6700005461846679,0.8365868036014099,132.0671069572993
342.0,957.0,599.0,957.0,342.0,957.0,66049.0,75625.0,141674.0,257.0,275.0,376.3960679922148,0.6827914047319847,0.8192198476804706,133.06216023455886
336.0,957.0,594.0,957.0,336.0,957.0,66564.0,73441.0,140005.0,258.0,271.0,374.1724201487865,0.6895216913566438,0.8099678873777747,133.5922585121259
326.0,962.0,590.0,962.0,326.0,962.0,69696.0,69696.0,139392.0,264.0,264.0,373.3523804664971,0.7071067811865476,0.7853981633974483,135.0
322.0,959.0,582.0,959.0,322.0,959.0,67600.0,67081.0,134681.0,260.0,259.0,366.9891006555917,0.7084679069093178,0.7834713835082265,135.11039635570307
314.0,962.0,582.0,962.0,314.0,962.0,71824.0,64516.0,136340.0,268.0,254.0,369.2424677633926,0.725810337102752,0.758584667849613,136.5363001288838
308.0,959.0,580.0,959.0,308.0,959.0,73984.0,59536.0,133520.0,272.0,244.0,365.40388613149696,0.744381793197777,0.7311877639227847,138.10602709561644
302.0,955.0,577.0,955.0,302.0,955.0,75625.0,59049.0,134674.0,275.0,243.0,366.9795634636894,0.7493605295195402,0.7237005071226298,138.53501531039595
293.0,952.0,571.0,952.0,293.0,952.0,77284.0,56644.0,133928.0,278.0,238.0,365.96174663480883,0.7596422373549732,0.7080335039694752,139.43266846868985
291.0,941.0,570.0,941.0,291.0,941.0,77841.0,61504.0,139345.0,279.0,248.0,373.2894319425612,0.7474093186836597,0.7266423406817257,138.3664606634298
288.0,940.0,566.0,940.0,288.0,940.0,77284.0,56644.0,133928.0,278.0,238.0,365.96174663480883,0.7596422373549732,0.7080335039694752,139.43266846868985
283.0,932.0,563.0,932.0,283.0,932.0,78400.0,57121.0,135521.0,280.0,239.0,368.13176988681647,0.7605972179094651,0.7065638118817661,139.51687562249936
284.0,924.0,556.0,924.0,284.0,924.0,73984.0,57600.0,131584.0,272.0,240.0,362.7450895601483,0.7498378553650924,0.7229793534014911,138.57633437499734
281.0,921.0,556.0,921.0,281.0,921.0,75625.0,54289.0,129914.0,275.0,233.0,360.43584727382483,0.7629651769655452,0.7029086094877874,139.72630329294043
277.0,911.0,552.0,911.0,277.0,911.0,75625.0,53824.0,129449.0,275.0,232.0,359.79021665409414,0.7643342905690726,0.700788024453852,139.84780386548354
276.0,900.0,550.0,900.0,276.0,900.0,75076.0,53361.0,128437.0,274.0,231.0,358.381082090001,0.7645492848062494,0.700454541194666,139.86691104877318
275.0,887.0,545.0,887.0,275.0,887.0,72900.0,55225.0,128125.0,270.0,235.0,357.94552658190884,0.7543047194311444,0.7162018847788657,138.96465472285612
271.0,878.0,541.0,878.0,271.0,878.0,72900.0,57600.0,130500.0,270.0,240.0,361.24783736376884,0.7474093186836597,0.7266423406817257,138.3664606634298
270.0,869.0,530.0,869.0,270.0,869.0,67600.0,56644.0,124244.0,260.0,238.0,352.4826236851967,0.7376250133459255,0.7412501611129134,137.52949420483776
272.0,856.0,527.0,856.0,272.0,856.0,65025.0,57121.0,122146.0,255.0,239.0,349.4939198326632,0.729626427040829,0.753020817818773,136.85508525349465
272.0,842.0,528.0,842.0,272.0,842.0,65536.0,60516.0,126052.0,256.0,246.0,355.03802613241305,0.7210495247191455,0.7654804789661446,136.14119925558714
271.0,829.0,529.0,829.0,271.0,829.0,66564.0,61504.0,128068.0,258.0,248.0,357.865896670806,0.7209404483639,0.7656378898702719,136.1321802751313
270.0,815.0,525.0,815.0,270.0,815.0,65025.0,62001.0,127026.0,255.0,249.0,356.4070706369333,0.7154740211643129,0.7734939638391384,135.68206039317266
270.0,807.0,519.0,807.0,270.0,807.0,62001.0,62001.0,124002.0,249.0,249.0,352.13917703090067,0.7071067811865475,0.7853981633974484,135.0
272.0,791.0,517.0,791.0,272.0,791.0,60025.0,65536.0,125561.0,245.0,256.0,354.3458762282976,0.6914148475715621,0.8073507241196948,133.7422109211106
277.0,779.0,511.0,779.0,277.0,779.0,54756.0,71289.0,126045.0,234.0,267.0,355.0281678965769,0.659102632296394,0.8511714147810852,131.2314702908646
276.0,766.0,510.0,766.0,276.0,766.0,54756.0,74529.0,129285.0,234.0,273.0,359.5622338344226,0.6507913734559686,0.8621700546672262,130.6012946450045
276.0,753.0,510.0,753.0,276.0,753.0,54756.0,77841.0,132597.0,234.0,279.0,364.1387098345904,0.6426122619764711,0.8728935041998397,129.98688624496418
274.0,743.0,505.0,743.0,274.0,743.0,53361.0,78400.0,131761.0,231.0,280.0,362.98898054899684,0.6363829547955637,0.8809962820612887,129.52263127117112
279.0,728.0,501.0,728.0,279.0,728.0,49284.0,85849.0,135133.0,222.0,293.0,367.6044069376753,0.6039100614961846,0.9223986303682207,127.1504514512533
277.0,717.0,496.0,717.0,277.0,717.0,47961.0,88804.0,136765.0,219.0,298.0,369.8175225702536,0.5921839464986329,0.9370299023779932,126.31214131618545
277.0,706.0,490.0,706.0,277.0,706.0,45369.0,92416.0,137785.0,213.0,304.0,371.1940193483726,0.5738239004333081,0.9596289587707049,125.01731076390493
278.0,698.0,488.0,698.0,278.0,698.0,44100.0,92416.0,136516.0,210.0,304.0,369.48071668221064,0.5683652502509906,0.9662787083611618,124.6363081775529
277.0,685.0,484.0,685.0,277.0,685.0,42849.0,98596.0,141445.0,207.0,314.0,376.0917441263501,0.5503976176899466,0.9879559192802182,123.39429548027607
279.0,677.0,483.0,677.0,279.0,677.0,41616.0,101761.0,143377.0,204.0,319.0,378.6515548627788,0.5387538949204327,1.0018390392293455,122.5988513007172
284.0,663.0,480.0,663.0,284.0,663.0,38416.0,104976.0,143392.0,196.0,324.0,378.67136147324373,0.5175992164748087,1.0267536539728521,121.17134902771984
287.0,655.0,480.0,655.0,287.0,655.0,37249.0,108241.0,145490.0,193.0,329.0,381.4315141673535,0.5059886056381828,1.0402685902161892,120.39700022058824
287.0,650.0,473.0,650.0,287.0,650.0,34596.0,108900.0,143496.0,186.0,330.0,378.80865882395034,0.4910130633693954,1.0575440539286356,119.40718906073366
288.0,643.0,476.0,643.0,288.0,643.0,35344.0,110224.0,145568.0,188.0,332.0,381.53374686913344,0.4927480243693469,1.0555513631088533,119.52136183458164
293.0,631.0,470.0,631.0,293.0,631.0,31329.0,116281.0,147610.0,177.0,341.0,384.2004685057008,0.46069699156906063,1.0920159964265226,117.43209224398707
299.0,629.0,464.0,629.0,299.0,629.0,27225.0,117649.0,144874.0,165.0,343.0,380.6231732304275,0.4334996174815393,1.1224236753877193,115.68986057472175
304.0,621.0,463.0,621.0,304.0,621.0,25281.0,122500.0,147781.0,159.0,350.0,384.422944164367,0.41360694623892347,1.1443841189176547,114.43161984422107
300.0,618.0,461.0,618.0,300.0,618.0,25921.0,125316.0,151237.0,161.0,354.0,388.89201586044425,0.41399667114219085,1.1439560224348,114.45614796591305
305.0,614.0,455.0,614.0,305.0,614.0,22500.0,126736.0,149236.0,150.0,356.0,386.3107557394694,0.3882884381846231,1.1720227510483714,112.84804287161634
305.0,608.0,449.0,608.0,305.0,608.0,20736.0,131044.0,151780.0,144.0,362.0,389.58952757999026,0.3696197916162775,1.1921965250654167,111.69217076358896
310.0,607.0,443.0,607.0,310.0,607.0,17689.0,135424.0,153113.0,133.0,368.0,391.29656272448904,0.33989565120111975,1.2239903861838235,109.87051670707916
314.0,605.0,437.0,605.0,314.0,605.0,15129.0,136161.0,151290.0,123.0,369.0,388.96015220071064,0.316227766016838,1.2490457723982544,108.43494882292201
313.0,602.0,430.0,602.0,313.0,602.0,13689.0,137641.0,151330.0,117.0,371.0,389.0115679513914,0.30076226425898894,1.265304502203384,107.50339222484453
318.0,598.0,430.0,598.0,318.0,598.0,12544.0,145161.0,157705.0,112.0,381.0,397.1208883954608,0.28202998953927655,1.284886991087706,106.38139825941101
317.0,590.0,429.0,590.0,317.0,590.0,12544.0,150544.0,163088.0,112.0,388.0,403.84155308734637,0.2773364928491538,1.28977558607032,106.10130239915841
324.0,590.0,422.0,590.0,324.0,590.0,9604.0,150544.0,160148.0,98.0,388.0,400.1849572385249,0.24488676605000026,1.3233934259928248,104.17514205525248
329.0,588.0,421.0,588.0,329.0,588.0,8464.0,151321.0,159785.0,92.0,389.0,399.73115965608685,0.2301546871631254,1.3385596924742287,103.30617899489731
328.0,594.0,421.0,594.0,328.0,594.0,8649.0,147456.0,156105.0,93.0,384.0,395.1012528453941,0.23538270083995802,1.3331840129294255,103.61418274482935
328.0,594.0,421.0,594.0,328.0,594.0,8649.0,152100.0,160749.0,93.0,390.0,400.9351568520775,0.23195770790016243,1.3367065254892703,103.41235764186841
332.0,594.0,414.0,594.0,332.0,594.0,6724.0,155236.0,161960.0,82.0,394.0,402.4425424827748,0.2037557945393155,1.365603654002109,101.7566741380356
332.0,594.0,414.0,594.0,332.0,594.0,6724.0,155236.0,161960.0,82.0,394.0,402.4425424827748,0.2037557945393155,1.365603654002109,101.7566741380356
331.0,599.0,414.0,599.0,331.0,599.0,6889.0,155236.0,162125.0,83.0,394.0,402.6474885057648,0.20613564561898834,1.3631721904089973,101.89598673996062
337.0,593.0,407.0,593.0,337.0,593.0,4900.0,159201.0,164101.0,70.0,399.0,405.093816294448,0.17279947800812526,1.3971251284533228,99.9506266879516
338.0,593.0,407.0,593.0,338.0,593.0,4761.0,159201.0,163962.0,69.0,399.0,404.9222147524139,0.17040309838814213,1.3995575906894588,99.81125686799605
336.0,595.0,407.0,595.0,336.0,595.0,5041.0,156025.0,161066.0,71.0,395.0,401.33028791757044,0.1769116414522463,1.392948618830008,100.18992306246331
334.0,597.0,406.0,597.0,334.0,597.0,5184.0,159201.0,164385.0,72.0,399.0,405.4442008464297,0.17758300611943265,1.3922664529666866,100.22900828735952
333.0,593.0,397.0,593.0,333.0,593.0,4096.0,160801.0,164897.0,64.0,401.0,406.0751162038866,0.15760630840493606,1.4125301318002246,99.06798501278922
340.0,595.0,397.0,595.0,340.0,595.0,3249.0,159201.0,162450.0,57.0,399.0,403.0508652763321,0.1414213562373095,1.4288992721907328,98.13010235415597
340.0,593.0,397.0,593.0,340.0,593.0,3249.0,160801.0,164050.0,57.0,401.0,405.0308630215727,0.14073001641103106,1.429597596099565,98.09009134144681
340.0,590.0,391.0,590.0,340.0,590.0,2601.0,168100.0,170701.0,51.0,410.0,413.1597753896185,0.12343892856439355,1.4470417524701897,97.09061480424376
346.0,593.0,390.0,593.0,346.0,593.0,1936.0,164025.0,165961.0,44.0,405.0,407.3831120701986,0.10800644085712148,1.4625787863322688,96.20040833779478
344.0,592.0,388.0,592.0,344.0,592.0,1936.0,166464.0,168400.0,44.0,408.0,410.3656905736638,0.10722143934228746,1.4633683731902407,96.155168343274
344.0,595.0,387.0,595.0,344.0,595.0,1849.0,164025.0,165874.0,43.0,405.0,407.276318977669,0.10557942604651584,1.4650197610100983,96.06055079085685
343.0,597.0,387.0,597.0,343.0,597.0,1936.0,162409.0,164345.0,44.0,403.0,405.3948692324559,0.10853615410403758,1.4620459406839135,96.23093814457745
350.0,593.0,386.0,593.0,350.0,593.0,1296.0,167281.0,168577.0,36.0,409.0,410.58129523883576,0.08768056513402235,1.483003024906529,95.03018566772138
350.0,594.0,379.0,594.0,350.0,594.0,841.0,166464.0,167305.0,29.0,408.0,409.02933880102046,0.07089955963796415,1.499837233359387,94.06565657192917
349.0,593.0,378.0,593.0,349.0,593.0,841.0,166464.0,167305.0,29.0,408.0,409.02933880102046,0.07089955963796415,1.499837233359387,94.06565657192917
349.0,590.0,378.0,590.0,349.0,590.0,841.0,174724.0,175565.0,29.0,418.0,419.00477324250136,0.06921162204330329,1.5015293284857127,93.96870666265605
349.0,589.0,377.0,589.0,349.0,589.0,784.0,174724.0,175508.0,28.0,418.0,418.9367494025799,0.06683586493648287,1.50391060189923,93.83226974619478
348.0,592.0,376.0,592.0,348.0,592.0,784.0,173056.0,173840.0,28.0,416.0,416.94124286282835,0.06715574551403125,1.5035900010125318,93.85063882391076
354.0,588.0,376.0,588.0,354.0,588.0,484.0,175561.0,176045.0,22.0,419.0,419.57716811094474,0.05243373965997776,1.5183385313739548,93.00561028018066
354.0,589.0,375.0,589.0,354.0,589.0,441.0,174724.0,175165.0,21.0,418.0,418.5271795236242,0.050175952787349695,1.520599296069728,92.87607800464068
354.0,589.0,375.0,589.0,354.0,589.0,441.0,173889.0,174330.0,21.0,417.0,417.5284421449633,0.050295974789446626,1.5204791223334184,92.88296345253953
353.0,592.0,374.0,592.0,353.0,592.0,441.0,171396.0,171837.0,21.0,414.0,414.53226653663523,0.05065950637679511,1.5201151267174415,92.90381886509627
352.0,588.0,373.0,588.0,352.0,588.0,441.0,168921.0,169362.0,21.0,411.0,411.5361466505707,0.051028324415524046,1.5197458310338867,92.92497794915636
351.0,590.0,372.0,590.0,351.0,590.0,441.0,168100.0,168541.0,21.0,410.0,410.5374526154709,0.05115245848146675,1.5196215346408979,92.93209960788333
350.0,586.0,370.0,586.0,350.0,586.0,400.0,176400.0,176800.0,20.0,420.0,420.47592083257274,0.047565149415449405,1.5232132235179132,92.72631099390627
349.0,588.0,370.0,588.0,349.0,588.0,441.0,169744.0,170185.0,21.0,412.0,412.53484701295235,0.05090479059418867,1.5198695256136663,92.91789077178635
349.0,588.0,369.0,588.0,349.0,588.0,400.0,169744.0,170144.0,20.0,412.0,412.48515124789645,0.04848659385554547,1.522290714554513,92.77916686407208
348.0,588.0,369.0,588.0,348.0,588.0,441.0,175561.0,176002.0,21.0,419.0,419.52592291776205,0.0500565015242611,1.5207188976251171,92.86922534029368
348.0,587.0,368.0,587.0,348.0,587.0,400.0,176400.0,176800.0,20.0,420.0,420.47592083257274,0.047565149415449405,1.5232132235179132,92.72631099390627
345.0,588.0,365.0,588.0,345.0,588.0,400.0,176400.0,176800.0,20.0,420.0,420.47592083257274,0.047565149415449405,1.5232132235179132,92.72631099390627
344.0,587.0,365.0,587.0,344.0,587.0,441.0,177241.0,177682.0,21.0,421.0,421.5234275814335,0.049819295028253295,1.520956400448066,92.85561743091627
344.0,588.0,364.0,588.0,344.0,588.0,400.0,176400.0,176800.0,20.0,420.0,420.47592083257274,0.047565149415449405,1.5232132235179132,92.72631099390627
343.0,586.0,364.0,586.0,343.0,586.0,441.0,177241.0,177682.0,21.0,421.0,421.5234275814335,0.049819295028253295,1.520956400448066,92.85561743091627
343.0,589.0,364.0,589.0,343.0,589.0,441.0,168921.0,169362.0,21.0,411.0,411.5361466505707,0.051028324415524046,1.5197458310338867,92.92497794915636
344.0,588.0,365.0,588.0,344.0,588.0,441.0,175561.0,176002.0,21.0,419.0,419.52592291776205,0.0500565015242611,1.5207188976251171,92.86922534029368
344.0,588.0,365.0,588.0,344.0,588.0,441.0,175561.0,176002.0,21.0,419.0,419.52592291776205,0.0500565015242611,1.5207188976251171,92.86922534029368
344.0,588.0,365.0,588.0,344.0,588.0,441.0,175561.0,176002.0,21.0,419.0,419.52592291776205,0.0500565015242611,1.5207188976251171,92.86922534029368
337.0,588.0,365.0,588.0,337.0,588.0,784.0,175561.0,176345.0,28.0,419.0,419.934518705,0.0666770621437523,1.5040697597256092,93.82315067446679
337.0,588.0,365.0,588.0,337.0,588.0,784.0,175561.0,176345.0,28.0,419.0,419.934518705,0.0666770621437523,1.5040697597256092,93.82315067446679
337.0,589.0,365.0,589.0,337.0,589.0,784.0,174724.0,175508.0,28.0,418.0,418.9367494025799,0.06683586493648287,1.50391060189923,93.83226974619478
338.0,591.0,365.0,591.0,338.0,591.0,729.0,173056.0,173785.0,27.0,416.0,416.8752811093505,0.06476757251749267,1.5059833870024284,93.71350790794394
337.0,592.0,365.0,592.0,337.0,592.0,784.0,172225.0,173009.0,28.0,415.0,415.94350577933056,0.06731683416366349,1.5034285470052624,93.85988945711276
337.0,590.0,371.0,590.0,337.0,590.0,1156.0,173889.0,175045.0,34.0,417.0,418.3837950972767,0.08126509773662434,1.4894415161899202,94.6612872907513
336.0,591.0,371.0,591.0,336.0,591.0,1225.0,173056.0,174281.0,35.0,416.0,417.4697593838385,0.08383840796434693,1.4868593918716815,94.80923211636447
335.0,592.0,370.0,592.0,335.0,592.0,1225.0,172225.0,173450.0,35.0,415.0,416.473288459176,0.08403900314829149,1.4866580862637258,94.82076607809265
335.0,593.0,369.0,593.0,335.0,593.0,1156.0,171396.0,172552.0,34.0,414.0,415.3937890724896,0.0818500442096565,1.4888546145230697,94.69491427925102
334.0,592.0,369.0,592.0,334.0,592.0,1225.0,172225.0,173450.0,35.0,415.0,416.473288459176,0.08403900314829149,1.4866580862637258,94.82076607809265
334.0,593.0,369.0,593.0,334.0,593.0,1225.0,165649.0,166874.0,35.0,407.0,408.5021419772484,0.08567886530678051,1.4850122874793121,94.91506340236731
333.0,592.0,367.0,592.0,333.0,592.0,1156.0,165649.0,166805.0,34.0,407.0,408.4176783637065,0.08324811045451887,1.4874517602203599,94.77529191006806
332.0,591.0,367.0,591.0,332.0,591.0,1225.0,166464.0,167689.0,35.0,408.0,409.4984737456295,0.08547040402827276,1.485221516258966,94.90307547634048
332.0,593.0,367.0,593.0,332.0,593.0,1225.0,164836.0,166061.0,35.0,406.0,407.50582817918075,0.08588834215301201,1.484802035600656,94.92710994764901
332.0,593.0,366.0,593.0,332.0,593.0,1156.0,164836.0,165992.0,34.0,406.0,407.42115801710645,0.08345172883380896,1.4872474308442445,94.78699912095001
331.0,594.0,366.0,594.0,331.0,594.0,1225.0,169744.0,170969.0,35.0,412.0,413.48397792417546,0.0846465688361407,1.4860483479460946,94.85570151030032
331.0,594.0,372.0,594.0,331.0,594.0,1681.0,164025.0,165706.0,41.0,405.0,407.0700185471782,0.1007197733361152,1.4699054798499578,95.78061972144535
331.0,595.0,365.0,595.0,331.0,595.0,1156.0,163216.0,164372.0,34.0,404.0,405.4281687302943,0.0838619578567518,1.4868357587522323,94.81058619436564
331.0,595.0,365.0,595.0,331.0,595.0,1156.0,163216.0,164372.0,34.0,404.0,405.4281687302943,0.0838619578567518,1.4868357587522323,94.81058619436564
331.0,594.0,365.0,594.0,331.0,594.0,1156.0,164025.0,165181.0,34.0,405.0,406.424654763955,0.08365634220627353,1.4870420994785363,94.79876374160676
331.0,595.0,365.0,595.0,331.0,595.0,1156.0,163216.0,164372.0,34.0,404.0,405.4281687302943,0.0838619578567518,1.4868357587522323,94.81058619436564
324.0,594.0,365.0,594.0,324.0,594.0,1681.0,164025.0,165706.0,41.0,405.0,407.0700185471782,0.1007197733361152,1.4699054798499578,95.78061972144535
323.0,594.0,365.0,594.0,323.0,594.0,1764.0,164025.0,165789.0,42.0,405.0,407.1719538475115,0.10315052302381629,1.4674620015730022,95.9206207140468
323.0,594.0,364.0,594.0,323.0,594.0,1681.0,163216.0,164897.0,41.0,404.0,406.0751162038866,0.10096654132191217,1.4696574474777444,95.79483092955579
330.0,596.0,364.0,596.0,330.0,596.0,1156.0,162409.0,163565.0,34.0,403.0,404.4317000434066,0.08406858314111103,1.486628401222027,94.82246690569666
323.0,595.0,364.0,595.0,323.0,595.0,1681.0,163216.0,164897.0,41.0,404.0,406.0751162038866,0.10096654132191217,1.4696574474777444,95.79483092955579
330.0,595.0,364.0,595.0,330.0,595.0,1156.0,163216.0,164372.0,34.0,404.0,405.4281687302943,0.0838619578567518,1.4868357587522323,94.81058619436564
329.0,593.0,363.0,593.0,329.0,593.0,1156.0,164836.0,165992.0,34.0,406.0,407.42115801710645,0.08345172883380896,1.4872474308442445,94.78699912095001
329.0,595.0,363.0,595.0,329.0,595.0,1156.0,163216.0,164372.0,34.0,404.0,405.4281687302943,0.0838619578567518,1.4868357587522323,94.81058619436564
322.0,595.0,363.0,595.0,322.0,595.0,1681.0,163216.0,164897.0,41.0,404.0,406.0751162038866,0.10096654132191217,1.4696574474777444,95.79483092955579
322.0,594.0,363.0,594.0,322.0,594.0,1681.0,164025.0,165706.0,41.0,405.0,407.0700185471782,0.1007197733361152,1.4699054798499578,95.78061972144535
322.0,594.0,363.0,594.0,322.0,594.0,1681.0,164836.0,166517.0,41.0,406.0,408.06494581132546,0.10047420250343415,1.4701523027525194,95.7664778108414
324.0,594.0,365.0,594.0,324.0,594.0,1681.0,168100.0,169781.0,41.0,410.0,412.0449004659565,0.09950371902099892,1.4711276743037347,95.71059313749963
324.0,594.0,365.0,594.0,324.0,594.0,1681.0,168100.0,169781.0,41.0,410.0,412.0449004659565,0.09950371902099892,1.4711276743037347,95.71059313749963
324.0,594.0,365.0,594.0,324.0,594.0,1681.0,168100.0,169781.0,41.0,410.0,412.0449004659565,0.09950371902099892,1.4711276743037347,95.71059313749963
324.0,594.0,365.0,594.0,324.0,594.0,1681.0,168100.0,169781.0,41.0,410.0,412.0449004659565,0.09950371902099892,1.4711276743037347,95.71059313749963
324.0,594.0,365.0,594.0,324.0,594.0,1681.0,168921.0,170602.0,41.0,411.0,413.0399496416781,0.09926400590443725,1.4713685801049041,95.69679025183241
324.0,594.0,365.0,594.0,324.0,594.0,1681.0,168100.0,169781.0,41.0,410.0,412.0449004659565,0.09950371902099892,1.4711276743037347,95.71059313749963
323.0,594.0,364.0,594.0,323.0,594.0,1681.0,168100.0,169781.0,41.0,410.0,412.0449004659565,0.09950371902099892,1.4711276743037347,95.71059313749963
324.0,589.0,364.0,589.0,324.0,589.0,1600.0,172225.0,173825.0,40.0,415.0,416.92325432865937,0.09594091858562563,1.4747076112775297,95.50547785797835
323.0,589.0,364.0,589.0,323.0,589.0,1681.0,172225.0,173906.0,41.0,415.0,417.02038319487457,0.09831653715794657,1.4723207064268056,95.64223743202415
323.0,594.0,364.0,594.0,323.0,594.0,1681.0,167281.0,168962.0,41.0,409.0,411.0498753192853,0.09974458687805954,1.470885602170966,95.72446284904501
323.0,588.0,364.0,588.0,323.0,588.0,1681.0,173056.0,174737.0,41.0,416.0,418.01554994999884,0.09808247565169344,1.4725559047060948,95.62876156327214
324.0,589.0,365.0,589.0,324.0,589.0,1681.0,172225.0,173906.0,41.0,415.0,417.02038319487457,0.09831653715794657,1.4723207064268056,95.64223743202415
323.0,595.0,364.0,595.0,323.0,595.0,1681.0,167281.0,168962.0,41.0,409.0,411.0498753192853,0.09974458687805954,1.470885602170966,95.72446284904501
323.0,594.0,364.0,594.0,323.0,594.0,1681.0,168100.0,169781.0,41.0,410.0,412.0449004659565,0.09950371902099892,1.4711276743037347,95.71059313749963
323.0,594.0,364.0,594.0,323.0,594.0,1681.0,168100.0,169781.0,41.0,410.0,412.0449004659565,0.09950371902099892,1.4711276743037347,95.71059313749963
323.0,590.0,364.0,590.0,323.0,590.0,1681.0,166464.0,168145.0,41.0,408.0,410.05487437658877,0.09998661779678336,1.4706423552445314,95.73839987130924
323.0,589.0,364.0,589.0,323.0,589.0,1681.0,172225.0,173906.0,41.0,415.0,417.02038319487457,0.09831653715794657,1.4723207064268056,95.64223743202415
323.0,589.0,364.0,589.0,323.0,589.0,1681.0,172225.0,173906.0,41.0,415.0,417.02038319487457,0.09831653715794657,1.4723207064268056,95.64223743202415
324.0,590.0,364.0,590.0,324.0,590.0,1600.0,172225.0,173825.0,40.0,415.0,416.92325432865937,0.09594091858562563,1.4747076112775297,95.50547785797835
324.0,590.0,365.0,590.0,324.0,590.0,1681.0,172225.0,173906.0,41.0,415.0,417.02038319487457,0.09831653715794657,1.4723207064268056,95.64223743202415
324.0,590.0,365.0,590.0,324.0,590.0,1681.0,171396.0,173077.0,41.0,414.0,416.0252396189443,0.09855171296230415,1.472084382933156,95.65577777081005
324.0,596.0,365.0,596.0,324.0,596.0,1681.0,167281.0,168962.0,41.0,409.0,411.0498753192853,0.09974458687805954,1.470885602170966,95.72446284904501
324.0,596.0,365.0,596.0,324.0,596.0,1681.0,167281.0,168962.0,41.0,409.0,411.0498753192853,0.09974458687805954,1.470885602170966,95.72446284904501
324.0,596.0,365.0,596.0,324.0,596.0,1681.0,167281.0,168962.0,41.0,409.0,411.0498753192853,0.09974458687805954,1.470885602170966,95.72446284904501
323.0,595.0,364.0,595.0,323.0,595.0,1681.0,168100.0,169781.0,41.0,410.0,412.0449004659565,0.09950371902099892,1.4711276743037347,95.71059313749963
324.0,594.0,365.0,594.0,324.0,594.0,1681.0,168921.0,170602.0,41.0,411.0,413.0399496416781,0.09926400590443725,1.4713685801049041,95.69679025183241
324.0,592.0,365.0,592.0,324.0,592.0,1681.0,170569.0,172250.0,41.0,413.0,415.03011938894264,0.09878801100114167,1.471846926157649,95.66938304186338
324.0,594.0,365.0,594.0,324.0,594.0,1681.0,168921.0,170602.0,41.0,411.0,413.0399496416781,0.09926400590443725,1.4713685801049041,95.69679025183241
324.0,593.0,365.0,593.0,324.0,593.0,1681.0,169744.0,171425.0,41.0,412.0,414.03502267320334,0.09902543928599293,1.4716083279557368,95.68305371183236
322.0,595.0,370.0,595.0,322.0,595.0,2304.0,164025.0,166329.0,48.0,405.0,407.83452526729513,0.11769479292745204,1.4528281067198525,96.7590811269705
323.0,595.0,371.0,595.0,323.0,595.0,2304.0,164025.0,166329.0,48.0,405.0,407.83452526729513,0.11769479292745204,1.4528281067198525,96.7590811269705
323.0,592.0,371.0,592.0,323.0,592.0,2304.0,172225.0,174529.0,48.0,415.0,417.76668129471506,0.11489666876075792,1.4556453478710725,96.59766509913501
323.0,592.0,372.0,592.0,323.0,592.0,2401.0,166464.0,168865.0,49.0,408.0,410.93186783212616,0.11924117800476228,1.4512707544059302,96.84831084177317
324.0,592.0,372.0,592.0,324.0,592.0,2304.0,166464.0,168768.0,48.0,408.0,410.81382644696856,0.1168412475673972,1.4536875822280324,96.70983680775693
324.0,592.0,373.0,592.0,324.0,592.0,2401.0,166464.0,168865.0,49.0,408.0,410.93186783212616,0.11924117800476228,1.4512707544059302,96.84831084177317
324.0,591.0,373.0,591.0,324.0,591.0,2401.0,173056.0,175457.0,49.0,416.0,418.87587660308157,0.11697976115829516,1.4535481122149896,96.71782785087291
324.0,591.0,373.0,591.0,324.0,591.0,2401.0,167281.0,169682.0,49.0,409.0,411.92475040958635,0.11895376510218958,1.4515602276156645,96.83172524857329
324.0,589.0,373.0,589.0,324.0,589.0,2401.0,175561.0,177962.0,49.0,419.0,421.8554254718078,0.11615353754238875,1.4543800069892723,96.67016379130753
325.0,592.0,374.0,592.0,325.0,592.0,2401.0,168100.0,170501.0,49.0,410.0,412.9176673381753,0.11866772452695638,1.4518483086937022,96.81521941864416
325.0,591.0,374.0,591.0,325.0,591.0,2401.0,168100.0,170501.0,49.0,410.0,412.9176673381753,0.11866772452695638,1.4518483086937022,96.81521941864416
318.0,591.0,374.0,591.0,318.0,591.0,3136.0,168100.0,171236.0,56.0,410.0,413.80671816682724,0.135328880710495,1.4350509375842748,97.77763789012933
326.0,593.0,374.0,593.0,326.0,593.0,2304.0,167281.0,169585.0,48.0,409.0,411.80699362686886,0.11655945805401247,1.4539713104088143,96.6935803804692
326.0,591.0,375.0,591.0,326.0,591.0,2401.0,168921.0,171322.0,49.0,411.0,413.91061837068156,0.11838304654488857,1.4521350076110184,96.79879278069097
319.0,593.0,375.0,593.0,319.0,593.0,3136.0,168100.0,171236.0,56.0,410.0,413.80671816682724,0.135328880710495,1.4350509375842748,97.77763789012933
326.0,592.0,375.0,592.0,326.0,592.0,2401.0,168100.0,170501.0,49.0,410.0,412.9176673381753,0.11866772452695638,1.4518483086937022,96.81521941864416
319.0,589.0,375.0,589.0,319.0,589.0,3136.0,170569.0,173705.0,56.0,413.0,416.7793181049175,0.13436367297357807,1.4360250423171654,97.72182580013097
319.0,591.0,375.0,591.0,319.0,591.0,3136.0,169744.0,172880.0,56.0,412.0,415.7884077268148,0.1346838895922121,1.4357018883455415,97.74034115883792
319.0,591.0,375.0,591.0,319.0,591.0,3136.0,169744.0,172880.0,56.0,412.0,415.7884077268148,0.1346838895922121,1.4357018883455415,97.74034115883792
320.0,591.0,376.0,591.0,320.0,591.0,3136.0,169744.0,172880.0,56.0,412.0,415.7884077268148,0.1346838895922121,1.4357018883455415,97.74034115883792
320.0,591.0,376.0,591.0,320.0,591.0,3136.0,169744.0,172880.0,56.0,412.0,415.7884077268148,0.1346838895922121,1.4357018883455415,97.74034115883792
321.0,590.0,377.0,590.0,321.0,590.0,3136.0,170569.0,173705.0,56.0,413.0,416.7793181049175,0.13436367297357807,1.4360250423171654,97.72182580013097
321.0,590.0,377.0,590.0,321.0,590.0,3136.0,170569.0,173705.0,56.0,413.0,416.7793181049175,0.13436367297357807,1.4360250423171654,97.72182580013097
321.0,595.0,377.0,595.0,321.0,595.0,3136.0,165649.0,168785.0,56.0,407.0,410.8345165635429,0.13630792385317655,1.4340627374894912,97.83425758487486
321.0,596.0,377.0,596.0,321.0,596.0,3136.0,165649.0,168785.0,56.0,407.0,410.8345165635429,0.13630792385317655,1.4340627374894912,97.83425758487486
321.0,594.0,377.0,594.0,321.0,594.0,3136.0,167281.0,170417.0,56.0,409.0,412.8159396147392,0.13565367667794526,1.434723118645741,97.79642053175178
321.0,595.0,378.0,595.0,321.0,595.0,3249.0,166464.0,169713.0,57.0,408.0,411.9623769229418,0.13836214953838355,1.4319888607122946,97.95308197143842
322.0,596.0,378.0,596.0,322.0,596.0,3136.0,165649.0,168785.0,56.0,407.0,410.8345165635429,0.13630792385317655,1.4340627374894912,97.83425758487486
323.0,591.0,379.0,591.0,323.0,591.0,3136.0,169744.0,172880.0,56.0,412.0,415.7884077268148,0.1346838895922121,1.4357018883455415,97.74034115883792
319.0,589.0,382.0,589.0,319.0,589.0,3969.0,171396.0,175365.0,63.0,414.0,418.7660444687463,0.1504419969864626,1.4197809838735373,98.65254179111471
320.0,596.0,383.0,596.0,320.0,596.0,3969.0,165649.0,169618.0,63.0,407.0,411.847058991563,0.15296940605636472,1.4172239785399199,98.79904740492344
320.0,595.0,384.0,595.0,320.0,595.0,4096.0,166464.0,170560.0,64.0,408.0,412.98910397248983,0.15496776884521193,1.415201498817867,98.91492695714786
321.0,594.0,385.0,594.0,321.0,594.0,4096.0,167281.0,171377.0,64.0,409.0,413.9770525041213,0.15459794114883424,1.415575837857983,98.89347891004223
322.0,593.0,386.0,593.0,322.0,593.0,4096.0,168100.0,172196.0,64.0,410.0,414.9650587700126,0.15422985296569494,1.4159483943936668,98.87213299291754
324.0,594.0,387.0,594.0,324.0,594.0,3969.0,166464.0,170433.0,63.0,408.0,412.8353182565658,0.15260322267497287,1.417594512268,98.7778173861372
317.0,591.0,389.0,591.0,317.0,591.0,5184.0,169744.0,174928.0,72.0,412.0,418.2439479538228,0.17214833675955385,1.3977861761177344,99.91275144672383
318.0,593.0,389.0,593.0,318.0,593.0,5041.0,162409.0,167450.0,71.0,403.0,409.20654931220247,0.17350650941275828,1.396407253486906,99.99175789374537
319.0,595.0,389.0,595.0,319.0,595.0,4900.0,161604.0,166504.0,70.0,402.0,408.0490166634396,0.17154801786407997,1.398395560563936,99.87783628985557
313.0,593.0,390.0,593.0,313.0,593.0,5929.0,163216.0,169145.0,77.0,404.0,411.2724158024703,0.18722383763510722,1.382461081727195,100.79081467594136
314.0,594.0,398.0,594.0,314.0,594.0,7056.0,157609.0,164665.0,84.0,397.0,405.7893542221136,0.2070039519913615,1.362284743429779,101.94683370641147
316.0,594.0,399.0,594.0,316.0,594.0,6889.0,155236.0,162125.0,83.0,394.0,402.6474885057648,0.20613564561898834,1.3631721904089973,101.89598673996062
311.0,600.0,400.0,600.0,311.0,600.0,7921.0,152881.0,160802.0,89.0,391.0,401.00124688085447,0.22194444703670382,1.3469881240305164,102.82326543880716
313.0,599.0,400.0,599.0,313.0,599.0,7569.0,148996.0,156565.0,87.0,386.0,395.6829538911172,0.2198730047490001,1.349112039182578,102.70157406455013
307.0,597.0,401.0,597.0,307.0,597.0,8836.0,151321.0,160157.0,94.0,389.0,400.1962018810274,0.23488478790696984,1.3336962885268557,103.58483151514905
309.0,595.0,402.0,595.0,309.0,595.0,8649.0,148996.0,157645.0,93.0,386.0,397.04533746160524,0.23423017782948582,1.3343696848604734,103.54624874729318
304.0,599.0,416.0,599.0,304.0,599.0,12544.0,142884.0,155428.0,112.0,378.0,394.2435795292043,0.284088329691374,1.2827408797442708,106.50436138175502
304.0,606.0,416.0,606.0,304.0,606.0,12544.0,137641.0,150185.0,112.0,371.0,387.5370949986594,0.28900459193561184,1.2776094302370145,106.79837178130529
298.0,610.0,423.0,610.0,298.0,610.0,15625.0,131044.0,146669.0,125.0,362.0,382.97388944939837,0.3263930086192365,1.2383112549195203,109.04999136956289
293.0,610.0,425.0,610.0,293.0,610.0,17424.0,131769.0,149193.0,132.0,363.0,386.25509705374765,0.3417430630867044,1.2220253232109897,109.98310652189997
295.0,616.0,432.0,616.0,295.0,616.0,18769.0,123904.0,142673.0,137.0,352.0,377.72079635625045,0.36270176628238215,1.1996308776052786,111.26621373964251
290.0,620.0,438.0,620.0,290.0,620.0,21904.0,121104.0,143008.0,148.0,348.0,378.16398559355173,0.39136460804882,1.168682311143134,113.03943597990353
290.0,623.0,444.0,623.0,290.0,623.0,23716.0,120409.0,144125.0,154.0,347.0,379.63798545456433,0.4056496080485891,1.1531068995449676,113.93184132865757
286.0,625.0,450.0,625.0,286.0,625.0,26896.0,121104.0,148000.0,164.0,348.0,384.7076812334269,0.42629770082622975,1.1304003406045535,115.23283132320834
281.0,629.0,456.0,629.0,281.0,629.0,30625.0,123201.0,153826.0,175.0,351.0,392.20657822122257,0.44619343406650347,1.108288968155105,116.49971964380359
280.0,635.0,462.0,635.0,280.0,635.0,33124.0,114921.0,148045.0,182.0,339.0,384.76616275343133,0.47301456733509745,1.0780871346852774,118.23015723518165
283.0,642.0,465.0,642.0,283.0,642.0,33124.0,115600.0,148724.0,182.0,340.0,385.6475074468912,0.47193355716181784,1.0793136814068378,118.15988128466064
279.0,652.0,465.0,652.0,279.0,652.0,34596.0,110889.0,145485.0,186.0,333.0,381.4249598544909,0.4876450667280841,1.0614060005938881,119.18591581611005
276.0,654.0,473.0,654.0,276.0,654.0,38809.0,114921.0,153730.0,197.0,339.0,392.08417463600847,0.5024431301846983,1.0443741625267653,120.16176825470646
275.0,668.0,475.0,668.0,275.0,668.0,40000.0,106929.0,146929.0,200.0,327.0,383.3131878764413,0.5217665510232035,1.0218759127363608,121.45082301412772
274.0,674.0,478.0,674.0,274.0,674.0,41616.0,104329.0,145945.0,204.0,323.0,382.0274859221519,0.5339929913879817,1.0074800653029286,122.27564431457762
275.0,684.0,482.0,684.0,275.0,684.0,42849.0,99225.0,142074.0,207.0,315.0,376.92704864469465,0.5491778866608372,0.9894161429899969,123.3106308245608
276.0,694.0,489.0,694.0,276.0,694.0,45369.0,94249.0,139618.0,213.0,307.0,373.6549210167049,0.5700446803174244,0.964236091433456,124.75334150667243
279.0,700.0,494.0,700.0,279.0,700.0,46225.0,91809.0,138034.0,215.0,303.0,371.52927206345396,0.5786892612953519,0.9536757417402901,125.3584049742731
275.0,710.0,494.0,710.0,275.0,710.0,47961.0,90000.0,137961.0,219.0,300.0,371.4310164754688,0.5896115033098316,0.9402185695799617,126.12944414324086
276.0,723.0,499.0,723.0,276.0,723.0,49729.0,87616.0,137345.0,223.0,296.0,370.600863463646,0.6017255273391319,0.9251365597248049,126.99357965451605
281.0,730.0,504.0,730.0,281.0,730.0,49729.0,83521.0,133250.0,223.0,289.0,365.0342449688796,0.610901588203078,0.9135974446287465,127.6547222488359
283.0,740.0,508.0,740.0,283.0,740.0,50625.0,81796.0,132421.0,225.0,286.0,363.8969634388284,0.6183068907026559,0.9042097102690371,128.1925998068372
284.0,751.0,508.0,751.0,284.0,751.0,50176.0,80656.0,130832.0,224.0,284.0,361.7070637961056,0.6192856662768103,0.9029637375350918,128.26398878588066
282.0,762.0,511.0,762.0,282.0,762.0,52441.0,77841.0,130282.0,229.0,279.0,360.94597933762884,0.634443969760343,0.8835073629617195,129.3787569335605
288.0,769.0,516.0,769.0,288.0,769.0,51984.0,77841.0,129825.0,228.0,279.0,360.3123644839294,0.6327842796251563,0.8856526389030237,129.25584167623285
290.0,781.0,516.0,781.0,290.0,781.0,51076.0,72900.0,123976.0,226.0,270.0,352.1022578740443,0.641858991091292,0.873876235878424,129.9305798673875
291.0,793.0,518.0,793.0,291.0,793.0,51529.0,72900.0,124429.0,227.0,270.0,352.7449503536514,0.6435244495276733,0.8717023612654219,130.05513370790317
294.0,799.0,519.0,799.0,294.0,799.0,50625.0,71824.0,122449.0,225.0,268.0,349.92713527247355,0.6429910038980028,0.8723990841242913,130.01521442859965
295.0,806.0,524.0,806.0,295.0,806.0,52441.0,70756.0,123197.0,229.0,266.0,350.9943019480516,0.6524322438541832,0.8600068936407399,130.72523464222934
301.0,815.0,523.0,815.0,301.0,815.0,49284.0,69696.0,118980.0,222.0,264.0,344.93477644331546,0.6435999358750716,0.8716037370732272,130.0607844578738
301.0,825.0,531.0,825.0,301.0,825.0,52900.0,68644.0,121544.0,230.0,262.0,348.6316107297214,0.6597221620798718,0.8503473323654709,131.27868673525023
306.0,832.0,528.0,832.0,306.0,832.0,49284.0,75076.0,124360.0,222.0,274.0,352.6471324142591,0.629524472466754,0.8898552868710693,129.0150476848846
309.0,845.0,536.0,845.0,309.0,845.0,51529.0,71289.0,122818.0,227.0,267.0,350.4539912741757,0.6477312447624768,0.8661935550849041,130.37076505220242
311.0,851.0,534.0,851.0,311.0,851.0,49729.0,71824.0,121553.0,223.0,268.0,348.644518098306,0.6396199808801282,0.8767925344910895,129.76348826508192
314.0,860.0,539.0,860.0,314.0,860.0,50625.0,70756.0,121381.0,225.0,266.0,348.39776118683653,0.6458135644543893,0.8687079440791695,130.22670117477685
318.0,865.0,549.0,865.0,318.0,865.0,53361.0,73441.0,126802.0,231.0,271.0,356.092684564005,0.6487075135588174,0.864911442865326,130.4442246712464
319.0,875.0,548.0,875.0,319.0,875.0,52441.0,69696.0,122137.0,229.0,264.0,349.4810438349983,0.6552572851651393,0.8562731646087188,130.9391615576096
321.0,878.0,553.0,878.0,321.0,878.0,53824.0,73441.0,127265.0,232.0,271.0,356.74220383913087,0.6503295587213953,0.8627781421568846,130.56645379827233
325.0,885.0,557.0,885.0,325.0,885.0,53824.0,73441.0,127265.0,232.0,271.0,356.74220383913087,0.6503295587213953,0.8627781421568846,130.56645379827233
329.0,891.0,563.0,891.0,329.0,891.0,54756.0,73984.0,128740.0,234.0,272.0,358.8035674293108,0.6521674287591948,0.86035627189202,130.7052167429773
337.0,896.0,571.0,896.0,337.0,896.0,54756.0,74529.0,129285.0,234.0,273.0,359.5622338344226,0.6507913734559686,0.8621700546672262,130.6012946450045
343.0,898.0,570.0,898.0,343.0,898.0,51529.0,75625.0,127154.0,227.0,275.0,356.58659537341,0.6365915122588677,0.8807258802507788,129.53812415368603
349.0,901.0,580.0,901.0,349.0,901.0,53361.0,80089.0,133450.0,231.0,283.0,365.3080891521566,0.6323429643622943,0.8862224394111582,129.22319451195233
357.0,903.0,583.0,903.0,357.0,903.0,51076.0,82944.0,134020.0,226.0,288.0,366.0874212534487,0.6173388837731637,0.9054407745182499,128.12206502104786
363.0,907.0,584.0,907.0,363.0,907.0,48841.0,86436.0,135277.0,221.0,294.0,367.8002175094517,0.6008696827220358,0.9262076708501744,126.93220950764288
374.0,909.0,584.0,909.0,374.0,909.0,44100.0,90601.0,134701.0,210.0,301.0,367.0163484097132,0.5721815960240814,0.961632861134124,124.90249561592472
380.0,910.0,594.0,910.0,380.0,910.0,45796.0,93025.0,138821.0,214.0,305.0,372.5869026146786,0.5743626480110446,0.9589709785038428,125.05501025619901
385.0,912.0,592.0,912.0,385.0,912.0,42849.0,91809.0,134658.0,207.0,303.0,366.95776323713335,0.5640976175948447,0.9714563405464521,124.33965170546466
400.0,908.0,599.0,908.0,400.0,908.0,39601.0,96721.0,136322.0,199.0,311.0,369.218092731112,0.5389768375866792,1.001574384895551,122.61401487707346
409.0,908.0,599.0,908.0,409.0,908.0,36100.0,99856.0,135956.0,190.0,316.0,368.72211758992705,0.5152932003154413,1.029446594234493,121.01705491624696
419.0,912.0,604.0,912.0,419.0,912.0,34225.0,99856.0,134081.0,185.0,316.0,366.17072520888394,0.5052288106714862,1.0411492435336929,120.34654250228108
425.0,910.0,610.0,910.0,425.0,910.0,34225.0,101124.0,135349.0,185.0,318.0,367.89808371341104,0.5028566556604116,1.0438958163931384,120.18917546930967
435.0,909.0,611.0,909.0,435.0,909.0,30976.0,104976.0,135952.0,176.0,324.0,368.7166934110795,0.4773312495612421,1.0731812051156675,118.51124629410873
445.0,909.0,617.0,909.0,445.0,909.0,29584.0,104976.0,134560.0,172.0,324.0,366.824208579532,0.4688894461628976,1.082763308621372,117.96223220437437
455.0,909.0,617.0,909.0,455.0,909.0,26244.0,107584.0,133828.0,162.0,328.0,365.82509481991525,0.4428345739368912,1.1120386543686336,116.28487844927001
465.0,905.0,621.0,905.0,465.0,905.0,24336.0,110224.0,134560.0,156.0,332.0,366.824208579532,0.4252718232640234,1.131534126966809,115.1678701497816
475.0,902.0,623.0,902.0,475.0,902.0,21904.0,112225.0,134129.0,148.0,335.0,366.23626254099963,0.40411072069476356,1.1547899031991378,113.83541232236853
486.0,904.0,625.0,904.0,486.0,904.0,19321.0,110889.0,130210.0,139.0,333.0,360.84622763720284,0.38520563429514776,1.1753656846924467,112.65650688261853
491.0,901.0,626.0,901.0,491.0,901.0,18225.0,112225.0,130450.0,135.0,335.0,361.178626167164,0.3737762708514154,1.187719261257889,111.94869908352698
501.0,894.0,626.0,894.0,501.0,894.0,15625.0,115600.0,131225.0,125.0,340.0,362.2499137335991,0.3450656446309765,1.218487602120755,110.18580300946485
506.0,894.0,621.0,894.0,506.0,894.0,13225.0,118336.0,131561.0,115.0,344.0,362.7133854712285,0.31705474516909476,1.2481739330376336,108.48490153869896
516.0,892.0,626.0,892.0,516.0,892.0,12100.0,119025.0,131125.0,110.0,345.0,362.1118611699981,0.30377353463260093,1.2621454597180315,107.68439202655775
522.0,894.0,622.0,894.0,522.0,894.0,10000.0,116281.0,126281.0,100.0,341.0,355.36038045904894,0.2814044713448966,1.2855389138133568,106.34404583866257
529.0,890.0,623.0,890.0,529.0,890.0,8836.0,118336.0,127172.0,94.0,344.0,356.6118337913087,0.26359192570992845,1.3040523937682458,105.28330157314738
534.0,889.0,624.0,889.0,534.0,889.0,8100.0,119716.0,127816.0,90.0,346.0,357.5136361035758,0.25173864969426224,1.3163199845387512,104.58042039720378
540.0,890.0,625.0,890.0,540.0,890.0,7225.0,119025.0,126250.0,85.0,345.0,355.31676008879737,0.23922316520829925,1.3292306196995707,103.84069549165562
548.0,890.0,628.0,890.0,548.0,890.0,6400.0,122500.0,128900.0,80.0,350.0,359.02646142032484,0.22282480150214112,1.346085158380254,102.87500155961247
552.0,889.0,633.0,889.0,552.0,889.0,6561.0,125316.0,131877.0,81.0,354.0,363.1487298614715,0.22304910726494528,1.3458550617437257,102.8881851257657
559.0,888.0,630.0,888.0,559.0,888.0,5041.0,126025.0,131066.0,71.0,355.0,362.0303854650877,0.19611613513818404,1.373400766945016,101.30993247402021
563.0,890.0,633.0,890.0,563.0,890.0,4900.0,123904.0,128804.0,70.0,352.0,358.8927416373867,0.19504434578597768,1.374493662684753,101.24731416068545
565.0,891.0,636.0,891.0,565.0,891.0,5041.0,123904.0,128945.0,71.0,352.0,359.0891254271006,0.19772250110763617,1.3717623194761521,101.40380859893999
571.0,890.0,632.0,890.0,571.0,890.0,3721.0,124609.0,128330.0,61.0,353.0,358.23176855214837,0.17028082195652655,1.3996816806954402,99.80414703437357
571.0,891.0,633.0,891.0,571.0,891.0,3844.0,123904.0,127748.0,62.0,352.0,357.41852218372793,0.17346610808303167,1.3964482768838937,99.9894074262367
577.0,891.0,633.0,891.0,577.0,891.0,3136.0,123904.0,127040.0,56.0,352.0,356.4267105591274,0.15711504873513177,1.4130275891989426,99.03948280335513
584.0,890.0,635.0,890.0,584.0,890.0,2601.0,124609.0,127210.0,51.0,353.0,356.66510903086663,0.14299127867757408,1.4273132306974883,98.22097583785151
585.0,891.0,636.0,891.0,585.0,891.0,2601.0,124609.0,127210.0,51.0,353.0,356.66510903086663,0.14299127867757408,1.4273132306974883,98.22097583785151
592.0,891.0,638.0,891.0,592.0,891.0,2116.0,125316.0,127432.0,46.0,354.0,356.97618968216915,0.12886013501616375,1.4415768813888432,97.403728852788
591.0,892.0,637.0,892.0,591.0,892.0,2116.0,125316.0,127432.0,46.0,354.0,356.97618968216915,0.12886013501616375,1.4415768813888432,97.403728852788
594.0,892.0,640.0,892.0,594.0,892.0,2116.0,126025.0,128141.0,46.0,355.0,357.9678756536681,0.12850315106069668,1.4419368582095673,97.38310370023798
597.0,889.0,633.0,889.0,597.0,889.0,1296.0,127449.0,128745.0,36.0,357.0,358.81053496239485,0.10033150226141767,1.4702957277402668,95.75826016436676
602.0,890.0,633.0,890.0,602.0,890.0,961.0,126736.0,127697.0,31.0,356.0,357.3471701301131,0.08675037216249017,1.483936775998293,94.97668567104756
603.0,890.0,634.0,890.0,603.0,890.0,961.0,131044.0,132005.0,31.0,362.0,363.3249234500711,0.08532307584524981,1.4853693846012923,94.89460324440158
603.0,890.0,634.0,890.0,603.0,890.0,961.0,130321.0,131282.0,31.0,361.0,362.3285801589491,0.08555770010304095,1.4851338992399212,94.90809556174526
604.0,890.0,635.0,890.0,604.0,890.0,961.0,130321.0,131282.0,31.0,361.0,362.3285801589491,0.08555770010304095,1.4851338992399212,94.90809556174526
610.0,890.0,635.0,890.0,610.0,890.0,625.0,130321.0,130946.0,25.0,361.0,361.86461556775623,0.06908661119235338,1.5016546392888266,93.96152688251023
609.0,890.0,635.0,890.0,609.0,890.0,676.0,130321.0,130997.0,26.0,361.0,361.9350770511198,0.07183608787475372,1.4988983108971556,94.11945286630505
615.0,891.0,635.0,891.0,615.0,891.0,400.0,130321.0,130721.0,20.0,361.0,361.55359215474544,0.05531683389122565,1.5154512428428517,93.1710397272494
615.0,891.0,635.0,891.0,615.0,891.0,400.0,130321.0,130721.0,20.0,361.0,361.55359215474544,0.05531683389122565,1.5154512428428517,93.1710397272494
615.0,891.0,636.0,891.0,615.0,891.0,441.0,130321.0,130762.0,21.0,361.0,361.6102874642811,0.058073569054846993,1.5126900655337738,93.32924353354684
615.0,892.0,641.0,892.0,615.0,892.0,676.0,129600.0,130276.0,26.0,360.0,360.93766774887877,0.07203459855591857,1.4986992845976923,94.1308562332764
615.0,892.0,641.0,892.0,615.0,892.0,676.0,130321.0,130997.0,26.0,361.0,361.9350770511198,0.07183608787475372,1.4988983108971556,94.11945286630505
615.0,893.0,641.0,893.0,615.0,893.0,676.0,129600.0,130276.0,26.0,360.0,360.93766774887877,0.07203459855591857,1.4986992845976923,94.1308562332764
621.0,892.0,641.0,892.0,621.0,892.0,400.0,130321.0,130721.0,20.0,361.0,361.55359215474544,0.05531683389122565,1.5154512428428517,93.1710397272494
621.0,892.0,642.0,892.0,621.0,892.0,441.0,130321.0,130762.0,21.0,361.0,361.6102874642811,0.058073569054846993,1.5126900655337738,93.32924353354684
622.0,892.0,642.0,892.0,622.0,892.0,400.0,130321.0,130721.0,20.0,361.0,361.55359215474544,0.05531683389122565,1.5154512428428517,93.1710397272494
622.0,892.0,643.0,892.0,622.0,892.0,441.0,130321.0,130762.0,21.0,361.0,361.6102874642811,0.058073569054846993,1.5126900655337738,93.32924353354684
622.0,891.0,642.0,891.0,622.0,891.0,400.0,131044.0,131444.0,20.0,362.0,362.55206522649956,0.05516449061600371,1.5156038190916488,93.16229775213938
622.0,891.0,643.0,891.0,622.0,891.0,441.0,131044.0,131485.0,21.0,362.0,362.6086044207997,0.057913683635675506,1.5128502205014032,93.32006732983363
623.0,896.0,638.0,896.0,623.0,896.0,225.0,127449.0,127674.0,15.0,357.0,357.3149870912218,0.04197976726951711,1.5288042195735272,92.4059705166453
623.0,896.0,643.0,896.0,623.0,896.0,400.0,126736.0,127136.0,20.0,356.0,356.5613551690648,0.05609132821058785,1.51467554409372,93.21548399174821
623.0,896.0,638.0,896.0,623.0,896.0,225.0,127449.0,127674.0,15.0,357.0,357.3149870912218,0.04197976726951711,1.5288042195735272,92.4059705166453
623.0,896.0,643.0,896.0,623.0,896.0,400.0,127449.0,127849.0,20.0,357.0,357.5597852108092,0.055934701907845844,1.5148324166805174,93.20649585460343
617.0,896.0,643.0,896.0,617.0,896.0,676.0,127449.0,128125.0,26.0,357.0,357.94552658190884,0.07263675076003613,1.4980955508093152,94.16544763129986
617.0,896.0,643.0,896.0,617.0,896.0,676.0,127449.0,128125.0,26.0,357.0,357.94552658190884,0.07263675076003613,1.4980955508093152,94.16544763129986
618.0,895.0,638.0,895.0,618.0,895.0,400.0,128164.0,128564.0,20.0,358.0,358.55822400274127,0.055778946517336316,1.514988415618459,93.19755777385085
618.0,895.0,639.0,895.0,618.0,895.0,441.0,128164.0,128605.0,21.0,358.0,358.6153928653928,0.05855855721140895,1.5122042505980968,93.35707867898556
617.0,896.0,643.0,896.0,617.0,896.0,676.0,127449.0,128125.0,26.0,357.0,357.94552658190884,0.07263675076003613,1.4980955508093152,94.16544763129986
617.0,896.0,638.0,896.0,617.0,896.0,441.0,128164.0,128605.0,21.0,358.0,358.6153928653928,0.05855855721140895,1.5122042505980968,93.35707867898556
612.0,896.0,643.0,896.0,612.0,896.0,961.0,128164.0,129125.0,31.0,358.0,359.339672176619,0.08626935014501598,1.4844196081610077,94.94902142591084
611.0,897.0,642.0,897.0,611.0,897.0,961.0,127449.0,128410.0,31.0,357.0,358.34341071101056,0.08650919501628632,1.4841788632543074,94.96281509300404
611.0,898.0,642.0,898.0,611.0,898.0,961.0,126736.0,127697.0,31.0,356.0,357.3471701301131,0.08675037216249017,1.483936775998293,94.97668567104756
611.0,894.0,642.0,894.0,611.0,894.0,961.0,125316.0,126277.0,31.0,354.0,355.3547523250533,0.08723676775720561,1.4834485293937856,95.00466014084743
611.0,899.0,641.0,899.0,611.0,899.0,900.0,125316.0,126216.0,30.0,354.0,355.2689122340991,0.0844430766861806,1.4862525712818986,94.84400037508067
606.0,899.0,642.0,899.0,606.0,899.0,1296.0,125316.0,126612.0,36.0,354.0,355.8258000763857,0.10117310209735163,1.4694498235292288,95.80672690553158
605.0,899.0,641.0,899.0,605.0,899.0,1296.0,125316.0,126612.0,36.0,354.0,355.8258000763857,0.10117310209735163,1.4694498235292288,95.80672690553158
604.0,900.0,640.0,900.0,604.0,900.0,1296.0,124609.0,125905.0,36.0,353.0,354.8309456628607,0.10145676536962778,1.4691646930897762,95.82306367632293
604.0,899.0,640.0,899.0,604.0,899.0,1296.0,125316.0,126612.0,36.0,354.0,355.8258000763857,0.10117310209735163,1.4694498235292288,95.80672690553158
604.0,900.0,640.0,900.0,604.0,900.0,1296.0,124609.0,125905.0,36.0,353.0,354.8309456628607,0.10145676536962778,1.4691646930897762,95.82306367632293
604.0,900.0,640.0,900.0,604.0,900.0,1296.0,124609.0,125905.0,36.0,353.0,354.8309456628607,0.10145676536962778,1.4691646930897762,95.82306367632293
600.0,900.0,641.0,900.0,600.0,900.0,1681.0,124609.0,126290.0,41.0,353.0,355.37304343464206,0.11537172207475117,1.4551671142735614,96.62506586589376
599.0,900.0,640.0,900.0,599.0,900.0,1681.0,124609.0,126290.0,41.0,353.0,355.37304343464206,0.11537172207475117,1.4551671142735614,96.62506586589376
600.0,899.0,641.0,899.0,600.0,899.0,1681.0,125316.0,126997.0,41.0,354.0,356.36638449775256,0.11505013318745996,1.4554908589619184,96.60651666161112
598.0,899.0,640.0,899.0,598.0,899.0,1764.0,125316.0,127080.0,42.0,354.0,356.4828186603107,0.11781773987828968,1.4527042983758027,96.76617482255305
598.0,904.0,639.0,904.0,598.0,904.0,1681.0,121801.0,123482.0,41.0,349.0,351.4000569151917,0.1166761336350469,1.4538538332655697,96.70031132496636
597.0,904.0,638.0,904.0,597.0,904.0,1681.0,121801.0,123482.0,41.0,349.0,351.4000569151917,0.1166761336350469,1.4538538332655697,96.70031132496636
597.0,903.0,638.0,903.0,597.0,903.0,1681.0,122500.0,124181.0,41.0,350.0,352.3932462462923,0.1163472922274582,1.4541849296671314,96.68134089854492
651.0,924.0,671.0,924.0,651.0,924.0,400.0,112225.0,112625.0,20.0,335.0,335.5964838909967,0.059595380047235816,1.5111656136637273,93.41658819177134
646.0,924.0,671.0,924.0,646.0,924.0,625.0,112225.0,112850.0,25.0,335.0,335.9315406448165,0.07441992482162528,1.4963075365810148,94.26789330029081
645.0,924.0,670.0,924.0,645.0,924.0,625.0,112225.0,112850.0,25.0,335.0,335.9315406448165,0.07441992482162528,1.4963075365810148,94.26789330029081
644.0,919.0,669.0,919.0,644.0,919.0,625.0,119025.0,119650.0,25.0,345.0,345.90461112855957,0.07227426057847045,1.4984589962563017,94.14462374110428
643.0,920.0,668.0,920.0,643.0,920.0,625.0,118336.0,118961.0,25.0,344.0,344.90723390500233,0.07248325793852656,1.498249449299895,94.15662989731621
642.0,920.0,667.0,920.0,642.0,920.0,625.0,118336.0,118961.0,25.0,344.0,344.90723390500233,0.07248325793852656,1.498249449299895,94.15662989731621
641.0,922.0,671.0,922.0,641.0,922.0,900.0,113569.0,114469.0,30.0,337.0,338.3326765182459,0.08867012287647638,1.4820095976923537,95.08710485434706
641.0,922.0,670.0,922.0,641.0,922.0,841.0,116964.0,117805.0,29.0,342.0,343.2273299141547,0.08449210617130416,1.48620336594808,94.84681963303801
642.0,921.0,667.0,921.0,642.0,921.0,625.0,118336.0,118961.0,25.0,344.0,344.90723390500233,0.07248325793852656,1.498249449299895,94.15662989731621
641.0,920.0,666.0,920.0,641.0,920.0,625.0,119025.0,119650.0,25.0,345.0,345.90461112855957,0.07227426057847045,1.4984589962563017,94.14462374110428
642.0,920.0,667.0,920.0,642.0,920.0,625.0,119025.0,119650.0,25.0,345.0,345.90461112855957,0.07227426057847045,1.4984589962563017,94.14462374110428
637.0,920.0,667.0,920.0,637.0,920.0,900.0,119025.0,119925.0,30.0,345.0,346.30189141845585,0.086629616364842,1.4840579881189115,94.9697407281103
640.0,921.0,665.0,921.0,640.0,921.0,625.0,118336.0,118961.0,25.0,344.0,344.90723390500233,0.07248325793852656,1.498249449299895,94.15662989731621
636.0,920.0,666.0,920.0,636.0,920.0,900.0,119025.0,119925.0,30.0,345.0,346.30189141845585,0.086629616364842,1.4840579881189115,94.9697407281103
636.0,921.0,666.0,921.0,636.0,921.0,900.0,118336.0,119236.0,30.0,344.0,345.3056616969956,0.08687954855001735,1.4838071100509185,94.9841149825787
636.0,926.0,666.0,926.0,636.0,926.0,900.0,114921.0,115821.0,30.0,339.0,340.3248448174185,0.08815107229710117,1.482530688810088,95.05724853255914
636.0,926.0,666.0,926.0,636.0,926.0,900.0,114921.0,115821.0,30.0,339.0,340.3248448174185,0.08815107229710117,1.482530688810088,95.05724853255914
631.0,926.0,666.0,926.0,631.0,926.0,1225.0,114921.0,116146.0,35.0,339.0,340.8019952993233,0.10269892923971825,1.4679160065142445,95.89460814703553
632.0,920.0,667.0,920.0,632.0,920.0,1225.0,119025.0,120250.0,35.0,345.0,346.77081768799405,0.10093121512748267,1.4696929550585982,95.79279649503215
633.0,925.0,668.0,925.0,633.0,925.0,1225.0,115600.0,116825.0,35.0,340.0,341.796723214252,0.10240004547398948,1.468216474376602,95.87739260664313
633.0,924.0,668.0,924.0,633.0,924.0,1225.0,116281.0,117506.0,35.0,341.0,342.79148180781857,0.1021028871995783,1.4685151983893951,95.86027698147088
633.0,924.0,668.0,924.0,633.0,924.0,1225.0,116281.0,117506.0,35.0,341.0,342.79148180781857,0.1021028871995783,1.4685151983893951,95.86027698147088
628.0,924.0,663.0,924.0,628.0,924.0,1225.0,112896.0,114121.0,35.0,336.0,337.8179983363823,0.10360608425945603,1.467003986337854,95.94686305397349
628.0,924.0,668.0,924.0,628.0,924.0,1600.0,113569.0,115169.0,40.0,337.0,339.365584583941,0.11786699010460835,1.4526547025815666,96.76901645224439
628.0,924.0,668.0,924.0,628.0,924.0,1600.0,113569.0,115169.0,40.0,337.0,339.365584583941,0.11786699010460835,1.4526547025815666,96.76901645224439
628.0,924.0,668.0,924.0,628.0,924.0,1600.0,113569.0,115169.0,40.0,337.0,339.365584583941,0.11786699010460835,1.4526547025815666,96.76901645224439
629.0,923.0,664.0,923.0,629.0,923.0,1225.0,114244.0,115469.0,35.0,338.0,339.8072983324519,0.10299955348739331,1.4676137795423485,95.91192447698019
629.0,923.0,664.0,923.0,629.0,923.0,1225.0,114244.0,115469.0,35.0,338.0,339.8072983324519,0.10299955348739331,1.4676137795423485,95.91192447698019
624.0,923.0,664.0,923.0,624.0,923.0,1600.0,114244.0,115844.0,40.0,338.0,340.3586343843799,0.11752309463912845,1.4530010049243107,96.74917478956965
623.0,923.0,664.0,923.0,623.0,923.0,1681.0,114244.0,115925.0,41.0,338.0,340.4776057246644,0.12041907987674133,1.4500843033820146,96.91628947804251
624.0,924.0,664.0,924.0,624.0,924.0,1600.0,113569.0,115169.0,40.0,337.0,339.365584583941,0.11786699010460835,1.4526547025815666,96.76901645224439
624.0,924.0,664.0,924.0,624.0,924.0,1600.0,113569.0,115169.0,40.0,337.0,339.365584583941,0.11786699010460835,1.4526547025815666,96.76901645224439
623.0,924.0,663.0,924.0,623.0,924.0,1600.0,112896.0,114496.0,40.0,336.0,338.3725757209056,0.11821288978511235,1.452306367636759,96.78897457443878
618.0,924.0,664.0,924.0,618.0,924.0,2116.0,113569.0,115685.0,46.0,337.0,340.1249770305027,0.13524440457624692,1.4351361975559325,97.77275285359194
618.0,925.0,663.0,925.0,618.0,925.0,2025.0,112896.0,114921.0,45.0,336.0,339.0,0.13274336283185842,1.437659999243249,97.6281496685807
618.0,925.0,663.0,925.0,618.0,925.0,2025.0,112896.0,114921.0,45.0,336.0,339.0,0.13274336283185842,1.437659999243249,97.6281496685807
613.0,925.0,663.0,925.0,613.0,925.0,2500.0,112896.0,115396.0,50.0,336.0,339.69986753014786,0.14718875330607123,1.4230708619195982,98.46404566396268
608.0,925.0,668.0,925.0,608.0,925.0,3600.0,115600.0,119200.0,60.0,340.0,345.2535300326414,0.17378533390904768,1.396124127786657,100.00797980144134
608.0,921.0,668.0,921.0,608.0,921.0,3600.0,119025.0,122625.0,60.0,345.0,350.1785258978626,0.17134117475124772,1.3986055122719576,99.86580694308437
602.0,921.0,667.0,921.0,602.0,921.0,4225.0,119025.0,123250.0,65.0,345.0,351.0697936308392,0.18514836986616265,1.384573486383755,100.66978280449668
600.0,926.0,665.0,926.0,600.0,926.0,4225.0,115600.0,119825.0,65.0,340.0,346.1574786134195,0.1877758073012499,1.381899145917274,100.82301122620709
599.0,924.0,665.0,924.0,599.0,924.0,4356.0,116281.0,120637.0,66.0,341.0,347.32837488463275,0.1900219065658609,1.379611867197882,100.95406264339833
594.0,922.0,664.0,922.0,594.0,922.0,4900.0,117649.0,122549.0,70.0,343.0,350.06999300139967,0.19996001199600139,1.3694792184202558,101.53462065364472
589.0,926.0,665.0,926.0,589.0,926.0,5776.0,111556.0,117332.0,76.0,334.0,342.53758917818055,0.22187345973427303,1.3470609264881988,102.81909416524377
589.0,927.0,664.0,927.0,589.0,927.0,5625.0,110889.0,116514.0,75.0,333.0,341.34147125715623,0.21972132399786046,1.3492675221781487,102.69266554511788
584.0,930.0,665.0,930.0,584.0,930.0,6561.0,108900.0,115461.0,81.0,330.0,339.79552675101536,0.2383786531108534,1.3301002927316525,103.79086689736098
576.0,928.0,661.0,928.0,576.0,928.0,7225.0,108900.0,116125.0,85.0,330.0,340.77118422777477,0.24943423603324738,1.3187003461268227,104.44403572449222
569.0,931.0,663.0,931.0,569.0,931.0,8836.0,107584.0,116420.0,94.0,328.0,341.2037514447929,0.27549521247045633,1.291691514984705,105.99152775851707
563.0,932.0,662.0,932.0,563.0,932.0,9801.0,106929.0,116730.0,99.0,327.0,341.6577234601905,0.2897636821944561,1.2768164089916754,106.84380855172742
552.0,930.0,660.0,930.0,552.0,930.0,11664.0,105625.0,117289.0,108.0,325.0,342.4748165924029,0.31535165439196783,1.2499691331700011,108.38204414773298
546.0,931.0,659.0,931.0,546.0,931.0,12769.0,104976.0,117745.0,113.0,324.0,343.13991315496946,0.3293117345663218,1.2352217682762483,109.22700591508442
534.0,934.0,656.0,934.0,534.0,934.0,14884.0,103684.0,118568.0,122.0,322.0,344.33704418781315,0.3543040229312564,1.2086266213480825,110.75079558959862
530.0,936.0,656.0,936.0,530.0,936.0,15876.0,99856.0,115732.0,126.0,316.0,340.19406226446694,0.3703768348021535,1.1913816523055978,111.73885953356677
519.0,940.0,654.0,940.0,519.0,940.0,18225.0,97969.0,116194.0,135.0,313.0,340.87241014784405,0.39604261295728643,1.1635932965513005,113.33101503789607
509.0,948.0,657.0,948.0,509.0,948.0,21904.0,93025.0,114929.0,148.0,305.0,339.01179920468843,0.43656297611824596,1.119021510810428,115.88479024620945
499.0,945.0,651.0,945.0,499.0,945.0,23104.0,94864.0,117968.0,152.0,308.0,343.4646997873289,0.4425491181309677,1.1123570040331623,116.26663835708311
487.0,949.0,651.0,949.0,487.0,949.0,26896.0,90000.0,116896.0,164.0,300.0,341.90057034172963,0.47967161866996005,1.0705158985700445,118.66395711028153
479.0,951.0,647.0,951.0,479.0,951.0,28224.0,86436.0,114660.0,168.0,294.0,338.61482542853906,0.49613893835683387,1.0516502125483735,119.74488129694222
464.0,956.0,649.0,956.0,464.0,956.0,34225.0,84681.0,118906.0,185.0,291.0,344.8274931034357,0.5365001448550586,1.0045119490996997,122.44570484612703
454.0,956.0,646.0,956.0,454.0,956.0,36864.0,80656.0,117520.0,192.0,284.0,342.81190177705327,0.5600739035159481,0.9763213217200336,124.06090881680785
443.0,955.0,643.0,955.0,443.0,955.0,40000.0,82369.0,122369.0,200.0,287.0,349.81280708401744,0.5717343560607956,0.9621780876217252,124.87125643930642
427.0,958.0,640.0,958.0,427.0,958.0,45369.0,81225.0,126594.0,213.0,285.0,355.8005059018326,0.5986500762839498,0.9289815570439169,126.77327753589182
415.0,958.0,636.0,958.0,415.0,958.0,48841.0,80656.0,129497.0,221.0,284.0,359.85691600968295,0.6141329794368976,0.9095094338447217,127.88894801336448
404.0,954.0,634.0,954.0,404.0,954.0,52900.0,81225.0,134125.0,230.0,285.0,366.23080154459973,0.6280192682591459,0.8917910180963524,128.9041384554042
392.0,956.0,628.0,956.0,392.0,956.0,55696.0,78961.0,134657.0,236.0,281.0,366.9564006799718,0.6431281742536469,0.8722199675602609,130.02547705175948
376.0,958.0,625.0,958.0,376.0,958.0,62001.0,78400.0,140401.0,249.0,280.0,374.70121430280955,0.6645294717373778,0.8439323549111262,131.64623786905577
368.0,956.0,621.0,956.0,368.0,956.0,64009.0,77841.0,141850.0,253.0,279.0,376.62979170532964,0.6717471787201157,0.8342314892771941,132.2020565275036
356.0,954.0,615.0,954.0,356.0,954.0,67081.0,76729.0,143810.0,259.0,277.0,379.22288960451743,0.6829756512590919,0.818967637342392,133.07661082248035
345.0,950.0,609.0,950.0,345.0,950.0,69696.0,76729.0,146425.0,264.0,277.0,382.65519727294964,0.6899161487454922,0.8094231148043959,133.623471681375
339.0,952.0,599.0,952.0,339.0,952.0,67600.0,72361.0,139961.0,260.0,269.0,374.1136191052125,0.6949760359482658,0.8024097547028047,134.02530761540163
330.0,947.0,596.0,947.0,330.0,947.0,70756.0,73441.0,144197.0,266.0,271.0,379.73280079550676,0.7004925554040985,0.7947088813056762,134.46653515962166
323.0,946.0,583.0,946.0,323.0,946.0,67600.0,67081.0,134681.0,260.0,259.0,366.9891006555917,0.7084679069093178,0.7834713835082265,135.11039635570307
320.0,942.0,584.0,942.0,320.0,942.0,69696.0,67600.0,137296.0,264.0,260.0,370.5347487078641,0.7124837843700919,0.7777647238799552,135.43736386752073
311.0,941.0,580.0,941.0,311.0,941.0,72361.0,62500.0,134861.0,269.0,250.0,367.2342576612373,0.7325024678066514,0.748805641568154,137.09659706255889
305.0,936.0,577.0,936.0,305.0,936.0,73984.0,62001.0,135985.0,272.0,249.0,368.76144050049487,0.7376042344091965,0.7412809346046182,137.5277310136422
302.0,930.0,568.0,930.0,302.0,930.0,70756.0,61009.0,131765.0,266.0,247.0,362.9944903163132,0.7327934916262991,0.7483780475235183,137.12109639666144
295.0,922.0,562.0,922.0,295.0,922.0,71289.0,60025.0,131314.0,267.0,245.0,362.3727362813047,0.736810397879193,0.7424558287350862,137.4604145385917
290.0,919.0,555.0,919.0,290.0,919.0,70225.0,58564.0,128789.0,265.0,242.0,358.8718434204612,0.7384251644660819,0.7400643534218166,137.59743598085177
291.0,909.0,554.0,909.0,291.0,909.0,69169.0,57600.0,126769.0,263.0,240.0,356.046345297912,0.7386678826318016,0.7397043456111126,137.61806290899685
289.0,900.0,549.0,900.0,289.0,900.0,67600.0,56169.0,123769.0,260.0,237.0,351.8081863743367,0.7390390845634006,0.7391534914436141,137.6496245279217
285.0,887.0,546.0,887.0,285.0,887.0,68121.0,58564.0,126685.0,261.0,242.0,355.92836357896516,0.7332936250867104,0.7476427535383853,137.1632256387109
279.0,879.0,546.0,879.0,279.0,879.0,71289.0,58564.0,129853.0,267.0,242.0,360.35121756419807,0.7409437986772803,0.7363216880740012,137.81187490941144
280.0,866.0,541.0,866.0,280.0,866.0,68121.0,60516.0,128637.0,261.0,246.0,358.66000613394294,0.7277086810245816,0.7558209923922049,136.69464706853717
276.0,852.0,538.0,852.0,276.0,852.0,68644.0,60516.0,129160.0,262.0,246.0,359.3883693165376,0.7290163577031034,0.7539125089298504,136.80399511620058
276.0,843.0,529.0,843.0,276.0,843.0,64009.0,61504.0,125513.0,253.0,248.0,354.27813931994166,0.7141281719658142,0.7754184547987956,135.57179518347323
278.0,827.0,528.0,827.0,278.0,827.0,62500.0,62500.0,125000.0,250.0,250.0,353.5533905932738,0.7071067811865475,0.7853981633974484,135.0
280.0,814.0,521.0,814.0,280.0,814.0,58081.0,66049.0,124130.0,241.0,257.0,352.32087647484076,0.6840355371822816,0.8175156295010837,133.1598047436072
276.0,800.0,521.0,800.0,276.0,800.0,60025.0,68121.0,128146.0,245.0,261.0,357.97485945244813,0.6844056042783215,0.8170081843725046,133.18887920780926
282.0,789.0,519.0,789.0,282.0,789.0,56169.0,69696.0,125865.0,237.0,264.0,354.7745763157219,0.6680298302691463,0.8392382953707508,131.91518766950242
283.0,771.0,518.0,771.0,283.0,771.0,55225.0,75625.0,130850.0,235.0,275.0,361.7319449537185,0.6496523275821462,0.8636693039187263,130.51539399045538
281.0,761.0,512.0,761.0,281.0,761.0,53361.0,79524.0,132885.0,231.0,282.0,364.5339490363003,0.6336858353266762,0.8844877771577256,129.32258333795465
280.0,745.0,512.0,745.0,280.0,745.0,53824.0,82944.0,136768.0,232.0,288.0,369.82157860243905,0.6273295378726447,0.892677019045851,128.85337434035333
283.0,735.0,506.0,735.0,283.0,735.0,49729.0,87616.0,137345.0,223.0,296.0,370.600863463646,0.6017255273391319,0.9251365597248049,126.99357965451605
279.0,720.0,502.0,720.0,279.0,720.0,49729.0,93636.0,143365.0,223.0,306.0,378.6357088284199,0.5889566007654424,0.9410291668981029,126.08300033802675
282.0,710.0,493.0,710.0,282.0,710.0,44521.0,94864.0,139385.0,211.0,308.0,373.34300582708124,0.5651639288984764,0.9701643798927385,124.41367559821941
285.0,696.0,487.0,696.0,285.0,696.0,40804.0,101124.0,141928.0,202.0,318.0,376.7333274346723,0.5361882936545559,1.0048814413389426,122.42453450025558
285.0,686.0,484.0,686.0,285.0,686.0,39601.0,106929.0,146530.0,199.0,327.0,382.79237191981764,0.5198640688735666,1.0241045073470834,121.32313394868771
287.0,672.0,477.0,672.0,287.0,672.0,36100.0,114921.0,151021.0,190.0,339.0,388.6142045782681,0.4889167656807394,1.0599487772330431,119.26940856449434
286.0,667.0,471.0,667.0,286.0,667.0,34225.0,112225.0,146450.0,185.0,335.0,382.6878623630491,0.48342270083416927,1.066235888018651,118.90918365114783
291.0,656.0,470.0,656.0,291.0,656.0,32041.0,115600.0,147641.0,179.0,340.0,384.24080990961903,0.4658536922252071,1.086197185637255,117.76548554399729
294.0,646.0,470.0,646.0,294.0,646.0,30976.0,119716.0,150692.0,176.0,346.0,388.19067479783695,0.4533854402650393,1.1002363854910722,116.96109864463288
296.0,635.0,465.0,635.0,296.0,635.0,28561.0,126736.0,155297.0,169.0,356.0,394.07740356432515,0.42884976015229503,1.1275772035967473,115.39458515874283
302.0,633.0,460.0,633.0,302.0,633.0,24964.0,124609.0,149573.0,158.0,353.0,386.74668712220404,0.40853614332338223,1.1499466422602915,114.11291073324499
303.0,625.0,454.0,625.0,303.0,625.0,22801.0,129600.0,152401.0,151.0,360.0,390.3857067055606,0.38679694826503536,1.1736406794821246,112.75534240080808
308.0,618.0,447.0,618.0,308.0,618.0,19321.0,133956.0,153277.0,139.0,366.0,391.50606636423913,0.3550391984748477,1.207840329692011,110.79584678295788
307.0,614.0,440.0,614.0,307.0,614.0,17689.0,136161.0,153850.0,133.0,369.0,392.23717314910374,0.3390805591734209,1.224856942739418,109.8208666737342
311.0,607.0,440.0,607.0,311.0,607.0,16641.0,139876.0,156517.0,129.0,374.0,395.62229461950193,0.32606858044759196,1.2386544597795544,109.03032717957456
310.0,604.0,433.0,604.0,310.0,604.0,15129.0,141376.0,156505.0,123.0,376.0,395.6071283483148,0.31091451894088185,1.2546412375820883,108.11435228347594
316.0,606.0,426.0,606.0,316.0,606.0,12100.0,140625.0,152725.0,110.0,375.0,390.80046059338264,0.2814735679507094,1.2854669066127613,106.34817154735124
315.0,599.0,425.0,599.0,315.0,599.0,12100.0,145161.0,157261.0,110.0,381.0,396.56147064484213,0.2773844867508959,1.2897256322776196,106.10416454065081
319.0,596.0,425.0,596.0,319.0,596.0,11236.0,151321.0,162557.0,106.0,389.0,403.18358101490196,0.26290753143561707,1.304761810814349,105.24265497049103
324.0,588.0,423.0,588.0,324.0,588.0,9801.0,160801.0,170602.0,99.0,401.0,413.0399496416781,0.23968625815949482,1.3287536505343234,103.86802381178217
323.0,590.0,416.0,590.0,323.0,590.0,8649.0,157609.0,166258.0,93.0,397.0,407.74747086891904,0.22808234665886437,1.340688667286865,103.1841977234436
328.0,584.0,415.0,584.0,328.0,584.0,7569.0,160000.0,167569.0,87.0,400.0,409.35192683069175,0.21253106263252858,1.3566318549595224,102.27072035781532
333.0,582.0,413.0,582.0,333.0,582.0,6400.0,165649.0,172049.0,80.0,407.0,414.78789760551115,0.19286965811158965,1.3767104475316265,101.12030174487104
332.0,587.0,406.0,587.0,332.0,587.0,5476.0,160801.0,166277.0,74.0,401.0,407.7707689376471,0.1814745088099129,1.3883106769065354,100.45565756030507
337.0,583.0,404.0,583.0,337.0,583.0,4489.0,167281.0,171770.0,67.0,409.0,414.4514446832101,0.16165946785687305,1.4084243181665643,99.30323080546522
337.0,585.0,397.0,585.0,337.0,585.0,3600.0,170569.0,174169.0,60.0,413.0,417.33559637299095,0.14376918844558706,1.4265271993778017,98.26601211503464
336.0,583.0,404.0,583.0,336.0,583.0,4624.0,170569.0,175193.0,68.0,413.0,418.56062882215764,0.16246152962679283,1.4076115117416494,99.34980118317397
342.0,584.0,397.0,584.0,342.0,584.0,3025.0,168921.0,171946.0,55.0,411.0,414.66371917494786,0.13263759874973613,1.4377667068852453,97.62203577105252
341.0,588.0,389.0,588.0,341.0,588.0,2304.0,169744.0,172048.0,48.0,412.0,414.78669216839637,0.11572213117317855,1.4548143423145719,96.64527821027443
341.0,587.0,390.0,587.0,341.0,587.0,2401.0,176400.0,178801.0,49.0,420.0,422.8486726950908,0.11588069956017834,1.4546546999149064,96.6544250460066
347.0,579.0,382.0,579.0,347.0,579.0,1225.0,183184.0,184409.0,35.0,428.0,429.42869023855405,0.08150363679836338,1.4892021832099518,94.67500006040177
346.0,582.0,381.0,582.0,346.0,582.0,1225.0,180625.0,181850.0,35.0,425.0,426.4387412044079,0.08207509454030398,1.4886288044331966,94.70785224437222
345.0,587.0,380.0,587.0,345.0,587.0,1225.0,176400.0,177625.0,35.0,420.0,421.4558102577303,0.08304547985373997,1.4876550949064553,94.76364169072617
345.0,585.0,380.0,585.0,345.0,585.0,1225.0,178084.0,179309.0,35.0,422.0,423.4489343474606,0.08265459459458879,1.4880473286576683,94.7411683521991
352.0,586.0,380.0,586.0,352.0,586.0,784.0,178084.0,178868.0,28.0,422.0,422.927889834662,0.06620513963017721,1.5045427273371026,93.79605162648184
352.0,583.0,380.0,583.0,352.0,583.0,784.0,179776.0,180560.0,28.0,424.0,424.92352253081964,0.06589421040575405,1.5048543370136265,93.77819770716158
351.0,577.0,373.0,577.0,351.0,577.0,484.0,185761.0,186245.0,22.0,431.0,431.5611196574594,0.050977715549218004,1.5197965058535254,92.92207449586348
351.0,582.0,372.0,582.0,351.0,582.0,441.0,180625.0,181066.0,21.0,425.0,425.5185072355843,0.049351554968615145,1.521424716594153,92.82878489226765
351.0,580.0,372.0,580.0,351.0,580.0,441.0,182329.0,182770.0,21.0,427.0,427.5160815688692,0.049120959199793465,1.5216555923788764,92.81555668421123
350.0,580.0,371.0,580.0,350.0,580.0,441.0,176400.0,176841.0,21.0,420.0,420.5246722845165,0.04993761694389223,1.5208379310729538,92.86240522611175
350.0,585.0,371.0,585.0,350.0,585.0,441.0,178084.0,178525.0,21.0,422.0,422.5221887664599,0.049701531797202964,1.5210743097471946,92.84886172571085
349.0,585.0,371.0,585.0,349.0,585.0,484.0,173056.0,173540.0,22.0,416.0,416.58132459341,0.052810816763023044,1.5179609310989748,93.02724518228
350.0,585.0,364.0,585.0,350.0,585.0,196.0,173889.0,174085.0,14.0,417.0,417.2349458039199,0.03355423638598891,1.5372357908381904,91.92287706851631
350.0,584.0,364.0,584.0,350.0,584.0,196.0,174724.0,174920.0,14.0,418.0,418.2343840479881,0.033474053148135334,1.5373160191448572,91.91828032514682
350.0,588.0,364.0,588.0,350.0,588.0,196.0,171396.0,171592.0,14.0,414.0,414.2366473406234,0.033797106291486356,1.5369927831014416,91.93680038622104
350.0,585.0,371.0,585.0,350.0,585.0,441.0,173889.0,174330.0,21.0,417.0,417.5284421449633,0.050295974789446626,1.5204791223334184,92.88296345253953
350.0,582.0,364.0,582.0,350.0,582.0,196.0,176400.0,176596.0,14.0,420.0,420.23326855450176,0.033314830232638475,1.5374753309166493,91.90915243299638
349.0,583.0,363.0,583.0,349.0,583.0,196.0,174724.0,174920.0,14.0,418.0,418.2343840479881,0.033474053148135334,1.5373160191448572,91.91828032514682
348.0,582.0,362.0,582.0,348.0,582.0,196.0,174724.0,174920.0,14.0,418.0,418.2343840479881,0.033474053148135334,1.5373160191448572,91.91828032514682
352.0,584.0,366.0,584.0,352.0,584.0,196.0,173056.0,173252.0,14.0,416.0,416.2355102583152,0.03363480446757563,1.5371551772538243,91.9274958866719
352.0,585.0,365.0,585.0,352.0,585.0,169.0,172225.0,172394.0,13.0,415.0,415.2035645319052,0.031309943147178956,1.539481265801391,91.79422083012263
352.0,587.0,366.0,587.0,352.0,587.0,196.0,176400.0,176596.0,14.0,420.0,420.23326855450176,0.033314830232638475,1.5374753309166493,91.90915243299638
352.0,587.0,366.0,587.0,352.0,587.0,196.0,170569.0,170765.0,14.0,413.0,413.23722000807237,0.03387884566575711,1.536910996890779,91.94148639091438
351.0,587.0,365.0,587.0,351.0,587.0,196.0,169744.0,169940.0,14.0,412.0,412.23779545306127,0.033960981148304446,1.5368288141164737,91.94619511703075
351.0,585.0,358.0,585.0,351.0,585.0,49.0,176400.0,176449.0,7.0,420.0,420.05832928296996,0.016664352333993333,1.554131203080956,90.95484125387217
351.0,585.0,358.0,585.0,351.0,585.0,49.0,171396.0,171445.0,7.0,414.0,414.0591745149478,0.01690579615389562,1.5538897252412418,90.96867691493374
351.0,584.0,358.0,584.0,351.0,584.0,49.0,172225.0,172274.0,7.0,415.0,415.05903194605946,0.01686507089649289,1.5539304563056382,90.96634319684875
350.0,584.0,357.0,584.0,350.0,584.0,49.0,178084.0,178133.0,7.0,422.0,422.0580528789849,0.016585396137452885,1.5542101701909903,90.95031677174687
350.0,584.0,357.0,584.0,350.0,584.0,49.0,178084.0,178133.0,7.0,422.0,422.0580528789849,0.016585396137452885,1.5542101701909903,90.95031677174687
343.0,584.0,357.0,584.0,343.0,584.0,196.0,172225.0,172421.0,14.0,415.0,415.2360774306587,0.03371576016859444,1.5370741756108255,91.93213693894937
344.0,585.0,357.0,585.0,344.0,585.0,169.0,171396.0,171565.0,13.0,414.0,414.2040559917298,0.03138549662164478,1.5394056751770984,91.79855185386535
344.0,584.0,358.0,584.0,344.0,584.0,196.0,172225.0,172421.0,14.0,415.0,415.2360774306587,0.03371576016859444,1.5370741756108255,91.93213693894937
343.0,585.0,357.0,585.0,343.0,585.0,196.0,170569.0,170765.0,14.0,413.0,413.23722000807237,0.03387884566575711,1.536910996890779,91.94148639091438
343.0,586.0,357.0,586.0,343.0,586.0,196.0,170569.0,170765.0,14.0,413.0,413.23722000807237,0.03387884566575711,1.536910996890779,91.94148639091438
342.0,587.0,356.0,587.0,342.0,587.0,196.0,170569.0,170765.0,14.0,413.0,413.23722000807237,0.03387884566575711,1.536910996890779,91.94148639091438
342.0,588.0,362.0,588.0,342.0,588.0,400.0,169744.0,170144.0,20.0,412.0,412.48515124789645,0.04848659385554547,1.522290714554513,92.77916686407208
341.0,588.0,362.0,588.0,341.0,588.0,441.0,170569.0,171010.0,21.0,413.0,413.533553656774,0.050781852679914946,1.519992622736675,92.91083782616775
341.0,588.0,362.0,588.0,341.0,588.0,441.0,170569.0,171010.0,21.0,413.0,413.533553656774,0.050781852679914946,1.519992622736675,92.91083782616775
341.0,589.0,362.0,589.0,341.0,589.0,441.0,169744.0,170185.0,21.0,412.0,412.53484701295235,0.05090479059418867,1.5198695256136663,92.91789077178635
334.0,591.0,362.0,591.0,334.0,591.0,784.0,168100.0,168884.0,28.0,410.0,410.9549853694441,0.0681339830318114,1.5026095176214325,93.90681638410342
334.0,592.0,361.0,592.0,334.0,592.0,729.0,167281.0,168010.0,27.0,409.0,409.89022920777217,0.06587129449800516,1.5048773028175404,93.77688186352418
334.0,592.0,361.0,592.0,334.0,592.0,729.0,167281.0,168010.0,27.0,409.0,409.89022920777217,0.06587129449800516,1.5048773028175404,93.77688186352418
334.0,592.0,361.0,592.0,334.0,592.0,729.0,167281.0,168010.0,27.0,409.0,409.89022920777217,0.06587129449800516,1.5048773028175404,93.77688186352418
334.0,592.0,362.0,592.0,334.0,592.0,784.0,161604.0,162388.0,28.0,402.0,402.9739445671395,0.06948340054609888,1.501256894113603,93.98431600237222
334.0,592.0,361.0,592.0,334.0,592.0,729.0,167281.0,168010.0,27.0,409.0,409.89022920777217,0.06587129449800516,1.5048773028175404,93.77688186352418
334.0,593.0,361.0,593.0,334.0,593.0,729.0,166464.0,167193.0,27.0,408.0,408.8924063858364,0.06603204065013239,1.5047162059281038,93.78611203538159
334.0,593.0,361.0,593.0,334.0,593.0,729.0,166464.0,167193.0,27.0,408.0,408.8924063858364,0.06603204065013239,1.5047162059281038,93.78611203538159
334.0,593.0,361.0,593.0,334.0,593.0,729.0,160801.0,161530.0,27.0,401.0,401.90794966011805,0.0671795619440549,1.5035661306762034,93.85200649343793
334.0,593.0,362.0,593.0,334.0,593.0,784.0,166464.0,167248.0,28.0,408.0,408.95965571190516,0.06846641131692663,1.5022763112362012,93.92590770368398
335.0,592.0,362.0,592.0,335.0,592.0,729.0,167281.0,168010.0,27.0,409.0,409.89022920777217,0.06587129449800516,1.5048773028175404,93.77688186352418
335.0,592.0,355.0,592.0,335.0,592.0,400.0,161604.0,162004.0,20.0,402.0,402.4972049592394,0.049689786049633276,1.5210860700256774,92.84818791138788
334.0,590.0,355.0,590.0,334.0,590.0,441.0,163216.0,163657.0,21.0,404.0,404.5454239019396,0.0519101162916388,1.5188628688342982,92.97556795666237
334.0,590.0,355.0,590.0,334.0,590.0,441.0,163216.0,163657.0,21.0,404.0,404.5454239019396,0.0519101162916388,1.5188628688342982,92.97556795666237
334.0,591.0,355.0,591.0,334.0,591.0,441.0,162409.0,162850.0,21.0,403.0,403.54677547962143,0.05203857712663218,1.5187342341391674,92.98293818179232
335.0,592.0,355.0,592.0,335.0,592.0,400.0,162409.0,162809.0,20.0,403.0,403.49597271843993,0.04956678963920175,1.5212092181846055,92.8411320416265
335.0,592.0,356.0,592.0,335.0,592.0,441.0,161604.0,162045.0,21.0,402.0,402.54813376787627,0.05216767446774291,1.5186049612077928,92.99034497516537
335.0,591.0,356.0,591.0,335.0,591.0,441.0,162409.0,162850.0,21.0,403.0,403.54677547962143,0.05203857712663218,1.5187342341391674,92.98293818179232
336.0,591.0,356.0,591.0,336.0,591.0,400.0,162409.0,162809.0,20.0,403.0,403.49597271843993,0.04956678963920175,1.5212092181846055,92.8411320416265
336.0,590.0,356.0,590.0,336.0,590.0,400.0,163216.0,163616.0,20.0,404.0,404.4947465666272,0.04944439988346216,1.5213317581933052,92.83411101630651
336.0,591.0,357.0,591.0,336.0,591.0,441.0,162409.0,162850.0,21.0,403.0,403.54677547962143,0.05203857712663218,1.5187342341391674,92.98293818179232
336.0,591.0,357.0,591.0,336.0,591.0,441.0,162409.0,162850.0,21.0,403.0,403.54677547962143,0.05203857712663218,1.5187342341391674,92.98293818179232
336.0,590.0,357.0,590.0,336.0,590.0,441.0,163216.0,163657.0,21.0,404.0,404.5454239019396,0.0519101162916388,1.5188628688342982,92.97556795666237
336.0,590.0,357.0,590.0,336.0,590.0,441.0,164025.0,164466.0,21.0,405.0,405.54407898525653,0.05178228727329897,1.5189908700038954,92.96823402987171
336.0,591.0,357.0,591.0,336.0,591.0,441.0,162409.0,162850.0,21.0,403.0,403.54677547962143,0.05203857712663218,1.5187342341391674,92.98293818179232
336.0,590.0,357.0,590.0,336.0,590.0,441.0,163216.0,163657.0,21.0,404.0,404.5454239019396,0.0519101162916388,1.5188628688342982,92.97556795666237
336.0,588.0,357.0,588.0,336.0,588.0,441.0,165649.0,166090.0,21.0,407.0,407.54140893901814,0.051528506157621654,1.5192449903788798,92.95367400489683
336.0,588.0,363.0,588.0,336.0,588.0,729.0,165649.0,166378.0,27.0,407.0,407.89459422747933,0.06619357153074289,1.5045543208679117,93.79538736609682
336.0,587.0,363.0,587.0,336.0,587.0,729.0,165649.0,166378.0,27.0,407.0,407.89459422747933,0.06619357153074289,1.5045543208679117,93.79538736609682
336.0,588.0,363.0,588.0,336.0,588.0,729.0,164836.0,165565.0,27.0,406.0,406.8967928111501,0.06635589288739198,1.504391641847108,93.80470818740419
335.0,587.0,363.0,587.0,335.0,587.0,784.0,166464.0,167248.0,28.0,408.0,408.95965571190516,0.06846641131692663,1.5022763112362012,93.92590770368398
335.0,587.0,363.0,587.0,335.0,587.0,784.0,166464.0,167248.0,28.0,408.0,408.95965571190516,0.06846641131692663,1.5022763112362012,93.92590770368398
335.0,587.0,363.0,587.0,335.0,587.0,784.0,166464.0,167248.0,28.0,408.0,408.95965571190516,0.06846641131692663,1.5022763112362012,93.92590770368398
335.0,590.0,363.0,590.0,335.0,590.0,784.0,164025.0,164809.0,28.0,405.0,405.96674740673035,0.06897116618260199,1.5017703603325223,93.9548965551056
335.0,590.0,363.0,590.0,335.0,590.0,784.0,164025.0,164809.0,28.0,405.0,405.96674740673035,0.06897116618260199,1.5017703603325223,93.9548965551056
336.0,589.0,363.0,589.0,336.0,589.0,729.0,164836.0,165565.0,27.0,406.0,406.8967928111501,0.06635589288739198,1.504391641847108,93.80470818740419
336.0,588.0,363.0,588.0,336.0,588.0,729.0,165649.0,166378.0,27.0,407.0,407.89459422747933,0.06619357153074289,1.5045543208679117,93.79538736609682
336.0,588.0,363.0,588.0,336.0,588.0,729.0,165649.0,166378.0,27.0,407.0,407.89459422747933,0.06619357153074289,1.5045543208679117,93.79538736609682
336.0,589.0,363.0,589.0,336.0,589.0,729.0,164836.0,165565.0,27.0,406.0,406.8967928111501,0.06635589288739198,1.504391641847108,93.80470818740419
335.0,588.0,363.0,588.0,335.0,588.0,784.0,165649.0,166433.0,28.0,407.0,407.962008035062,0.06863384199636932,1.5021084857762568,93.93552339423364
335.0,588.0,363.0,588.0,335.0,588.0,784.0,165649.0,166433.0,28.0,407.0,407.962008035062,0.06863384199636932,1.5021084857762568,93.93552339423364
335.0,587.0,362.0,587.0,335.0,587.0,729.0,166464.0,167193.0,27.0,408.0,408.8924063858364,0.06603204065013239,1.5047162059281038,93.78611203538159
335.0,587.0,363.0,587.0,335.0,587.0,784.0,166464.0,167248.0,28.0,408.0,408.95965571190516,0.06846641131692663,1.5022763112362012,93.92590770368398
335.0,587.0,363.0,587.0,335.0,587.0,784.0,166464.0,167248.0,28.0,408.0,408.95965571190516,0.06846641131692663,1.5022763112362012,93.92590770368398
335.0,587.0,362.0,587.0,335.0,587.0,729.0,166464.0,167193.0,27.0,408.0,408.8924063858364,0.06603204065013239,1.5047162059281038,93.78611203538159
335.0,588.0,363.0,588.0,335.0,588.0,784.0,165649.0,166433.0,28.0,407.0,407.962008035062,0.06863384199636932,1.5021084857762568,93.93552339423364
335.0,589.0,363.0,589.0,335.0,589.0,784.0,164836.0,165620.0,28.0,406.0,406.96437190496175,0.06880209161537815,1.501939837493852,93.94518622903756
336.0,584.0,363.0,584.0,336.0,584.0,729.0,169744.0,170473.0,27.0,412.0,412.88376088192183,0.06539370776493574,1.505355921522758,93.7494590317192
335.0,585.0,363.0,585.0,335.0,585.0,784.0,168921.0,169705.0,28.0,411.0,411.9526671839861,0.06796897369642385,1.5027749103686336,93.89734007772671
335.0,584.0,363.0,584.0,335.0,584.0,784.0,169744.0,170528.0,28.0,412.0,412.95036021294374,0.06780475983980594,1.5029395039385927,93.88790956083308
335.0,584.0,362.0,584.0,335.0,584.0,729.0,169744.0,170473.0,27.0,412.0,412.88376088192183,0.06539370776493574,1.505355921522758,93.7494590317192
335.0,584.0,362.0,584.0,335.0,584.0,729.0,169744.0,170473.0,27.0,412.0,412.88376088192183,0.06539370776493574,1.505355921522758,93.7494590317192
335.0,586.0,362.0,586.0,335.0,586.0,729.0,168100.0,168829.0,27.0,410.0,410.8880626155985,0.06571132738226938,1.5050376172699993,93.76769652200333
335.0,586.0,362.0,586.0,335.0,586.0,729.0,168100.0,168829.0,27.0,410.0,410.8880626155985,0.06571132738226938,1.5050376172699993,93.76769652200333
335.0,588.0,362.0,588.0,335.0,588.0,729.0,166464.0,167193.0,27.0,408.0,408.8924063858364,0.06603204065013239,1.5047162059281038,93.78611203538159
335.0,588.0,362.0,588.0,335.0,588.0,729.0,172225.0,172954.0,27.0,415.0,415.87738577614437,0.064922981925575,1.505827649818839,93.72243099127687
335.0,587.0,362.0,587.0,335.0,587.0,729.0,173056.0,173785.0,27.0,416.0,416.8752811093505,0.06476757251749267,1.5059833870024284,93.71350790794394
335.0,586.0,362.0,586.0,335.0,586.0,729.0,173889.0,174618.0,27.0,417.0,417.8731865051884,0.06461290379937971,1.5061383803709154,93.70462744207711
335.0,588.0,363.0,588.0,335.0,588.0,784.0,172225.0,173009.0,28.0,415.0,415.94350577933056,0.06731683416366349,1.5034285470052624,93.85988945711276
329.0,589.0,363.0,589.0,329.0,589.0,1156.0,165649.0,166805.0,34.0,407.0,408.4176783637065,0.08324811045451887,1.4874517602203599,94.77529191006806
330.0,590.0,364.0,590.0,330.0,590.0,1156.0,164836.0,165992.0,34.0,406.0,407.42115801710645,0.08345172883380896,1.4872474308442445,94.78699912095001
331.0,584.0,365.0,584.0,331.0,584.0,1156.0,169744.0,170900.0,34.0,412.0,413.40053217188773,0.08224469335192618,1.4884586302899645,94.71760250456168
331.0,590.0,365.0,590.0,331.0,590.0,1156.0,170569.0,171725.0,34.0,413.0,414.3971524998694,0.08204689582178226,1.4886570985791303,94.7062311092253
331.0,589.0,365.0,589.0,331.0,589.0,1156.0,170569.0,171725.0,34.0,413.0,414.3971524998694,0.08204689582178226,1.4886570985791303,94.7062311092253
331.0,589.0,365.0,589.0,331.0,589.0,1156.0,170569.0,171725.0,34.0,413.0,414.3971524998694,0.08204689582178226,1.4886570985791303,94.7062311092253
332.0,590.0,365.0,590.0,332.0,590.0,1089.0,169744.0,170833.0,33.0,412.0,413.3194890154588,0.07984138391007675,1.4908698718566418,94.57944853940455
332.0,589.0,372.0,589.0,332.0,589.0,1600.0,170569.0,172169.0,40.0,413.0,414.9325246350303,0.09640121616203387,1.4742451701994796,95.53197378002409
332.0,588.0,372.0,588.0,332.0,588.0,1600.0,171396.0,172996.0,40.0,414.0,415.9278783635451,0.09617051917120516,1.4744769440767307,95.51869411505622
332.0,588.0,372.0,588.0,332.0,588.0,1600.0,172225.0,173825.0,40.0,415.0,416.92325432865937,0.09594091858562563,1.4747076112775297,95.50547785797835
332.0,586.0,372.0,586.0,332.0,586.0,1600.0,173056.0,174656.0,40.0,416.0,417.91865237148727,0.0957124066442578,1.4749371796848834,95.49232455712743
331.0,586.0,372.0,586.0,331.0,586.0,1681.0,173056.0,174737.0,41.0,416.0,418.01554994999884,0.09808247565169344,1.4725559047060948,95.62876156327214
332.0,585.0,373.0,585.0,332.0,585.0,1681.0,173889.0,175570.0,41.0,417.0,419.0107397191628,0.09784952058145284,1.4727899857623779,95.61534970668315
332.0,586.0,373.0,586.0,332.0,586.0,1681.0,172225.0,173906.0,41.0,415.0,417.02038319487457,0.09831653715794657,1.4723207064268056,95.64223743202415
328.0,590.0,376.0,590.0,328.0,590.0,2304.0,168921.0,171225.0,48.0,411.0,413.7934267240116,0.11599990937510621,1.4545346807124102,96.66130163977014
328.0,589.0,376.0,589.0,328.0,589.0,2304.0,169744.0,172048.0,48.0,412.0,414.78669216839637,0.11572213117317855,1.4548143423145719,96.64527821027443
328.0,587.0,376.0,587.0,328.0,587.0,2304.0,170569.0,172873.0,48.0,413.0,415.7799898985039,0.11544567118710376,1.4550926677161755,96.62933133943125
329.0,588.0,378.0,588.0,329.0,588.0,2401.0,169744.0,172145.0,49.0,412.0,414.90360326225175,0.11809972151297067,1.4524203342440494,96.78244476883562
330.0,590.0,378.0,590.0,330.0,590.0,2304.0,168921.0,171225.0,48.0,411.0,413.7934267240116,0.11599990937510621,1.4545346807124102,96.66130163977014
330.0,589.0,378.0,589.0,330.0,589.0,2304.0,169744.0,172048.0,48.0,412.0,414.78669216839637,0.11572213117317855,1.4548143423145719,96.64527821027443
330.0,589.0,378.0,589.0,330.0,589.0,2304.0,168921.0,171225.0,48.0,411.0,413.7934267240116,0.11599990937510621,1.4545346807124102,96.66130163977014
330.0,589.0,378.0,589.0,330.0,589.0,2304.0,169744.0,172048.0,48.0,412.0,414.78669216839637,0.11572213117317855,1.4548143423145719,96.64527821027443
331.0,590.0,379.0,590.0,331.0,590.0,2304.0,168921.0,171225.0,48.0,411.0,413.7934267240116,0.11599990937510621,1.4545346807124102,96.66130163977014
324.0,588.0,379.0,588.0,324.0,588.0,3025.0,170569.0,173594.0,55.0,413.0,416.64613282736707,0.13200650544088613,1.4384033987792084,97.58555601267825
331.0,588.0,379.0,588.0,331.0,588.0,2304.0,170569.0,172873.0,48.0,413.0,415.7799898985039,0.11544567118710376,1.4550926677161755,96.62933133943125
325.0,589.0,380.0,589.0,325.0,589.0,3025.0,169744.0,172769.0,55.0,412.0,415.6549049391815,0.13232130632031777,1.4380858119876383,97.60375239546431
325.0,588.0,380.0,588.0,325.0,588.0,3025.0,170569.0,173594.0,55.0,413.0,416.64613282736707,0.13200650544088613,1.4384033987792084,97.58555601267825
325.0,588.0,380.0,588.0,325.0,588.0,3025.0,170569.0,173594.0,55.0,413.0,416.64613282736707,0.13200650544088613,1.4384033987792084,97.58555601267825
325.0,588.0,380.0,588.0,325.0,588.0,3025.0,170569.0,173594.0,55.0,413.0,416.64613282736707,0.13200650544088613,1.4384033987792084,97.58555601267825
325.0,588.0,380.0,588.0,325.0,588.0,3025.0,171396.0,174421.0,55.0,414.0,417.6374025395714,0.1316931856810615,1.4387194780068737,97.56744600694127
325.0,588.0,380.0,588.0,325.0,588.0,3025.0,171396.0,174421.0,55.0,414.0,417.6374025395714,0.1316931856810615,1.4387194780068737,97.56744600694127
325.0,588.0,380.0,588.0,325.0,588.0,3025.0,170569.0,173594.0,55.0,413.0,416.64613282736707,0.13200650544088613,1.4384033987792084,97.58555601267825
325.0,590.0,380.0,590.0,325.0,590.0,3025.0,169744.0,172769.0,55.0,412.0,415.6549049391815,0.13232130632031777,1.4380858119876383,97.60375239546431
325.0,589.0,380.0,589.0,325.0,589.0,3025.0,170569.0,173594.0,55.0,413.0,416.64613282736707,0.13200650544088613,1.4384033987792084,97.58555601267825
325.0,589.0,380.0,589.0,325.0,589.0,3025.0,170569.0,173594.0,55.0,413.0,416.64613282736707,0.13200650544088613,1.4384033987792084,97.58555601267825
326.0,589.0,381.0,589.0,326.0,589.0,3025.0,164836.0,167861.0,55.0,406.0,409.708432912968,0.13424180607891792,1.4361480233774622,97.71477950441593
326.0,590.0,381.0,590.0,326.0,590.0,3025.0,164025.0,167050.0,55.0,405.0,408.71750635371615,0.13456727237027472,1.4358195769409732,97.73359809902286
326.0,589.0,381.0,589.0,326.0,589.0,3025.0,164836.0,167861.0,55.0,406.0,409.708432912968,0.13424180607891792,1.4361480233774622,97.71477950441593
326.0,590.0,381.0,590.0,326.0,590.0,3025.0,164836.0,167861.0,55.0,406.0,409.708432912968,0.13424180607891792,1.4361480233774622,97.71477950441593
326.0,590.0,381.0,590.0,326.0,590.0,3025.0,164025.0,167050.0,55.0,405.0,408.71750635371615,0.13456727237027472,1.4358195769409732,97.73359809902286
326.0,589.0,381.0,589.0,326.0,589.0,3025.0,164836.0,167861.0,55.0,406.0,409.708432912968,0.13424180607891792,1.4361480233774622,97.71477950441593
326.0,590.0,381.0,590.0,326.0,590.0,3025.0,164025.0,167050.0,55.0,405.0,408.71750635371615,0.13456727237027472,1.4358195769409732,97.73359809902286
326.0,590.0,381.0,590.0,326.0,590.0,3025.0,164025.0,167050.0,55.0,405.0,408.71750635371615,0.13456727237027472,1.4358195769409732,97.73359809902286
326.0,590.0,381.0,590.0,326.0,590.0,3025.0,164836.0,167861.0,55.0,406.0,409.708432912968,0.13424180607891792,1.4361480233774622,97.71477950441593
326.0,591.0,381.0,591.0,326.0,591.0,3025.0,164025.0,167050.0,55.0,405.0,408.71750635371615,0.13456727237027472,1.4358195769409732,97.73359809902286
326.0,591.0,381.0,591.0,326.0,591.0,3025.0,164025.0,167050.0,55.0,405.0,408.71750635371615,0.13456727237027472,1.4358195769409732,97.73359809902286
326.0,591.0,381.0,591.0,326.0,591.0,3025.0,164025.0,167050.0,55.0,405.0,408.71750635371615,0.13456727237027472,1.4358195769409732,97.73359809902286
326.0,591.0,381.0,591.0,326.0,591.0,3025.0,164025.0,167050.0,55.0,405.0,408.71750635371615,0.13456727237027472,1.4358195769409732,97.73359809902286
319.0,592.0,381.0,592.0,319.0,592.0,3844.0,163216.0,167060.0,62.0,404.0,408.72973955903916,0.15168947595271418,1.4185190221919923,98.72484686937447
320.0,592.0,388.0,592.0,320.0,592.0,4624.0,162409.0,167033.0,68.0,403.0,408.6967090643134,0.16638254845673195,1.4036363890190264,99.57755893822682
319.0,592.0,388.0,592.0,319.0,592.0,4761.0,163216.0,167977.0,69.0,404.0,409.84997255093236,0.16835428722988463,1.4016364394455492,99.69214760802605
319.0,592.0,387.0,592.0,319.0,592.0,4624.0,162409.0,167033.0,68.0,403.0,408.6967090643134,0.16638254845673195,1.4036363890190264,99.57755893822682
318.0,592.0,387.0,592.0,318.0,592.0,4761.0,163216.0,167977.0,69.0,404.0,409.84997255093236,0.16835428722988463,1.4016364394455492,99.69214760802605
319.0,594.0,387.0,594.0,319.0,594.0,4624.0,161604.0,166228.0,68.0,402.0,407.7106817339963,0.16678493609928377,1.403228299261929,99.60094075897102
319.0,595.0,387.0,595.0,319.0,595.0,4624.0,156025.0,160649.0,68.0,395.0,400.81042900603273,0.1696562641062828,1.4003154603755958,99.76783413355949
318.0,595.0,393.0,595.0,318.0,595.0,5625.0,160801.0,166426.0,75.0,401.0,407.9534287146022,0.1838445144003651,1.3859001159643776,100.5937725285498
319.0,595.0,394.0,595.0,319.0,595.0,5625.0,155236.0,160861.0,75.0,394.0,401.07480599010455,0.18699753482359205,1.3826914531667605,100.7776153647339
319.0,595.0,393.0,595.0,319.0,595.0,5476.0,155236.0,160712.0,74.0,394.0,400.88901207192,0.18458974372369255,1.3851419103668718,100.63721450929008
319.0,595.0,394.0,595.0,319.0,595.0,5625.0,155236.0,160861.0,75.0,394.0,401.07480599010455,0.18699753482359205,1.3826914531667605,100.7776153647339
320.0,597.0,394.0,597.0,320.0,597.0,5476.0,154449.0,159925.0,74.0,393.0,399.9062390110962,0.18504337462448722,1.3846803277950799,100.66366124255055
320.0,591.0,394.0,591.0,320.0,591.0,5476.0,158404.0,163880.0,74.0,398.0,404.82094807457776,0.18279686451988503,1.3869658263173337,100.53271182314202
318.0,597.0,393.0,597.0,318.0,597.0,5625.0,153664.0,159289.0,75.0,392.0,399.1102604544263,0.18791799517908941,1.3817543809803532,100.83130564611413
318.0,593.0,392.0,593.0,318.0,593.0,5476.0,157609.0,163085.0,74.0,397.0,403.83783874223576,0.18324186814805435,1.3865131771269272,100.55864671135232
318.0,593.0,392.0,593.0,318.0,593.0,5476.0,157609.0,163085.0,74.0,397.0,403.83783874223576,0.18324186814805435,1.3865131771269272,100.55864671135232
318.0,593.0,392.0,593.0,318.0,593.0,5476.0,156816.0,162292.0,74.0,396.0,402.85481255658345,0.18368900579934425,1.3860583187790678,100.58470817496095
318.0,595.0,398.0,595.0,318.0,595.0,6400.0,156025.0,162425.0,80.0,395.0,403.01985062773275,0.19850138864225714,1.3709676817219065,101.44933798850002
318.0,597.0,398.0,597.0,318.0,597.0,6400.0,154449.0,160849.0,80.0,393.0,401.05984590831326,0.1994714774270593,1.3699777974286518,101.50605418070981
319.0,597.0,406.0,597.0,319.0,597.0,7569.0,154449.0,162018.0,87.0,393.0,402.51459600864166,0.21614123031238397,1.352935788182199,102.48248938495448
313.0,596.0,406.0,596.0,313.0,596.0,8649.0,154449.0,163098.0,93.0,393.0,403.8539339909914,0.23028127788913533,1.3384296075480888,103.3136323121434
313.0,597.0,407.0,597.0,313.0,597.0,8836.0,148996.0,157832.0,94.0,386.0,397.28075714788906,0.2366084898620151,1.3319225939279713,103.68645672981027
313.0,598.0,412.0,598.0,313.0,598.0,9801.0,148996.0,158797.0,99.0,386.0,398.4934127435484,0.24843572524425075,1.3197313115555827,104.38496575660038
306.0,597.0,411.0,597.0,306.0,597.0,11025.0,150544.0,161569.0,105.0,388.0,401.9564653043909,0.2612223189904068,1.3065080543035263,105.14260258855897
310.0,600.0,415.0,600.0,310.0,600.0,11025.0,145924.0,156949.0,105.0,382.0,396.16789370164764,0.2650391454464381,1.302551807400406,105.36927883881945
310.0,597.0,416.0,597.0,310.0,597.0,11236.0,141376.0,152612.0,106.0,376.0,390.6558587811016,0.27133856466592915,1.296012827701423,105.74393477789292
305.0,600.0,423.0,600.0,305.0,600.0,13924.0,140625.0,154549.0,118.0,375.0,393.1272058761642,0.30015729828978105,1.2659387750911062,107.46705106531847
305.0,607.0,423.0,607.0,305.0,607.0,13924.0,135424.0,149348.0,118.0,368.0,386.45568956867487,0.3053390160504569,1.260501899671575,107.77856108059602
307.0,606.0,431.0,606.0,307.0,606.0,15376.0,137641.0,153017.0,124.0,371.0,391.1738743832466,0.31699458506912687,1.24823736513701,108.48126714711904
301.0,613.0,431.0,613.0,301.0,613.0,16900.0,128164.0,145064.0,130.0,358.0,380.87268213932066,0.3413214076415354,1.222473954854287,109.95740182218303
304.0,614.0,434.0,614.0,304.0,614.0,16900.0,128881.0,145781.0,130.0,359.0,381.812781347089,0.3404810062705124,1.223367904637472,109.9061822725099
298.0,618.0,434.0,618.0,298.0,618.0,18496.0,127449.0,145945.0,136.0,357.0,382.0274859221519,0.3559953275919879,1.2068173702852525,110.85445803957835
300.0,625.0,441.0,625.0,300.0,625.0,19881.0,128164.0,148045.0,141.0,358.0,384.76616275343133,0.3664563406277403,1.1955987801167227,111.49723590832207
294.0,627.0,440.0,627.0,294.0,627.0,21316.0,122500.0,143816.0,146.0,350.0,379.23080043688435,0.38498982633215434,1.1755995276042055,112.6431086707057
296.0,629.0,448.0,629.0,296.0,629.0,23104.0,126736.0,149840.0,152.0,356.0,387.09172039711723,0.39267179324854395,1.1672613917802583,113.12084866242472
290.0,637.0,449.0,637.0,290.0,637.0,25281.0,116964.0,142245.0,159.0,342.0,377.1538147758816,0.4215786604053933,1.135610780591038,114.93429510257658
292.0,645.0,452.0,645.0,292.0,645.0,25600.0,114244.0,139844.0,160.0,338.0,373.9572168042756,0.42785643065618906,1.128676492009052,115.33160057225014
288.0,644.0,457.0,644.0,288.0,644.0,28561.0,119025.0,147586.0,169.0,345.0,384.16923354167756,0.43991029276857907,1.1152975478965033,116.09815760424058
289.0,654.0,464.0,654.0,289.0,654.0,30625.0,108900.0,139525.0,175.0,330.0,373.5304539123952,0.46850262988474584,1.083201200871883,117.9371428265386
284.0,658.0,470.0,658.0,284.0,658.0,34596.0,111556.0,146152.0,186.0,334.0,382.2983128395939,0.4865310511533504,1.0626815625898172,119.11283149723604
286.0,669.0,470.0,669.0,286.0,669.0,33856.0,105625.0,139481.0,184.0,325.0,373.47155179477863,0.49267474086247776,1.055635578362844,119.51653665595737
286.0,673.0,474.0,673.0,286.0,673.0,35344.0,104329.0,139673.0,188.0,323.0,373.72851108792867,0.503038955879308,1.0436848981016498,120.20126019723409
282.0,677.0,475.0,677.0,282.0,677.0,37249.0,102400.0,139649.0,193.0,320.0,373.6964008389698,0.5164620252341311,1.0280821999871492,121.09522894821168
284.0,684.0,474.0,684.0,284.0,684.0,36100.0,99225.0,135325.0,190.0,315.0,367.8654645383282,0.5164931702367068,1.0280458284151859,121.09731288577944
282.0,692.0,475.0,692.0,282.0,692.0,37249.0,96100.0,133349.0,193.0,310.0,365.1698235068172,0.5285212182829696,1.0139386642621584,121.90559385264618
285.0,695.0,477.0,695.0,285.0,695.0,36864.0,98596.0,135460.0,192.0,314.0,368.0489097932502,0.5216697968426401,1.0219893251743837,121.44432496008471
285.0,702.0,476.0,702.0,285.0,702.0,36481.0,98596.0,135077.0,191.0,314.0,367.52823020823854,0.5196879703411652,1.0243106386853682,121.3113234929786
281.0,709.0,484.0,709.0,281.0,709.0,41209.0,94249.0,135458.0,203.0,307.0,368.0461927530293,0.5515612007328098,0.9865616029296567,123.47418392246932
287.0,713.0,490.0,713.0,287.0,713.0,41209.0,94864.0,136073.0,203.0,308.0,368.8807395351511,0.5503133621338229,0.9880568325449244,123.3885135761115
286.0,719.0,490.0,719.0,286.0,719.0,41616.0,93636.0,135252.0,204.0,306.0,367.7662300973269,0.554700196225229,0.9827937232473292,123.69006752597977
283.0,732.0,498.0,732.0,283.0,732.0,46225.0,86436.0,132661.0,215.0,294.0,364.22657783308455,0.5902919036801559,0.9393759042954383,126.17772530758626
286.0,734.0,497.0,734.0,286.0,734.0,44521.0,87025.0,131546.0,211.0,295.0,362.6927073984256,0.5817596982125478,0.9499058152588515,125.57440585073414
286.0,746.0,502.0,746.0,286.0,746.0,46656.0,82369.0,129025.0,216.0,287.0,359.2005011132362,0.6013354639834064,0.9256248409359998,126.96560320189906
287.0,755.0,507.0,755.0,287.0,755.0,48400.0,81796.0,130196.0,220.0,286.0,360.82682827084795,0.6097107608496923,0.9151007005533605,127.56859202882748
288.0,759.0,508.0,759.0,288.0,759.0,48400.0,81796.0,130196.0,220.0,286.0,360.82682827084795,0.6097107608496923,0.9151007005533605,127.56859202882748
293.0,763.0,511.0,763.0,293.0,763.0,47524.0,78400.0,125924.0,218.0,280.0,354.8577179659476,0.6143307273957035,0.9092588426112633,127.90330583342464
290.0,769.0,512.0,769.0,290.0,769.0,49284.0,77841.0,127125.0,222.0,279.0,356.5459297201414,0.6226406796292734,0.8986834994141029,128.5092283655243
294.0,778.0,517.0,778.0,294.0,778.0,49729.0,76729.0,126458.0,223.0,277.0,355.60933621039817,0.6270926471628429,0.8929811737904109,128.83594755717118
297.0,788.0,518.0,788.0,297.0,788.0,48841.0,72361.0,121202.0,221.0,269.0,348.1407761236825,0.6348006759239436,0.8830458000468604,129.4052025405617
296.0,792.0,521.0,792.0,296.0,792.0,50625.0,71824.0,122449.0,225.0,268.0,349.92713527247355,0.6429910038980028,0.8723990841242913,130.01521442859965
299.0,801.0,528.0,801.0,299.0,801.0,52441.0,70756.0,123197.0,229.0,266.0,350.9943019480516,0.6524322438541832,0.8600068936407399,130.72523464222934
302.0,806.0,524.0,806.0,302.0,806.0,49284.0,69696.0,118980.0,222.0,264.0,344.93477644331546,0.6435999358750716,0.8716037370732272,130.0607844578738
302.0,814.0,528.0,814.0,302.0,814.0,51076.0,71824.0,122900.0,226.0,268.0,350.5709628591621,0.6446626330851963,0.8702144355953476,130.1403855690276
301.0,822.0,530.0,822.0,301.0,822.0,52441.0,70225.0,122666.0,229.0,265.0,350.2370625733376,0.6538428523738795,0.8581440621733925,130.8319670232525
303.0,831.0,536.0,831.0,303.0,831.0,54289.0,69696.0,123985.0,233.0,264.0,352.115038020247,0.6617155612269029,0.8476917072034057,131.43084284900533
305.0,837.0,535.0,837.0,305.0,837.0,52900.0,70756.0,123656.0,230.0,266.0,351.64755082326394,0.6540639895302347,0.8578517594860369,130.8487147335783
304.0,843.0,542.0,843.0,304.0,843.0,56644.0,71824.0,128468.0,238.0,268.0,358.4243295313531,0.6640174240158019,0.8446173781096598,131.60698893091126
307.0,849.0,536.0,849.0,307.0,849.0,52441.0,72361.0,124802.0,229.0,269.0,353.2732653343584,0.6482234079707703,0.8655473829376282,130.40778798908022
307.0,857.0,540.0,857.0,307.0,857.0,54289.0,71289.0,125578.0,233.0,267.0,354.36986327846785,0.6575051214693897,0.8532936425605093,131.10987559593818
315.0,866.0,545.0,866.0,315.0,866.0,52900.0,70225.0,123125.0,230.0,265.0,350.891721190455,0.6554728598887687,0.8559877532163219,130.9555144258189
317.0,871.0,547.0,871.0,317.0,871.0,52900.0,70225.0,123125.0,230.0,265.0,350.891721190455,0.6554728598887687,0.8559877532163219,130.9555144258189
317.0,875.0,550.0,875.0,317.0,875.0,54289.0,73984.0,128273.0,233.0,272.0,358.1522022827725,0.6505614052207869,0.8624729014175074,130.58394280437412
321.0,877.0,556.0,877.0,321.0,877.0,55225.0,76729.0,131954.0,235.0,277.0,363.2547315589984,0.6469289443015341,0.8672461532005248,130.31045562265393
328.0,884.0,556.0,884.0,328.0,884.0,51984.0,76729.0,128713.0,228.0,277.0,358.7659404124087,0.6355118318587025,0.8821250710895002,129.45795642389393
335.0,887.0,562.0,887.0,335.0,887.0,51529.0,77841.0,129370.0,227.0,279.0,359.6804137008297,0.6311158221387365,0.8878054631889039,129.13249393061864
337.0,892.0,565.0,892.0,337.0,892.0,51984.0,81225.0,133209.0,228.0,285.0,364.97808153367237,0.6246950475544243,0.8960553845713439,128.65980825409008
343.0,893.0,566.0,893.0,343.0,893.0,49729.0,81225.0,130954.0,223.0,285.0,361.8756692567214,0.6162337480661062,0.9068447802987083,128.04162141541562
349.0,899.0,567.0,899.0,349.0,899.0,47524.0,80656.0,128180.0,218.0,284.0,358.0223456713282,0.6089005410855792,0.9161224985628729,127.51004731536756
351.0,899.0,569.0,899.0,351.0,899.0,47524.0,83521.0,131045.0,218.0,289.0,362.0013812128346,0.6022076470250521,0.9245327940890796,127.02817287725816
360.0,903.0,574.0,903.0,360.0,903.0,45796.0,89401.0,135197.0,214.0,299.0,367.69144673217517,0.5820097309902252,0.9495983744508955,125.5920209114801
370.0,903.0,575.0,903.0,370.0,903.0,42025.0,92416.0,134441.0,205.0,304.0,366.6619696668854,0.5590980711368668,0.9774987651677612,123.99344627663771
377.0,903.0,581.0,903.0,377.0,903.0,41616.0,95481.0,137097.0,204.0,309.0,370.26612051334104,0.5509550798684258,0.9872880750087898,123.4325601384009
386.0,900.0,582.0,900.0,386.0,900.0,38416.0,99856.0,138272.0,196.0,316.0,371.8494318941472,0.5270950637240572,1.015617750674292,121.80938928779315
396.0,900.0,588.0,900.0,396.0,900.0,36864.0,99856.0,136720.0,192.0,316.0,369.7566767483719,0.5192604003487962,1.0248110212891581,121.28265368163969
407.0,900.0,594.0,900.0,407.0,900.0,34969.0,99856.0,134825.0,187.0,316.0,367.18523935474315,0.5092797312022026,1.03644868091049,120.61586490192755
418.0,900.0,604.0,900.0,418.0,900.0,34596.0,102400.0,136996.0,186.0,320.0,370.1297069947237,0.5025265372785965,1.0442776919712562,120.1672956103844
423.0,900.0,605.0,900.0,423.0,900.0,33124.0,103041.0,136165.0,182.0,321.0,369.00542001439493,0.4932176876775961,1.0550115444267372,119.55229116676921
433.0,898.0,606.0,898.0,433.0,898.0,29929.0,106929.0,136858.0,173.0,327.0,369.94323888942745,0.46763930736873954,1.0841781517496953,117.88116766444836
444.0,897.0,613.0,897.0,444.0,897.0,28561.0,111556.0,140117.0,169.0,334.0,374.32205385202724,0.45148288288353744,1.10236978165433,116.8388640484488
454.0,897.0,614.0,897.0,454.0,897.0,25600.0,110889.0,136489.0,160.0,333.0,369.44417710934357,0.4330830201517702,1.1228859172993424,115.66337606407168
461.0,896.0,616.0,896.0,461.0,896.0,24025.0,111556.0,135581.0,155.0,334.0,368.2132534279558,0.42095171359801997,1.136302059563252,114.89468773500258
471.0,892.0,616.0,892.0,471.0,892.0,21025.0,114244.0,135269.0,145.0,338.0,367.78934187928826,0.39424742233990645,1.1655475251733214,113.21904598565061
485.0,892.0,617.0,892.0,485.0,892.0,17424.0,114244.0,131668.0,132.0,338.0,362.86085487415147,0.36377580614415034,1.1984780983114567,111.33226312788858
494.0,889.0,622.0,889.0,494.0,889.0,16384.0,119025.0,135409.0,128.0,345.0,367.97961900083544,0.3478453517277798,1.215524369983711,110.355583704635
504.0,887.0,623.0,887.0,504.0,887.0,14161.0,120409.0,134570.0,119.0,347.0,366.8378388334551,0.3243940166543892,1.2404252962861182,108.92886572154076
509.0,887.0,623.0,887.0,509.0,887.0,12996.0,120409.0,133405.0,114.0,347.0,365.24649211183396,0.3121179873374242,1.253374749685314,108.1869166947655
516.0,889.0,626.0,889.0,516.0,889.0,12100.0,121801.0,133901.0,110.0,349.0,365.92485567394846,0.30060816666144635,1.2654660769232615,107.49413467531953
522.0,888.0,622.0,888.0,522.0,888.0,10000.0,122500.0,132500.0,100.0,350.0,364.0054944640259,0.27472112789737807,1.2924966677897853,105.94539590092285
528.0,883.0,628.0,883.0,528.0,883.0,10000.0,129600.0,139600.0,100.0,360.0,373.6308338453881,0.2676438637860946,1.299849476456476,105.52411099675426
534.0,891.0,624.0,891.0,534.0,891.0,8100.0,123201.0,131301.0,90.0,351.0,362.3547985055531,0.24837535026770383,1.319793640151862,104.3813945910906
540.0,892.0,630.0,892.0,540.0,892.0,8100.0,126025.0,134125.0,90.0,355.0,366.23080154459973,0.2457466701883614,1.3225064174918286,104.22596389875179
548.0,892.0,628.0,892.0,548.0,892.0,6400.0,125316.0,131716.0,80.0,354.0,362.92698990292797,0.2204300099626032,1.3485410245096734,102.7342907953476
555.0,890.0,630.0,890.0,555.0,890.0,5625.0,126736.0,132361.0,75.0,356.0,363.8145131794497,0.20614900528447752,1.3631585375067325,101.89676899363849
558.0,890.0,634.0,890.0,558.0,890.0,5776.0,127449.0,133225.0,76.0,357.0,365.0,0.20821917808219179,1.3610424493344289,102.01801191498905
565.0,890.0,630.0,890.0,565.0,890.0,4225.0,127449.0,131674.0,65.0,357.0,362.86912241192414,0.1791279444444239,1.3906963394550316,100.31896916493382
570.0,887.0,632.0,887.0,570.0,887.0,3844.0,131769.0,135613.0,62.0,363.0,368.25670394440886,0.16836081824421958,1.4016298138575283,99.69252722625644
576.0,886.0,632.0,886.0,576.0,886.0,3136.0,131769.0,134905.0,56.0,363.0,367.29416004069543,0.15246635011511023,1.4177330054611632,98.76988231067766
581.0,884.0,633.0,884.0,581.0,884.0,2704.0,132496.0,135200.0,52.0,364.0,367.6955262170047,0.1414213562373095,1.4288992721907328,98.13010235415597
587.0,884.0,633.0,884.0,587.0,884.0,2116.0,132496.0,134612.0,46.0,364.0,366.8950803703969,0.12537644264284206,1.4450890680284456,97.20249538147655
591.0,883.0,632.0,883.0,591.0,883.0,1681.0,132496.0,134177.0,41.0,364.0,366.3017881474236,0.11192956552944518,1.4586317205703578,96.42655854741287
591.0,882.0,632.0,882.0,591.0,882.0,1681.0,133225.0,134906.0,41.0,365.0,367.2955213448702,0.11162673546869432,1.458936460380013,96.40909824247001
597.0,880.0,633.0,880.0,597.0,880.0,1296.0,134689.0,135985.0,36.0,367.0,368.76144050049487,0.09762408984827602,1.4730165009835627,95.60237134051378
604.0,880.0,635.0,880.0,604.0,880.0,961.0,138384.0,139345.0,31.0,372.0,373.2894319425612,0.08304547985373996,1.4876550949064553,94.76364169072617
611.0,880.0,637.0,880.0,611.0,880.0,676.0,138384.0,139060.0,26.0,372.0,372.90749523172633,0.06972238512890036,1.501017328530452,93.99804209920337
612.0,877.0,633.0,877.0,612.0,877.0,441.0,140625.0,141066.0,21.0,375.0,375.5875397294218,0.05591239798617568,1.5148547555613356,93.2052159310135
617.0,878.0,633.0,878.0,617.0,878.0,256.0,139876.0,140132.0,16.0,374.0,374.34208953843273,0.04274165381650818,1.5280416485106485,92.44966262012704
624.0,878.0,634.0,878.0,624.0,878.0,100.0,139876.0,139976.0,10.0,374.0,374.13366595376044,0.02672841529646228,1.5440647279751039,91.53160779201102
629.0,878.0,634.0,878.0,629.0,878.0,25.0,139876.0,139901.0,5.0,374.0,374.03342096662965,0.013367789399883836,1.5574281392305824,90.76594072717447
629.0,877.0,639.0,877.0,629.0,877.0,100.0,140625.0,140725.0,10.0,375.0,375.13330963805384,0.02665719023898056,1.5441359784202986,91.52752544221293
629.0,877.0,640.0,877.0,629.0,877.0,121.0,140625.0,140746.0,11.0,375.0,375.16129864366343,0.029320721619657375,1.5414714023553264,91.6801944049274
635.0,876.0,640.0,876.0,635.0,876.0,25.0,141376.0,141401.0,5.0,376.0,376.03324321128844,0.01329669674228925,1.5574992382073485,90.76186705587808
634.0,878.0,640.0,878.0,634.0,878.0,36.0,139876.0,139912.0,6.0,374.0,374.0481252459368,0.016040716675307484,1.5547549221482528,90.91910478371423
639.0,873.0,639.0,873.0,639.0,873.0,0.0,143641.0,143641.0,0.0,379.0,379.0,nan,nan,nan
640.0,874.0,640.0,874.0,640.0,874.0,0.0,142884.0,142884.0,0.0,378.0,378.0,nan,nan,nan
640.0,880.0,640.0,880.0,640.0,880.0,0.0,139129.0,139129.0,0.0,373.0,373.0,nan,nan,nan
641.0,879.0,641.0,879.0,641.0,879.0,0.0,139876.0,139876.0,0.0,374.0,374.0,nan,nan,nan
641.0,879.0,641.0,879.0,641.0,879.0,0.0,139876.0,139876.0,0.0,374.0,374.0,nan,nan,nan
641.0,880.0,641.0,880.0,641.0,880.0,0.0,139129.0,139129.0,0.0,373.0,373.0,nan,nan,nan
642.0,880.0,642.0,880.0,642.0,880.0,0.0,138384.0,138384.0,0.0,372.0,372.0,nan,nan,nan
643.0,880.0,643.0,880.0,643.0,880.0,0.0,139129.0,139129.0,0.0,373.0,373.0,nan,nan,nan
643.0,880.0,643.0,880.0,643.0,880.0,0.0,139129.0,139129.0,0.0,373.0,373.0,nan,nan,nan
643.0,880.0,643.0,880.0,643.0,880.0,0.0,138384.0,138384.0,0.0,372.0,372.0,nan,nan,nan
643.0,880.0,643.0,880.0,643.0,880.0,0.0,138384.0,138384.0,0.0,372.0,372.0,nan,nan,nan
644.0,880.0,639.0,880.0,644.0,880.0,25.0,139129.0,139154.0,5.0,373.0,373.0335105590381,0.013403621547315855,1.5573923038725668,89.2320060580539
644.0,881.0,639.0,881.0,644.0,881.0,25.0,138384.0,138409.0,5.0,372.0,372.0336006330611,0.013439646288646733,1.5573562758860424,89.22994180648169
644.0,881.0,639.0,881.0,644.0,881.0,25.0,138384.0,138409.0,5.0,372.0,372.0336006330611,0.013439646288646733,1.5573562758860424,89.22994180648169
643.0,881.0,643.0,881.0,643.0,881.0,0.0,138384.0,138384.0,0.0,372.0,372.0,nan,nan,nan
638.0,885.0,643.0,885.0,638.0,885.0,25.0,135424.0,135449.0,5.0,368.0,368.03396582380816,0.013585702582662411,1.557210206255688,90.77842736685265
639.0,885.0,639.0,885.0,639.0,885.0,0.0,135424.0,135424.0,0.0,368.0,368.0,nan,nan,nan
639.0,886.0,639.0,886.0,639.0,886.0,0.0,134689.0,134689.0,0.0,367.0,367.0,nan,nan,nan
560.0,932.0,565.0,932.0,560.0,932.0,25.0,99856.0,99881.0,5.0,316.0,316.0395544864598,0.015820804481656164,1.554974862253323,90.90650314394804
560.0,932.0,560.0,932.0,560.0,932.0,0.0,99856.0,99856.0,0.0,316.0,316.0,nan,nan,nan
560.0,932.0,560.0,932.0,560.0,932.0,0.0,99856.0,99856.0,0.0,316.0,316.0,nan,nan,nan
560.0,927.0,560.0,927.0,560.0,927.0,0.0,103684.0,103684.0,0.0,322.0,322.0,nan,nan,nan
560.0,927.0,560.0,927.0,560.0,927.0,0.0,103684.0,103684.0,0.0,322.0,322.0,nan,nan,nan
560.0,927.0,560.0,927.0,560.0,927.0,0.0,103684.0,103684.0,0.0,322.0,322.0,nan,nan,nan
560.0,927.0,560.0,927.0,560.0,927.0,0.0,103684.0,103684.0,0.0,322.0,322.0,nan,nan,nan
560.0,927.0,560.0,927.0,560.0,927.0,0.0,103684.0,103684.0,0.0,322.0,322.0,nan,nan,nan
560.0,927.0,560.0,927.0,560.0,927.0,0.0,103041.0,103041.0,0.0,321.0,321.0,nan,nan,nan
560.0,927.0,560.0,927.0,560.0,927.0,0.0,103041.0,103041.0,0.0,321.0,321.0,nan,nan,nan
560.0,927.0,560.0,927.0,560.0,927.0,0.0,103041.0,103041.0,0.0,321.0,321.0,nan,nan,nan
560.0,927.0,560.0,927.0,560.0,927.0,0.0,103041.0,103041.0,0.0,321.0,321.0,nan,nan,nan
560.0,927.0,560.0,927.0,560.0,927.0,0.0,103041.0,103041.0,0.0,321.0,321.0,nan,nan,nan
560.0,927.0,560.0,927.0,560.0,927.0,0.0,103041.0,103041.0,0.0,321.0,321.0,nan,nan,nan
560.0,927.0,560.0,927.0,560.0,927.0,0.0,103041.0,103041.0,0.0,321.0,321.0,nan,nan,nan
560.0,928.0,560.0,928.0,560.0,928.0,0.0,102400.0,102400.0,0.0,320.0,320.0,nan,nan,nan
560.0,928.0,560.0,928.0,560.0,928.0,0.0,102400.0,102400.0,0.0,320.0,320.0,nan,nan,nan
560.0,928.0,560.0,928.0,560.0,928.0,0.0,102400.0,102400.0,0.0,320.0,320.0,nan,nan,nan
560.0,928.0,560.0,928.0,560.0,928.0,0.0,102400.0,102400.0,0.0,320.0,320.0,nan,nan,nan
559.0,929.0,559.0,929.0,559.0,929.0,0.0,101761.0,101761.0,0.0,319.0,319.0,nan,nan,nan
554.0,929.0,559.0,929.0,554.0,929.0,25.0,101761.0,101786.0,5.0,319.0,319.03918254659567,0.015672056203534655,1.5551236289760848,90.89797943860181
555.0,929.0,560.0,929.0,555.0,929.0,25.0,101761.0,101786.0,5.0,319.0,319.03918254659567,0.015672056203534655,1.5551236289760848,90.89797943860181
555.0,928.0,565.0,928.0,555.0,928.0,100.0,103041.0,103141.0,10.0,321.0,321.155725466634,0.031137542341710282,1.5396537507072512,91.78433817298712
555.0,929.0,565.0,929.0,555.0,929.0,100.0,101761.0,101861.0,10.0,319.0,319.15670132397344,0.03133257098634153,1.5394586268548605,91.79551794621145
555.0,929.0,565.0,929.0,555.0,929.0,100.0,102400.0,102500.0,10.0,320.0,320.1562118716424,0.031234752377721213,1.5395564933646284,91.78991060824606
554.0,929.0,564.0,929.0,554.0,929.0,100.0,102400.0,102500.0,10.0,320.0,320.1562118716424,0.031234752377721213,1.5395564933646284,91.78991060824606
550.0,929.0,565.0,929.0,550.0,929.0,225.0,102400.0,102625.0,15.0,320.0,320.3513695928269,0.046823586298586156,1.523955613878927,92.68377515946898
549.0,929.0,564.0,929.0,549.0,929.0,225.0,102400.0,102625.0,15.0,320.0,320.3513695928269,0.046823586298586156,1.523955613878927,92.68377515946898
544.0,930.0,564.0,930.0,544.0,930.0,400.0,101761.0,102161.0,20.0,319.0,319.62634434601915,0.0625730649359382,1.5081823567701913,93.58751622097427
543.0,925.0,563.0,925.0,543.0,925.0,400.0,104976.0,105376.0,20.0,324.0,324.6166970443757,0.061611125312096816,1.5091461561556376,93.53229458389089
538.0,926.0,563.0,926.0,538.0,926.0,625.0,103684.0,104309.0,25.0,322.0,322.96903876377996,0.0774068006508978,1.4933120157928796,94.43952399889466
538.0,931.0,563.0,931.0,538.0,931.0,625.0,100489.0,101114.0,25.0,317.0,317.9842763408279,0.078620239615886,1.4920948672493408,94.50926147347992
533.0,930.0,563.0,930.0,533.0,930.0,900.0,101761.0,102661.0,30.0,319.0,320.4075529696515,0.09363075159105738,1.4770282269418875,95.37251637453869
532.0,926.0,562.0,926.0,532.0,926.0,900.0,101124.0,102024.0,30.0,318.0,319.41195970094793,0.09392259459566807,1.4767350921669102,95.38931175997341
528.0,925.0,562.0,925.0,528.0,925.0,1156.0,101761.0,102917.0,34.0,319.0,320.8067954392488,0.10598279239517724,1.464614118778201,96.08379237873683
523.0,926.0,562.0,926.0,523.0,926.0,1521.0,101124.0,102645.0,39.0,318.0,320.3825837963106,0.12172946337431063,1.4487642084418977,96.99192534666778
522.0,927.0,562.0,927.0,522.0,927.0,1600.0,100489.0,102089.0,40.0,317.0,319.513692977312,0.12519025280972954,1.4452767365013508,97.19174277003142
516.0,927.0,561.0,927.0,516.0,927.0,2025.0,100489.0,102514.0,45.0,317.0,320.17807545177106,0.14054678771026102,1.4297826641870868,98.07948772110925
511.0,927.0,560.0,927.0,511.0,927.0,2401.0,100489.0,102890.0,49.0,317.0,320.764711276038,0.15275994608344698,1.4174359295457843,98.78690350682385
500.0,929.0,559.0,929.0,500.0,929.0,3481.0,99225.0,102706.0,59.0,315.0,320.4777683397087,0.1841001337024401,1.385640057839599,100.6086727615277
494.0,930.0,563.0,930.0,494.0,930.0,4761.0,98596.0,103357.0,69.0,314.0,321.49183504406454,0.21462442425806139,1.3544890499445288,102.39349404149392
485.0,935.0,559.0,935.0,485.0,935.0,5476.0,93025.0,98501.0,74.0,305.0,313.84868965793055,0.23578240865257064,1.3327727292636427,103.63774756306137
480.0,932.0,558.0,932.0,480.0,932.0,6084.0,94864.0,100948.0,78.0,308.0,317.72314992773187,0.2454967477747265,1.3227642380430085,104.21119186929745
470.0,936.0,558.0,936.0,470.0,936.0,7744.0,94864.0,102608.0,88.0,308.0,320.3248351283428,0.27472112789737807,1.2924966677897853,105.94539590092285
460.0,938.0,552.0,938.0,460.0,938.0,8464.0,93636.0,102100.0,92.0,306.0,319.53090617340916,0.28792207020522664,1.278740012005164,106.73359421759588
450.0,941.0,552.0,941.0,450.0,941.0,10404.0,92416.0,102820.0,102.0,304.0,320.6555784638714,0.31809831748020706,1.2470733883682081,108.54795810342266
441.0,943.0,551.0,943.0,441.0,943.0,12100.0,88804.0,100904.0,110.0,298.0,317.653899708472,0.346288838578569,1.217184048500894,110.26049113025188
428.0,946.0,552.0,946.0,428.0,946.0,15376.0,87025.0,102401.0,124.0,295.0,320.00156249618533,0.3874981079240142,1.1728802172676016,112.79891367617941
418.0,948.0,546.0,948.0,418.0,948.0,16384.0,86436.0,102820.0,128.0,294.0,320.6555784638714,0.3991822023281029,1.1601715975851465,113.52706394742097
408.0,947.0,549.0,947.0,408.0,947.0,19881.0,87616.0,107497.0,141.0,296.0,327.8673512260713,0.4300519691049615,1.126245986550988,115.47085827708071
397.0,946.0,548.0,946.0,397.0,946.0,22801.0,84681.0,107482.0,151.0,291.0,327.84447532328494,0.4605842445601685,1.0921430228949798,117.42481416345802
383.0,943.0,544.0,943.0,383.0,943.0,25921.0,85264.0,111185.0,161.0,292.0,333.44414824674914,0.48283948255364123,1.06690200601895,118.871017901073
373.0,943.0,538.0,943.0,373.0,943.0,27225.0,85264.0,112489.0,165.0,292.0,335.393798392278,0.49195900696713335,1.0564578678150647,119.469422940807
365.0,942.0,530.0,942.0,365.0,942.0,27225.0,82369.0,109594.0,165.0,287.0,331.0498451895122,0.49841436991322075,1.0490275134288378,119.89515088742431
357.0,939.0,518.0,939.0,357.0,939.0,25921.0,81225.0,107146.0,161.0,285.0,327.33163611236847,0.4918559107581367,1.0565762810767967,119.46263836067136
349.0,932.0,516.0,932.0,349.0,932.0,27889.0,82369.0,110258.0,167.0,287.0,332.05120087119093,0.5029344858920795,1.0438057712889703,120.19433467374432
343.0,928.0,512.0,928.0,343.0,928.0,28561.0,80656.0,109217.0,169.0,284.0,330.47995400629065,0.5113774616320089,1.0340094000636284,120.75562539949982
341.0,919.0,507.0,919.0,341.0,919.0,27556.0,82944.0,110500.0,166.0,288.0,332.41540277189324,0.4993751752048351,1.0479188865817148,119.95867052681935
332.0,909.0,502.0,909.0,332.0,909.0,28900.0,82944.0,111844.0,170.0,288.0,334.430859820083,0.5083262952810531,1.0375561903519726,120.55240928515971
332.0,902.0,503.0,902.0,332.0,902.0,29241.0,74529.0,103770.0,171.0,273.0,322.1335126931068,0.530835797152561,1.0112098449408038,122.06194368281353
328.0,884.0,500.0,884.0,328.0,884.0,29584.0,78400.0,107984.0,172.0,280.0,328.60919037665394,0.5234181058748008,1.0199387922631802,121.56181184164936
324.0,876.0,498.0,876.0,324.0,876.0,30276.0,77841.0,108117.0,174.0,279.0,328.81149614938954,0.5291785781143925,1.0131641291382083,121.94997144633315
324.0,861.0,489.0,861.0,324.0,861.0,27225.0,78961.0,106186.0,165.0,281.0,325.8619339536301,0.506349416141007,1.0398502273268606,120.42097064845166
317.0,849.0,484.0,849.0,317.0,849.0,27889.0,77284.0,105173.0,167.0,278.0,324.3038698504845,0.5149491434591665,1.0298480058438348,120.99405572518413
314.0,830.0,482.0,830.0,314.0,830.0,28224.0,80656.0,108880.0,168.0,284.0,329.9696955782455,0.5091376640075794,1.0366137518895122,120.60640703150949
314.0,820.0,478.0,820.0,314.0,820.0,26896.0,82369.0,109265.0,164.0,287.0,330.55256768024054,0.4961389383568338,1.0516502125483738,119.74488129694222
310.0,802.0,472.0,802.0,310.0,802.0,26244.0,85849.0,112093.0,162.0,293.0,334.8029271078734,0.4838667373651833,1.0657285709890032,118.93825077582177
310.0,788.0,464.0,788.0,310.0,788.0,23716.0,88209.0,111925.0,154.0,297.0,334.55193916640206,0.4603171644550004,1.092443895416239,117.40757543781841
306.0,775.0,457.0,775.0,306.0,775.0,22801.0,90000.0,112801.0,151.0,300.0,335.85860119996926,0.4495939644258062,1.1044856082442953,116.71763611466224
303.0,758.0,455.0,758.0,303.0,758.0,23104.0,89401.0,112505.0,152.0,299.0,335.41765010207797,0.4531663731879992,1.1004821498902222,116.94701738180702
300.0,747.0,457.0,747.0,300.0,747.0,24649.0,91809.0,116458.0,157.0,303.0,341.2594321040812,0.4600605440617282,1.092732940595587,117.39101436895317
302.0,735.0,451.0,735.0,302.0,735.0,22201.0,92416.0,114617.0,149.0,304.0,338.5513255032389,0.4401105202542606,1.1150745756025844,116.11093297563048
302.0,723.0,449.0,723.0,302.0,723.0,21609.0,93636.0,115245.0,147.0,306.0,339.4775397577872,0.4330183378402076,1.122957677333664,115.65926451696734
302.0,705.0,439.0,705.0,302.0,705.0,18769.0,103041.0,121810.0,137.0,321.0,349.0128937446294,0.39253564110511646,1.1674094302691844,113.11236668180376
299.0,696.0,434.0,696.0,299.0,696.0,18225.0,102400.0,120625.0,135.0,320.0,347.3110997362451,0.388700505404295,1.171575557219644,112.87366519062671
294.0,685.0,433.0,685.0,294.0,685.0,19321.0,107584.0,126905.0,139.0,328.0,356.23728047468586,0.3901893698907162,1.1699590704481913,112.96628306026969
300.0,676.0,433.0,676.0,300.0,676.0,17689.0,107584.0,125273.0,133.0,328.0,353.93926032583613,0.3757706898001661,1.1855680540314273,112.07195417846127
297.0,661.0,425.0,661.0,297.0,661.0,16384.0,114921.0,131305.0,128.0,339.0,362.36031791574527,0.35323956203659723,1.2097646784649105,110.68558971995955
298.0,655.0,419.0,655.0,298.0,655.0,14641.0,113569.0,128210.0,121.0,337.0,358.06424004639166,0.337928188484622,1.2260816121070797,109.75069828766824
300.0,643.0,409.0,643.0,300.0,643.0,11881.0,120409.0,132290.0,109.0,347.0,363.7169228947149,0.2996836087045425,1.266435323687585,107.4386009264171
296.0,639.0,413.0,639.0,296.0,639.0,13689.0,118336.0,132025.0,117.0,344.0,363.35244598048325,0.32200141018531747,1.2429535936350218,108.78400495409447
300.0,628.0,405.0,628.0,300.0,628.0,11025.0,124609.0,135634.0,105.0,353.0,368.28521555989727,0.28510511843482617,1.2816802302528927,106.56513212115368
301.0,622.0,398.0,622.0,301.0,622.0,9409.0,123904.0,133313.0,97.0,352.0,365.1205280451922,0.2656656981718486,1.3019019585471971,105.40651243542975
301.0,611.0,393.0,611.0,301.0,611.0,8464.0,129600.0,138064.0,92.0,360.0,371.56964353940435,0.2475982675109022,1.320595779017256,104.33543541952011
298.0,606.0,391.0,606.0,298.0,606.0,8649.0,131769.0,140418.0,93.0,363.0,374.7238983571771,0.2481827297584175,1.3199924868384438,104.3700015151793
300.0,602.0,386.0,602.0,300.0,602.0,7396.0,137641.0,145037.0,86.0,371.0,380.8372355744643,0.2258182550618389,1.3430134208024063,103.05099915859488
299.0,595.0,379.0,595.0,299.0,595.0,6400.0,136900.0,143300.0,80.0,370.0,378.549864614954,0.21133279252753887,1.3578579772154995,102.20046872738078
297.0,591.0,377.0,591.0,297.0,591.0,6400.0,139129.0,145529.0,80.0,373.0,381.4826339428834,0.2097081043326806,1.3595199104544593,102.10524696695587
303.0,586.0,370.0,586.0,303.0,586.0,4489.0,142129.0,146618.0,67.0,377.0,382.9072994864423,0.17497707693183395,1.39491384093433,100.07732413007984
303.0,589.0,370.0,589.0,303.0,589.0,4489.0,138384.0,142873.0,67.0,372.0,377.985449455399,0.17725550043403393,1.392599238170908,100.20994109967324
301.0,580.0,363.0,580.0,301.0,580.0,3844.0,140625.0,144469.0,62.0,375.0,380.0907786305792,0.16311892707152342,1.4069452265066942,99.38797651508878
306.0,583.0,367.0,583.0,306.0,583.0,3721.0,139129.0,142850.0,61.0,373.0,377.95502377928517,0.16139486489699958,1.408692442058916,99.28786843804686
305.0,583.0,360.0,583.0,305.0,583.0,3025.0,138384.0,141409.0,55.0,372.0,376.0438804182299,0.14625952678402823,1.4240102551082254,98.410222398951
305.0,578.0,359.0,578.0,305.0,578.0,2916.0,142129.0,145045.0,54.0,377.0,380.8477386042879,0.14178894746203968,1.4285279391220223,98.15137817178673
295.0,582.0,355.0,582.0,295.0,582.0,3600.0,139129.0,142729.0,60.0,373.0,377.7949179118216,0.1588163237653826,1.4113046821584616,99.13819810526806
301.0,579.0,347.0,579.0,301.0,579.0,2116.0,145924.0,148040.0,46.0,382.0,384.7596652457219,0.11955515131925973,1.4509545188842476,96.8664298024977
301.0,580.0,347.0,580.0,301.0,580.0,2116.0,145161.0,147277.0,46.0,381.0,383.76685630731583,0.11986444176712269,1.4506429881950071,96.88427919617999
302.0,580.0,341.0,580.0,302.0,580.0,1521.0,148996.0,150517.0,39.0,386.0,387.9652046253633,0.1005244788322194,1.4701017705856798,95.76937309073095
304.0,577.0,343.0,577.0,304.0,577.0,1521.0,152881.0,154402.0,39.0,391.0,392.9401990125215,0.09925174389896724,1.4713809029638067,95.69608420402575
304.0,577.0,343.0,577.0,304.0,577.0,1521.0,152881.0,154402.0,39.0,391.0,392.9401990125215,0.09925174389896724,1.4713809029638067,95.69608420402575
302.0,577.0,335.0,577.0,302.0,577.0,1089.0,153664.0,154753.0,33.0,392.0,393.38657831705444,0.08388694942561886,1.4868106788099213,94.81202316921049
301.0,580.0,334.0,580.0,301.0,580.0,1089.0,155236.0,156325.0,33.0,394.0,395.37956446938426,0.08346410124733525,1.4872350151160005,94.78771048977798
307.0,578.0,334.0,578.0,307.0,578.0,729.0,154449.0,155178.0,27.0,393.0,393.92638906272833,0.06854072423084241,1.502201823340622,93.93017554572548
305.0,577.0,325.0,577.0,305.0,577.0,400.0,157609.0,158009.0,20.0,397.0,397.50345910444605,0.05031402756861268,1.5204610466686879,92.8839991118405
303.0,581.0,329.0,581.0,303.0,581.0,676.0,156025.0,156701.0,26.0,395.0,395.8547713492917,0.06568065331479431,1.50506835774659,93.76593522243448
303.0,576.0,323.0,576.0,303.0,576.0,400.0,160801.0,161201.0,20.0,401.0,401.49844333446674,0.049813393630866655,1.5209623091817652,92.85527888541303
302.0,579.0,322.0,579.0,302.0,579.0,400.0,157609.0,158009.0,20.0,397.0,397.50345910444605,0.05031402756861268,1.5204610466686879,92.8839991118405
302.0,581.0,321.0,581.0,302.0,581.0,361.0,156025.0,156386.0,19.0,395.0,395.4566980087706,0.04804571548710653,1.5227321073654752,92.75387691889654
302.0,583.0,315.0,583.0,302.0,583.0,169.0,159201.0,159370.0,13.0,399.0,399.21172327475557,0.03256417395100598,1.5382263947827688,91.86611964332296
301.0,577.0,314.0,577.0,301.0,577.0,169.0,164025.0,164194.0,13.0,405.0,405.20858826041683,0.03208224202702546,1.5387085786676564,91.83849254176967
307.0,578.0,313.0,578.0,307.0,578.0,36.0,162409.0,162445.0,6.0,403.0,403.0446625375406,0.014886687649513645,1.5559090892421257,90.85297588038244
306.0,583.0,312.0,583.0,306.0,583.0,36.0,155236.0,155272.0,6.0,394.0,394.04568263083405,0.015226660929111523,1.5555690774177793,90.87245712290203
305.0,584.0,312.0,584.0,305.0,584.0,49.0,154449.0,154498.0,7.0,393.0,393.06233602318093,0.017808880064222623,1.5529865052301481,91.02042760954116
305.0,584.0,311.0,584.0,305.0,584.0,36.0,154449.0,154485.0,6.0,393.0,393.04579885809744,0.015265396596100494,1.5555303372481168,90.87467677112132
305.0,584.0,311.0,584.0,305.0,584.0,36.0,155236.0,155272.0,6.0,394.0,394.04568263083405,0.015226660929111523,1.5555690774177793,90.87245712290203
305.0,579.0,311.0,579.0,305.0,579.0,36.0,164025.0,164061.0,6.0,405.0,405.0444420060594,0.014813189313952469,1.5559825956829954,90.84876427155358
304.0,584.0,311.0,584.0,304.0,584.0,49.0,160000.0,160049.0,7.0,400.0,400.0612453112648,0.017497320927833685,1.55329811292504,91.00257380376006
304.0,582.0,310.0,582.0,304.0,582.0,36.0,160801.0,160837.0,6.0,401.0,401.04488526846967,0.014960918890621051,1.5558348497332328,90.85722949091513
304.0,580.0,310.0,580.0,304.0,580.0,36.0,162409.0,162445.0,6.0,403.0,403.0446625375406,0.014886687649513645,1.5559090892421257,90.85297588038244
304.0,585.0,310.0,585.0,304.0,585.0,36.0,158404.0,158440.0,6.0,398.0,398.0452235613436,0.015073664108609325,1.5557220917999373,90.86369004459958
303.0,583.0,303.0,583.0,303.0,583.0,0.0,159201.0,159201.0,0.0,399.0,399.0,nan,nan,nan
303.0,582.0,303.0,582.0,303.0,582.0,0.0,160000.0,160000.0,0.0,400.0,400.0,nan,nan,nan
303.0,580.0,303.0,580.0,303.0,580.0,0.0,160801.0,160801.0,0.0,401.0,401.0,nan,nan,nan
303.0,581.0,303.0,581.0,303.0,581.0,0.0,160000.0,160000.0,0.0,400.0,400.0,nan,nan,nan
303.0,582.0,303.0,582.0,303.0,582.0,0.0,159201.0,159201.0,0.0,399.0,399.0,nan,nan,nan
303.0,582.0,303.0,582.0,303.0,582.0,0.0,160000.0,160000.0,0.0,400.0,400.0,nan,nan,nan
303.0,582.0,303.0,582.0,303.0,582.0,0.0,160000.0,160000.0,0.0,400.0,400.0,nan,nan,nan
303.0,582.0,303.0,582.0,303.0,582.0,0.0,160000.0,160000.0,0.0,400.0,400.0,nan,nan,nan
303.0,581.0,303.0,581.0,303.0,581.0,0.0,160801.0,160801.0,0.0,401.0,401.0,nan,nan,nan
303.0,581.0,303.0,581.0,303.0,581.0,0.0,160801.0,160801.0,0.0,401.0,401.0,nan,nan,nan
303.0,581.0,303.0,581.0,303.0,581.0,0.0,160801.0,160801.0,0.0,401.0,401.0,nan,nan,nan
303.0,580.0,303.0,580.0,303.0,580.0,0.0,161604.0,161604.0,0.0,402.0,402.0,nan,nan,nan
303.0,580.0,303.0,580.0,303.0,580.0,0.0,160801.0,160801.0,0.0,401.0,401.0,nan,nan,nan
303.0,579.0,303.0,579.0,303.0,579.0,0.0,161604.0,161604.0,0.0,402.0,402.0,nan,nan,nan
303.0,581.0,303.0,581.0,303.0,581.0,0.0,160801.0,160801.0,0.0,401.0,401.0,nan,nan,nan
303.0,580.0,303.0,580.0,303.0,580.0,0.0,161604.0,161604.0,0.0,402.0,402.0,nan,nan,nan
303.0,580.0,303.0,580.0,303.0,580.0,0.0,161604.0,161604.0,0.0,402.0,402.0,nan,nan,nan
303.0,580.0,303.0,580.0,303.0,580.0,0.0,161604.0,161604.0,0.0,402.0,402.0,nan,nan,nan
303.0,580.0,303.0,580.0,303.0,580.0,0.0,161604.0,161604.0,0.0,402.0,402.0,nan,nan,nan
302.0,580.0,302.0,580.0,302.0,580.0,0.0,161604.0,161604.0,0.0,402.0,402.0,nan,nan,nan
302.0,579.0,302.0,579.0,302.0,579.0,0.0,162409.0,162409.0,0.0,403.0,403.0,nan,nan,nan
302.0,579.0,302.0,579.0,302.0,579.0,0.0,161604.0,161604.0,0.0,402.0,402.0,nan,nan,nan
302.0,578.0,302.0,578.0,302.0,578.0,0.0,162409.0,162409.0,0.0,403.0,403.0,nan,nan,nan
302.0,585.0,302.0,585.0,302.0,585.0,0.0,156816.0,156816.0,0.0,396.0,396.0,nan,nan,nan
302.0,579.0,302.0,579.0,302.0,579.0,0.0,161604.0,161604.0,0.0,402.0,402.0,nan,nan,nan
302.0,580.0,302.0,580.0,302.0,580.0,0.0,160801.0,160801.0,0.0,401.0,401.0,nan,nan,nan
302.0,579.0,302.0,579.0,302.0,579.0,0.0,161604.0,161604.0,0.0,402.0,402.0,nan,nan,nan
302.0,580.0,302.0,580.0,302.0,580.0,0.0,160801.0,160801.0,0.0,401.0,401.0,nan,nan,nan
302.0,580.0,302.0,580.0,302.0,580.0,0.0,160801.0,160801.0,0.0,401.0,401.0,nan,nan,nan
302.0,579.0,302.0,579.0,302.0,579.0,0.0,161604.0,161604.0,0.0,402.0,402.0,nan,nan,nan
302.0,578.0,302.0,578.0,302.0,578.0,0.0,162409.0,162409.0,0.0,403.0,403.0,nan,nan,nan
302.0,579.0,302.0,579.0,302.0,579.0,0.0,161604.0,161604.0,0.0,402.0,402.0,nan,nan,nan
302.0,579.0,302.0,579.0,302.0,579.0,0.0,161604.0,161604.0,0.0,402.0,402.0,nan,nan,nan
302.0,585.0,302.0,585.0,302.0,585.0,0.0,156816.0,156816.0,0.0,396.0,396.0,nan,nan,nan
302.0,579.0,302.0,579.0,302.0,579.0,0.0,161604.0,161604.0,0.0,402.0,402.0,nan,nan,nan
302.0,579.0,302.0,579.0,302.0,579.0,0.0,161604.0,161604.0,0.0,402.0,402.0,nan,nan,nan
295.0,579.0,302.0,579.0,295.0,579.0,49.0,161604.0,161653.0,7.0,402.0,402.06094065452316,0.01741029603274707,1.5533851510786167,90.9975868849035
295.0,579.0,302.0,579.0,295.0,579.0,49.0,161604.0,161653.0,7.0,402.0,402.06094065452316,0.01741029603274707,1.5533851510786167,90.9975868849035
295.0,579.0,302.0,579.0,295.0,579.0,49.0,161604.0,161653.0,7.0,402.0,402.06094065452316,0.01741029603274707,1.5533851510786167,90.9975868849035
295.0,579.0,302.0,579.0,295.0,579.0,49.0,161604.0,161653.0,7.0,402.0,402.06094065452316,0.01741029603274707,1.5533851510786167,90.9975868849035
295.0,579.0,302.0,579.0,295.0,579.0,49.0,161604.0,161653.0,7.0,402.0,402.06094065452316,0.01741029603274707,1.5533851510786167,90.9975868849035
295.0,579.0,302.0,579.0,295.0,579.0,49.0,161604.0,161653.0,7.0,402.0,402.06094065452316,0.01741029603274707,1.5533851510786167,90.9975868849035
295.0,579.0,301.0,579.0,295.0,579.0,36.0,161604.0,161640.0,6.0,402.0,402.0447736260229,0.014923710973497512,1.5558720618048116,90.85509739626671
295.0,580.0,302.0,580.0,295.0,580.0,49.0,161604.0,161653.0,7.0,402.0,402.06094065452316,0.01741029603274707,1.5533851510786167,90.9975868849035
295.0,580.0,302.0,580.0,295.0,580.0,49.0,161604.0,161653.0,7.0,402.0,402.06094065452316,0.01741029603274707,1.5533851510786167,90.9975868849035
295.0,580.0,302.0,580.0,295.0,580.0,49.0,160801.0,160850.0,7.0,401.0,401.06109260310956,0.017453700020029633,1.5533417404951437,91.0000741281227
295.0,580.0,302.0,580.0,295.0,580.0,49.0,160801.0,160850.0,7.0,401.0,401.06109260310956,0.017453700020029633,1.5533417404951437,91.0000741281227
295.0,580.0,302.0,580.0,295.0,580.0,49.0,160801.0,160850.0,7.0,401.0,401.06109260310956,0.017453700020029633,1.5533417404951437,91.0000741281227
295.0,580.0,302.0,580.0,295.0,580.0,49.0,160801.0,160850.0,7.0,401.0,401.06109260310956,0.017453700020029633,1.5533417404951437,91.0000741281227
295.0,580.0,302.0,580.0,295.0,580.0,49.0,160801.0,160850.0,7.0,401.0,401.06109260310956,0.017453700020029633,1.5533417404951437,91.0000741281227
295.0,580.0,302.0,580.0,295.0,580.0,49.0,160801.0,160850.0,7.0,401.0,401.06109260310956,0.017453700020029633,1.5533417404951437,91.0000741281227
295.0,580.0,302.0,580.0,295.0,580.0,49.0,160801.0,160850.0,7.0,401.0,401.06109260310956,0.017453700020029633,1.5533417404951437,91.0000741281227
295.0,580.0,302.0,580.0,295.0,580.0,49.0,160801.0,160850.0,7.0,401.0,401.06109260310956,0.017453700020029633,1.5533417404951437,91.0000741281227
295.0,581.0,302.0,581.0,295.0,581.0,49.0,160801.0,160850.0,7.0,401.0,401.06109260310956,0.017453700020029633,1.5533417404951437,91.0000741281227
295.0,581.0,302.0,581.0,295.0,581.0,49.0,160801.0,160850.0,7.0,401.0,401.06109260310956,0.017453700020029633,1.5533417404951437,91.0000741281227
295.0,581.0,302.0,581.0,295.0,581.0,49.0,160801.0,160850.0,7.0,401.0,401.06109260310956,0.017453700020029633,1.5533417404951437,91.0000741281227
296.0,581.0,302.0,581.0,296.0,581.0,36.0,160801.0,160837.0,6.0,401.0,401.04488526846967,0.014960918890621051,1.5558348497332328,90.85722949091513
296.0,580.0,302.0,580.0,296.0,580.0,36.0,161604.0,161640.0,6.0,402.0,402.0447736260229,0.014923710973497512,1.5558720618048116,90.85509739626671
296.0,580.0,302.0,580.0,296.0,580.0,36.0,161604.0,161640.0,6.0,402.0,402.0447736260229,0.014923710973497512,1.5558720618048116,90.85509739626671
296.0,581.0,302.0,581.0,296.0,581.0,36.0,160801.0,160837.0,6.0,401.0,401.04488526846967,0.014960918890621051,1.5558348497332328,90.85722949091513
302.0,581.0,302.0,581.0,302.0,581.0,0.0,160801.0,160801.0,0.0,401.0,401.0,nan,nan,nan
302.0,581.0,302.0,581.0,302.0,581.0,0.0,160801.0,160801.0,0.0,401.0,401.0,nan,nan,nan
302.0,581.0,302.0,581.0,302.0,581.0,0.0,161604.0,161604.0,0.0,402.0,402.0,nan,nan,nan
302.0,582.0,309.0,582.0,302.0,582.0,49.0,160801.0,160850.0,7.0,401.0,401.06109260310956,0.017453700020029633,1.5533417404951437,91.0000741281227
302.0,582.0,309.0,582.0,302.0,582.0,49.0,160801.0,160850.0,7.0,401.0,401.06109260310956,0.017453700020029633,1.5533417404951437,91.0000741281227
302.0,582.0,309.0,582.0,302.0,582.0,49.0,160801.0,160850.0,7.0,401.0,401.06109260310956,0.017453700020029633,1.5533417404951437,91.0000741281227
302.0,582.0,309.0,582.0,302.0,582.0,49.0,160801.0,160850.0,7.0,401.0,401.06109260310956,0.017453700020029633,1.5533417404951437,91.0000741281227
302.0,582.0,302.0,582.0,302.0,582.0,0.0,160801.0,160801.0,0.0,401.0,401.0,nan,nan,nan
302.0,582.0,309.0,582.0,302.0,582.0,49.0,160801.0,160850.0,7.0,401.0,401.06109260310956,0.017453700020029633,1.5533417404951437,91.0000741281227
302.0,583.0,309.0,583.0,302.0,583.0,49.0,160000.0,160049.0,7.0,400.0,400.0612453112648,0.017497320927833685,1.55329811292504,91.00257380376006
302.0,583.0,309.0,583.0,302.0,583.0,49.0,160000.0,160049.0,7.0,400.0,400.0612453112648,0.017497320927833685,1.55329811292504,91.00257380376006
302.0,583.0,309.0,583.0,302.0,583.0,49.0,160000.0,160049.0,7.0,400.0,400.0612453112648,0.017497320927833685,1.55329811292504,91.00257380376006
302.0,583.0,309.0,583.0,302.0,583.0,49.0,159201.0,159250.0,7.0,399.0,399.06139878469827,0.017541160386140585,1.5532542667374942,91.00508600525417
303.0,583.0,309.0,583.0,303.0,583.0,36.0,159201.0,159237.0,6.0,399.0,399.0451102319135,0.015035894053464213,1.5557598661360352,90.86152573456725
302.0,583.0,309.0,583.0,302.0,583.0,49.0,160000.0,160049.0,7.0,400.0,400.0612453112648,0.017497320927833685,1.55329811292504,91.00257380376006
303.0,584.0,309.0,584.0,303.0,584.0,36.0,159201.0,159237.0,6.0,399.0,399.0451102319135,0.015035894053464213,1.5557598661360352,90.86152573456725
303.0,584.0,309.0,584.0,303.0,584.0,36.0,159201.0,159237.0,6.0,399.0,399.0451102319135,0.015035894053464213,1.5557598661360352,90.86152573456725
303.0,583.0,309.0,583.0,303.0,583.0,36.0,160000.0,160036.0,6.0,400.0,400.04499746903474,0.014998312784712243,1.555797451643046,90.85937224364469
303.0,583.0,309.0,583.0,303.0,583.0,36.0,160000.0,160036.0,6.0,400.0,400.04499746903474,0.014998312784712243,1.555797451643046,90.85937224364469
303.0,584.0,309.0,584.0,303.0,584.0,36.0,159201.0,159237.0,6.0,399.0,399.0451102319135,0.015035894053464213,1.5557598661360352,90.86152573456725
303.0,584.0,309.0,584.0,303.0,584.0,36.0,159201.0,159237.0,6.0,399.0,399.0451102319135,0.015035894053464213,1.5557598661360352,90.86152573456725
303.0,584.0,309.0,584.0,303.0,584.0,36.0,159201.0,159237.0,6.0,399.0,399.0451102319135,0.015035894053464213,1.5557598661360352,90.86152573456725
303.0,585.0,309.0,585.0,303.0,585.0,36.0,158404.0,158440.0,6.0,398.0,398.0452235613436,0.015073664108609325,1.5557220917999373,90.86369004459958
303.0,586.0,309.0,586.0,303.0,586.0,36.0,152881.0,152917.0,6.0,391.0,391.0460330958492,0.015343462130273908,1.5554522625698455,90.8791501206731
303.0,585.0,309.0,585.0,303.0,585.0,36.0,159201.0,159237.0,6.0,399.0,399.0451102319135,0.015035894053464213,1.5557598661360352,90.86152573456725
303.0,585.0,309.0,585.0,303.0,585.0,36.0,158404.0,158440.0,6.0,398.0,398.0452235613436,0.015073664108609325,1.5557220917999373,90.86369004459958
303.0,585.0,310.0,585.0,303.0,585.0,49.0,158404.0,158453.0,7.0,398.0,398.06155302917665,0.017585220041300805,1.5532102002853128,91.00761082698229
303.0,585.0,310.0,585.0,303.0,585.0,49.0,158404.0,158453.0,7.0,398.0,398.06155302917665,0.017585220041300805,1.5532102002853128,91.00761082698229
303.0,585.0,310.0,585.0,303.0,585.0,49.0,158404.0,158453.0,7.0,398.0,398.06155302917665,0.017585220041300805,1.5532102002853128,91.00761082698229
310.0,586.0,310.0,586.0,310.0,586.0,0.0,158404.0,158404.0,0.0,398.0,398.0,nan,nan,nan
310.0,586.0,310.0,586.0,310.0,586.0,0.0,152881.0,152881.0,0.0,391.0,391.0,nan,nan,nan
310.0,587.0,310.0,587.0,310.0,587.0,0.0,156816.0,156816.0,0.0,396.0,396.0,nan,nan,nan
310.0,581.0,310.0,581.0,310.0,581.0,0.0,162409.0,162409.0,0.0,403.0,403.0,nan,nan,nan
310.0,583.0,310.0,583.0,310.0,583.0,0.0,155236.0,155236.0,0.0,394.0,394.0,nan,nan,nan
310.0,582.0,310.0,582.0,310.0,582.0,0.0,156025.0,156025.0,0.0,395.0,395.0,nan,nan,nan
310.0,582.0,310.0,582.0,310.0,582.0,0.0,156025.0,156025.0,0.0,395.0,395.0,nan,nan,nan
310.0,582.0,310.0,582.0,310.0,582.0,0.0,156025.0,156025.0,0.0,395.0,395.0,nan,nan,nan
310.0,582.0,310.0,582.0,310.0,582.0,0.0,156025.0,156025.0,0.0,395.0,395.0,nan,nan,nan
310.0,582.0,310.0,582.0,310.0,582.0,0.0,156025.0,156025.0,0.0,395.0,395.0,nan,nan,nan
310.0,582.0,310.0,582.0,310.0,582.0,0.0,160801.0,160801.0,0.0,401.0,401.0,nan,nan,nan
310.0,581.0,310.0,581.0,310.0,581.0,0.0,161604.0,161604.0,0.0,402.0,402.0,nan,nan,nan
310.0,582.0,310.0,582.0,310.0,582.0,0.0,156025.0,156025.0,0.0,395.0,395.0,nan,nan,nan
310.0,582.0,310.0,582.0,310.0,582.0,0.0,156025.0,156025.0,0.0,395.0,395.0,nan,nan,nan
310.0,583.0,310.0,583.0,310.0,583.0,0.0,155236.0,155236.0,0.0,394.0,394.0,nan,nan,nan
310.0,582.0,310.0,582.0,310.0,582.0,0.0,156025.0,156025.0,0.0,395.0,395.0,nan,nan,nan
310.0,582.0,310.0,582.0,310.0,582.0,0.0,156025.0,156025.0,0.0,395.0,395.0,nan,nan,nan
310.0,582.0,310.0,582.0,310.0,582.0,0.0,156025.0,156025.0,0.0,395.0,395.0,nan,nan,nan
310.0,582.0,310.0,582.0,310.0,582.0,0.0,156025.0,156025.0,0.0,395.0,395.0,nan,nan,nan
310.0,588.0,310.0,588.0,310.0,588.0,0.0,151321.0,151321.0,0.0,389.0,389.0,nan,nan,nan
310.0,588.0,310.0,588.0,310.0,588.0,0.0,151321.0,151321.0,0.0,389.0,389.0,nan,nan,nan
310.0,588.0,310.0,588.0,310.0,588.0,0.0,152100.0,152100.0,0.0,390.0,390.0,nan,nan,nan
310.0,582.0,310.0,582.0,310.0,582.0,0.0,156816.0,156816.0,0.0,396.0,396.0,nan,nan,nan
310.0,583.0,310.0,583.0,310.0,583.0,0.0,156025.0,156025.0,0.0,395.0,395.0,nan,nan,nan
310.0,583.0,310.0,583.0,310.0,583.0,0.0,156025.0,156025.0,0.0,395.0,395.0,nan,nan,nan
310.0,582.0,310.0,582.0,310.0,582.0,0.0,156816.0,156816.0,0.0,396.0,396.0,nan,nan,nan
310.0,582.0,310.0,582.0,310.0,582.0,0.0,156816.0,156816.0,0.0,396.0,396.0,nan,nan,nan
310.0,583.0,310.0,583.0,310.0,583.0,0.0,156025.0,156025.0,0.0,395.0,395.0,nan,nan,nan
317.0,579.0,310.0,579.0,317.0,579.0,49.0,164836.0,164885.0,7.0,406.0,406.06034034364893,0.017238817250844786,1.5535566556003668,89.01223960036019
317.0,579.0,310.0,579.0,317.0,579.0,49.0,165649.0,165698.0,7.0,407.0,407.060192109226,0.017196473975332124,1.5535990051535538,89.01466605102206
317.0,580.0,310.0,580.0,317.0,580.0,49.0,159201.0,159250.0,7.0,399.0,399.06139878469827,0.017541160386140585,1.5532542667374942,88.99491399474583
317.0,580.0,310.0,580.0,317.0,580.0,49.0,159201.0,159250.0,7.0,399.0,399.06139878469827,0.017541160386140585,1.5532542667374942,88.99491399474583
317.0,580.0,310.0,580.0,317.0,580.0,49.0,164836.0,164885.0,7.0,406.0,406.06034034364893,0.017238817250844786,1.5535566556003668,89.01223960036019
317.0,579.0,310.0,579.0,317.0,579.0,49.0,165649.0,165698.0,7.0,407.0,407.060192109226,0.017196473975332124,1.5535990051535538,89.01466605102206
317.0,585.0,310.0,585.0,317.0,585.0,49.0,160801.0,160850.0,7.0,401.0,401.06109260310956,0.017453700020029633,1.5533417404951437,88.9999258718773
317.0,585.0,310.0,585.0,317.0,585.0,49.0,160801.0,160850.0,7.0,401.0,401.06109260310956,0.017453700020029633,1.5533417404951437,88.9999258718773
317.0,585.0,310.0,585.0,317.0,585.0,49.0,160801.0,160850.0,7.0,401.0,401.06109260310956,0.017453700020029633,1.5533417404951437,88.9999258718773
317.0,584.0,310.0,584.0,317.0,584.0,49.0,161604.0,161653.0,7.0,402.0,402.06094065452316,0.01741029603274707,1.5533851510786167,89.0024131150965
317.0,579.0,310.0,579.0,317.0,579.0,49.0,165649.0,165698.0,7.0,407.0,407.060192109226,0.017196473975332124,1.5535990051535538,89.01466605102206
317.0,580.0,310.0,580.0,317.0,580.0,49.0,164836.0,164885.0,7.0,406.0,406.06034034364893,0.017238817250844786,1.5535566556003668,89.01223960036019
317.0,581.0,310.0,581.0,317.0,581.0,49.0,164025.0,164074.0,7.0,405.0,405.0604893099301,0.01728136953551148,1.5535140969758874,89.00980117079564
317.0,579.0,310.0,579.0,317.0,579.0,49.0,165649.0,165698.0,7.0,407.0,407.060192109226,0.017196473975332124,1.5535990051535538,89.01466605102206
317.0,580.0,310.0,580.0,317.0,580.0,49.0,164836.0,164885.0,7.0,406.0,406.06034034364893,0.017238817250844786,1.5535566556003668,89.01223960036019
322.0,583.0,309.0,583.0,322.0,583.0,169.0,160000.0,160169.0,13.0,400.0,400.21119424623794,0.03248284952269848,1.5383077622568804,88.13854236953328
317.0,580.0,310.0,580.0,317.0,580.0,49.0,164836.0,164885.0,7.0,406.0,406.06034034364893,0.017238817250844786,1.5535566556003668,89.01223960036019
317.0,580.0,310.0,580.0,317.0,580.0,49.0,164836.0,164885.0,7.0,406.0,406.06034034364893,0.017238817250844786,1.5535566556003668,89.01223960036019
317.0,581.0,310.0,581.0,317.0,581.0,49.0,164025.0,164074.0,7.0,405.0,405.0604893099301,0.01728136953551148,1.5535140969758874,89.00980117079564
317.0,581.0,311.0,581.0,317.0,581.0,36.0,164025.0,164061.0,6.0,405.0,405.0444420060594,0.014813189313952469,1.5559825956829954,89.15123572844642
323.0,581.0,311.0,581.0,323.0,581.0,144.0,164025.0,164169.0,12.0,405.0,405.1777387764535,0.02961663203965086,1.5411753633657705,88.30284381039972
324.0,581.0,311.0,581.0,324.0,581.0,169.0,164025.0,164194.0,13.0,405.0,405.20858826041683,0.03208224202702546,1.5387085786676564,88.16150745823033
324.0,581.0,311.0,581.0,324.0,581.0,169.0,164025.0,164194.0,13.0,405.0,405.20858826041683,0.03208224202702546,1.5387085786676564,88.16150745823033
324.0,581.0,311.0,581.0,324.0,581.0,169.0,164025.0,164194.0,13.0,405.0,405.20858826041683,0.03208224202702546,1.5387085786676564,88.16150745823033
317.0,580.0,311.0,580.0,317.0,580.0,36.0,164836.0,164872.0,6.0,406.0,406.0443325549564,0.014776711602514302,1.5560190773874043,89.1533259761385
324.0,581.0,311.0,581.0,324.0,581.0,169.0,164025.0,164194.0,13.0,405.0,405.20858826041683,0.03208224202702546,1.5387085786676564,88.16150745823033
324.0,582.0,311.0,582.0,324.0,582.0,169.0,163216.0,163385.0,13.0,404.0,404.2091043012267,0.032161571477895445,1.5386292082583328,88.15695986875787
317.0,580.0,317.0,580.0,317.0,580.0,0.0,164025.0,164025.0,0.0,405.0,405.0,nan,nan,nan
319.0,584.0,319.0,584.0,319.0,584.0,0.0,158404.0,158404.0,0.0,398.0,398.0,nan,nan,nan
319.0,586.0,319.0,586.0,319.0,586.0,0.0,157609.0,157609.0,0.0,397.0,397.0,nan,nan,nan
317.0,582.0,317.0,582.0,317.0,582.0,0.0,164025.0,164025.0,0.0,405.0,405.0,nan,nan,nan
318.0,584.0,318.0,584.0,318.0,584.0,0.0,162409.0,162409.0,0.0,403.0,403.0,nan,nan,nan
318.0,585.0,318.0,585.0,318.0,585.0,0.0,162409.0,162409.0,0.0,403.0,403.0,nan,nan,nan
318.0,586.0,318.0,586.0,318.0,586.0,0.0,162409.0,162409.0,0.0,403.0,403.0,nan,nan,nan
318.0,587.0,325.0,587.0,318.0,587.0,49.0,156816.0,156865.0,7.0,396.0,396.06186385462564,0.01767400661066764,1.5531213999151217,91.01269871341343
318.0,584.0,325.0,584.0,318.0,584.0,49.0,160801.0,160850.0,7.0,401.0,401.06109260310956,0.017453700020029633,1.5533417404951437,91.0000741281227
312.0,589.0,325.0,589.0,312.0,589.0,169.0,156816.0,156985.0,13.0,396.0,396.2133263786063,0.03281060765628488,1.5379798293183111,91.88024680381007
312.0,586.0,325.0,586.0,312.0,586.0,169.0,156025.0,156194.0,13.0,395.0,395.2138661535043,0.03289358272401984,1.5378968094384338,91.88500349254272
313.0,586.0,326.0,586.0,313.0,586.0,169.0,157609.0,157778.0,13.0,397.0,397.2127893207871,0.032728049925656505,1.5380624314111333,91.8755140525124
314.0,588.0,327.0,588.0,314.0,588.0,169.0,153664.0,153833.0,13.0,392.0,392.21550198838395,0.03314504381926499,1.5376452111494499,91.89941901263421
314.0,587.0,327.0,587.0,314.0,587.0,169.0,160000.0,160169.0,13.0,400.0,400.21119424623794,0.03248284952269848,1.5383077622568804,91.86145763046672
308.0,586.0,334.0,586.0,308.0,586.0,676.0,160000.0,160676.0,26.0,400.0,400.84410934925813,0.06486312108268012,1.5058876371014631,93.71899397315804
308.0,590.0,334.0,590.0,308.0,590.0,676.0,152100.0,152776.0,26.0,390.0,390.8657058376956,0.06651901052377394,1.5042281630190728,93.81407483429035
310.0,590.0,336.0,590.0,310.0,590.0,676.0,151321.0,151997.0,26.0,389.0,389.8679263545541,0.06668925100639095,1.5040575436724943,93.82385060275257
311.0,588.0,337.0,588.0,311.0,588.0,676.0,152881.0,153557.0,26.0,391.0,391.8634966413687,0.0663496350715082,1.5043979134842562,93.80434884906497
311.0,589.0,344.0,589.0,311.0,589.0,1089.0,152881.0,153970.0,33.0,391.0,392.3901120058965,0.08409997854253805,1.4865968942432415,94.82427212260627
305.0,592.0,344.0,592.0,305.0,592.0,1521.0,152100.0,153621.0,39.0,390.0,391.94514922371474,0.09950371902099892,1.4711276743037347,95.71059313749963
305.0,592.0,344.0,592.0,305.0,592.0,1521.0,152881.0,154402.0,39.0,391.0,392.9401990125215,0.09925174389896724,1.4713809029638067,95.69608420402575
305.0,593.0,344.0,593.0,305.0,593.0,1521.0,148225.0,149746.0,39.0,385.0,386.97028309677734,0.1007829327045418,1.469841997460058,95.78425699446001
306.0,591.0,352.0,591.0,306.0,591.0,2116.0,146689.0,148805.0,46.0,383.0,385.75251133336775,0.11924744142558998,1.4512644459740804,96.84867228829351
301.0,592.0,353.0,592.0,301.0,592.0,2704.0,146689.0,149393.0,52.0,383.0,386.51390660621774,0.13453590960435444,1.4358512275185857,97.73178465450651
301.0,596.0,354.0,596.0,301.0,596.0,2809.0,143641.0,146450.0,53.0,379.0,382.6878623630491,0.138494071049789,1.4318556567778578,97.96071399469618
300.0,593.0,360.0,593.0,300.0,593.0,3600.0,150544.0,154144.0,60.0,388.0,392.6117675261403,0.15282272454048432,1.4173724052160515,98.79054318281395
300.0,596.0,360.0,596.0,300.0,596.0,3600.0,148996.0,152596.0,60.0,386.0,390.6353798620908,0.1535959185806014,1.4165899735776912,98.83537321344949
301.0,596.0,360.0,596.0,301.0,596.0,3481.0,150544.0,154025.0,59.0,388.0,392.4601890638081,0.1503337195569854,1.4198905069003158,98.6462665839208
302.0,598.0,367.0,598.0,302.0,598.0,4225.0,148996.0,153221.0,65.0,386.0,391.43454114321594,0.16605586162672895,1.4039676845600444,99.55857710195498
296.0,601.0,367.0,601.0,296.0,601.0,5041.0,142129.0,147170.0,71.0,377.0,383.6274234201721,0.18507540302257403,1.3846477364578689,100.66552858862143
297.0,605.0,368.0,605.0,297.0,605.0,5041.0,145161.0,150202.0,71.0,381.0,387.5590277622236,0.18319789996882782,1.3865579024177717,100.55608414094944
297.0,610.0,373.0,610.0,297.0,610.0,5776.0,137641.0,143417.0,76.0,371.0,378.7043701886737,0.20068424339052693,1.3687400031792214,101.57697456710774
296.0,608.0,378.0,608.0,296.0,608.0,6724.0,139129.0,145853.0,82.0,373.0,381.90705675595996,0.21471192676179932,1.3543994588061465,102.398627235605
290.0,617.0,384.0,617.0,290.0,617.0,8836.0,133225.0,142061.0,94.0,365.0,376.90980353394895,0.24939653762954786,1.3187392748094564,104.44180527527531
290.0,624.0,396.0,624.0,290.0,624.0,11236.0,125316.0,136552.0,106.0,354.0,369.52943049234926,0.2868513066977344,1.279857935588372,106.66954191445993
285.0,624.0,396.0,624.0,285.0,624.0,12321.0,133225.0,145546.0,111.0,365.0,381.5049147783027,0.2909530013905679,1.275573544597568,106.91501943601686
287.0,635.0,397.0,635.0,287.0,635.0,12100.0,128881.0,140981.0,110.0,359.0,375.47436663506073,0.29296274199967853,1.273472252706156,107.03541459291984
289.0,637.0,403.0,637.0,289.0,637.0,12996.0,125316.0,138312.0,114.0,354.0,371.9032132154816,0.3065313660894565,1.2592494998922086,107.85031830221683
283.0,645.0,407.0,645.0,283.0,645.0,15376.0,125316.0,140692.0,124.0,354.0,375.0893226952748,0.33058792265526166,1.2338698717818752,109.30446387855052
283.0,651.0,412.0,651.0,283.0,651.0,16641.0,118336.0,134977.0,129.0,344.0,367.39216104865386,0.3511234415883917,1.2120256565243244,110.55604521958347
284.0,659.0,416.0,659.0,284.0,659.0,17424.0,114921.0,132345.0,132.0,339.0,363.79252328765637,0.3628441805430552,1.1994780525256896,111.27496997170671
280.0,671.0,422.0,671.0,280.0,671.0,20164.0,106929.0,127093.0,142.0,327.0,356.50105189185626,0.3983157952730961,1.1611163634744253,113.47293284933738
282.0,677.0,432.0,677.0,282.0,677.0,22500.0,100489.0,122989.0,150.0,317.0,350.69787567078305,0.427718587439669,1.1288289937997658,115.32286286327405
287.0,690.0,432.0,690.0,287.0,690.0,21025.0,90000.0,111025.0,145.0,300.0,333.2041416309227,0.43516866054027287,1.1205707305341817,115.79602649449994
288.0,698.0,436.0,698.0,288.0,698.0,21904.0,87616.0,109520.0,148.0,296.0,330.9380606699689,0.447213595499958,1.1071487177940904,116.56505117707799
286.0,710.0,442.0,710.0,286.0,710.0,24336.0,81796.0,106132.0,156.0,286.0,325.77906623968335,0.47885213068057336,1.0714496051147664,118.61045966596522
286.0,719.0,446.0,719.0,286.0,719.0,25600.0,82944.0,108544.0,160.0,288.0,329.460164511584,0.48564293117863205,1.0636978224025597,119.05460409907714
287.0,732.0,445.0,732.0,287.0,732.0,24964.0,78961.0,103925.0,158.0,281.0,322.37400639629743,0.49011395728279994,1.0585758424879579,119.3480719309346
288.0,740.0,450.0,740.0,288.0,740.0,26244.0,76729.0,102973.0,162.0,277.0,320.89406351629503,0.5048395044297029,1.0416002996553393,120.3206988901872
289.0,748.0,456.0,748.0,289.0,748.0,27889.0,75625.0,103514.0,167.0,275.0,321.73591655269075,0.5190592389850587,1.0250463866054131,121.2691682423745
293.0,759.0,456.0,759.0,293.0,759.0,26569.0,70756.0,97325.0,163.0,266.0,311.96954979612997,0.5224868904882526,1.0210313042168226,121.49921551763805
294.0,768.0,460.0,768.0,294.0,768.0,27556.0,71289.0,98845.0,166.0,267.0,314.39624679693617,0.5279961249258072,1.0145570879865395,121.87016078328837
294.0,780.0,464.0,780.0,294.0,780.0,28900.0,67600.0,96500.0,170.0,260.0,310.64449134018133,0.5472493629827029,0.9917220574271658,123.17851165939274
299.0,790.0,469.0,790.0,299.0,790.0,28900.0,67600.0,96500.0,170.0,260.0,310.64449134018133,0.5472493629827029,0.9917220574271658,123.17851165939274
299.0,800.0,472.0,800.0,299.0,800.0,29929.0,66049.0,95978.0,173.0,257.0,309.8031633150314,0.5584190882650235,0.9783174774054962,123.9465375207798
300.0,808.0,476.0,808.0,300.0,808.0,30976.0,67081.0,98057.0,176.0,259.0,313.1405435263853,0.562047948240756,0.9739365589419551,124.19754565913163
303.0,820.0,482.0,820.0,303.0,820.0,32041.0,63001.0,95042.0,179.0,251.0,308.2888256164988,0.5806243532896328,0.9513009884820754,125.49446831335374
301.0,826.0,483.0,826.0,301.0,826.0,33124.0,64009.0,97133.0,182.0,253.0,311.66167553935793,0.5839665710743325,0.9471898970624443,125.73001650089105
304.0,835.0,484.0,835.0,304.0,835.0,32400.0,63001.0,95401.0,180.0,251.0,308.8705230351385,0.5827684630803127,0.9486650214300937,125.64549810036783
309.0,844.0,489.0,844.0,309.0,844.0,32400.0,62500.0,94900.0,180.0,250.0,308.05843601498725,0.584304725845076,0.9467732738181397,125.75388725443675
311.0,850.0,492.0,850.0,311.0,850.0,32761.0,62500.0,95261.0,181.0,250.0,308.6438076488819,0.5864365184540119,0.9441439151320598,125.9045384099752
311.0,856.0,492.0,856.0,311.0,856.0,32761.0,62500.0,95261.0,181.0,250.0,308.6438076488819,0.5864365184540119,0.9441439151320598,125.9045384099752
314.0,865.0,501.0,865.0,314.0,865.0,34969.0,61009.0,95978.0,187.0,247.0,309.8031633150314,0.6036090722864704,0.9227762042186543,127.12881806316895
317.0,871.0,500.0,871.0,317.0,871.0,33489.0,65536.0,99025.0,183.0,256.0,314.6823795511913,0.5815387574639536,0.9501774281949671,125.55884357583355
320.0,880.0,501.0,880.0,320.0,880.0,32761.0,66049.0,98810.0,181.0,257.0,314.3405796266209,0.575808571120518,0.9572035472206452,125.15627660930562
322.0,887.0,504.0,887.0,322.0,887.0,33124.0,64009.0,97133.0,182.0,253.0,311.66167553935793,0.5839665710743325,0.9471898970624443,125.73001650089105
325.0,893.0,509.0,893.0,325.0,893.0,33856.0,64516.0,98372.0,184.0,254.0,313.64310928187155,0.5866540489963034,0.943875331195706,125.91992713597327
327.0,899.0,513.0,899.0,327.0,899.0,34596.0,65025.0,99621.0,186.0,255.0,315.62794553081005,0.5893014311112182,0.9406024172503468,126.10745129175187
329.0,903.0,509.0,903.0,329.0,903.0,32400.0,66564.0,98964.0,180.0,258.0,314.5854414940399,0.5721815960240813,0.9616328611341242,124.90249561592472
333.0,908.0,510.0,908.0,333.0,908.0,31329.0,66564.0,97893.0,177.0,258.0,312.8785706947665,0.5657146784037027,0.9694966346597809,124.45193458185787
336.0,913.0,513.0,913.0,336.0,913.0,31329.0,70756.0,102085.0,177.0,266.0,319.50743340335606,0.5539777216279964,0.9836617785848523,123.64033161875591
339.0,919.0,512.0,919.0,339.0,919.0,29929.0,68644.0,98573.0,173.0,262.0,313.96337366004974,0.5510196873706653,0.9872106556541059,123.43699594067691
343.0,921.0,520.0,921.0,343.0,921.0,31329.0,72361.0,103690.0,177.0,269.0,322.0093166354042,0.549673536931879,0.9888229352885575,123.34461912222794
350.0,928.0,518.0,928.0,350.0,928.0,28224.0,70225.0,98449.0,168.0,265.0,313.765836253726,0.5354311419173986,1.005778180688781,122.37315512018652
357.0,932.0,524.0,932.0,357.0,932.0,27889.0,71289.0,99178.0,167.0,267.0,314.92538798896476,0.5302843351767239,1.0118604244563034,122.02466822233774
364.0,930.0,526.0,930.0,364.0,930.0,26244.0,76176.0,102420.0,162.0,276.0,320.0312484742701,0.5062005687642233,1.04002282959199,120.41108126712535
370.0,934.0,526.0,934.0,370.0,934.0,24336.0,76729.0,101065.0,156.0,277.0,317.90721916936707,0.4907092088301714,1.057892815809767,119.38720647688979
376.0,934.0,527.0,934.0,376.0,934.0,22801.0,80089.0,102890.0,151.0,283.0,320.764711276038,0.4707500379306223,1.0806556152507245,118.08299413902017
385.0,941.0,532.0,941.0,385.0,941.0,21609.0,77284.0,98893.0,147.0,278.0,314.47257432087775,0.4674493485400285,1.0843930446867245,117.8688552061094
390.0,938.0,533.0,938.0,390.0,938.0,20449.0,79524.0,99973.0,143.0,282.0,316.18507238641104,0.4522667655392635,1.1014910695320483,116.88921054446253
398.0,942.0,537.0,942.0,398.0,942.0,19321.0,80089.0,99410.0,139.0,283.0,315.29351404683223,0.44085905293742766,1.11424079746841,116.15870494376895
405.0,940.0,540.0,940.0,405.0,940.0,18225.0,81796.0,100021.0,135.0,286.0,316.26096818924714,0.4268626658956456,1.1297756899970377,115.26862116668929
414.0,944.0,546.0,944.0,414.0,944.0,17424.0,80656.0,98080.0,132.0,284.0,313.1772660970141,0.42148653267542685,1.1357123756328504,114.92847413546127
424.0,942.0,548.0,942.0,424.0,942.0,15376.0,84681.0,100057.0,124.0,291.0,316.3178780910115,0.3920107227209033,1.1679800875501503,113.079670428056
438.0,943.0,553.0,943.0,438.0,943.0,13225.0,87616.0,100841.0,115.0,296.0,317.55471969410246,0.3621423108142699,1.2002311426502765,111.2318210859749
446.0,945.0,554.0,945.0,446.0,945.0,11664.0,88804.0,100468.0,108.0,298.0,316.96687524093113,0.34072961068221286,1.223103489909123,109.92133212048537
455.0,943.0,558.0,943.0,455.0,943.0,10609.0,91809.0,102418.0,103.0,303.0,320.0281237641467,0.3218467139341435,1.2431169881108344,108.77464314023466
464.0,947.0,564.0,947.0,464.0,947.0,10000.0,90601.0,100601.0,100.0,301.0,317.1766069558094,0.31528176355683285,1.2500427810409842,108.37782443555552
472.0,945.0,568.0,945.0,472.0,945.0,9216.0,91809.0,101025.0,96.0,303.0,317.8443015062564,0.3020346740371256,1.2639700373883394,107.57985142665528
480.0,946.0,563.0,946.0,480.0,946.0,6889.0,90601.0,97490.0,83.0,301.0,312.23388669393336,0.26582636778742913,1.3017352962679232,105.41606148063617
486.0,943.0,565.0,943.0,486.0,943.0,6241.0,91809.0,98050.0,79.0,303.0,313.12936623702353,0.2522918912057609,1.3157482906002482,104.61317604705322
496.0,940.0,566.0,940.0,496.0,940.0,4900.0,93025.0,97925.0,70.0,305.0,312.92970456637704,0.22369241071888066,1.3451950829588726,102.92599912470595
505.0,939.0,567.0,939.0,505.0,939.0,3844.0,94249.0,98093.0,62.0,307.0,313.1980204279714,0.1979578284539593,1.3715222469255033,101.41756374286912
515.0,937.0,568.0,937.0,515.0,937.0,2809.0,97344.0,100153.0,53.0,312.0,316.46958779636316,0.16747264838005096,1.4025307763567931,99.640905877549
520.0,936.0,570.0,936.0,520.0,936.0,2500.0,97344.0,99844.0,50.0,312.0,315.9810120877519,0.15823735631973473,1.4118910646137035,99.10460086540218
525.0,933.0,571.0,933.0,525.0,933.0,2116.0,96100.0,98216.0,46.0,310.0,313.3943203059047,0.14677994149702306,1.4234841626663075,98.44036527550664
532.0,933.0,573.0,933.0,532.0,933.0,1681.0,96100.0,97781.0,41.0,310.0,312.69953629642623,0.1311162801377924,1.439301429777006,97.53410262663253
537.0,931.0,574.0,931.0,537.0,931.0,1369.0,97344.0,98713.0,37.0,312.0,314.1862504948299,0.11776454234304203,1.4527578688477072,96.7631054606064
542.0,932.0,574.0,932.0,542.0,932.0,1024.0,96100.0,97124.0,32.0,310.0,311.64723647098174,0.10268019817008582,1.467934837132828,95.89352923206508
552.0,925.0,576.0,925.0,552.0,925.0,576.0,100489.0,101065.0,24.0,317.0,317.90721916936707,0.07549372443541098,1.4952307075576508,94.32959105858677
557.0,928.0,576.0,928.0,557.0,928.0,361.0,101761.0,102122.0,19.0,319.0,319.5653297840678,0.059455761402021974,1.5113054803232655,93.4085744224852
563.0,926.0,577.0,926.0,563.0,926.0,196.0,103041.0,103237.0,14.0,321.0,321.3051509079803,0.043572286222107626,1.527210241462321,92.49729873505365
563.0,929.0,573.0,929.0,563.0,929.0,100.0,101124.0,101224.0,10.0,318.0,318.1571938523471,0.03143100389752897,1.5393601454386223,91.80116051572236
569.0,927.0,574.0,927.0,569.0,927.0,25.0,102400.0,102425.0,5.0,320.0,320.0390601161052,0.015623093000542114,1.5551725981744198,90.89517371021107
570.0,925.0,579.0,925.0,570.0,925.0,81.0,103684.0,103765.0,9.0,322.0,322.1257518423512,0.027939399282813665,1.542853291272057,91.60101800224284
575.0,930.0,580.0,930.0,575.0,930.0,25.0,100489.0,100514.0,5.0,317.0,317.0394297244429,0.01577090901389075,1.555024763946945,90.90364398751295
576.0,929.0,580.0,929.0,576.0,929.0,16.0,101124.0,101140.0,4.0,318.0,318.0251562376788,0.012577621365935486,1.558218373782614,90.72066362251765
581.0,928.0,581.0,928.0,581.0,928.0,0.0,101761.0,101761.0,0.0,319.0,319.0,nan,nan,nan
581.0,927.0,576.0,927.0,581.0,927.0,25.0,105625.0,105650.0,5.0,325.0,325.0384592629002,0.015382795043203982,1.5554129250143014,89.11859600341786
586.0,926.0,582.0,926.0,586.0,926.0,16.0,106276.0,106292.0,4.0,326.0,326.02453895374197,0.012269015126396792,1.5585270038410992,89.29701957726442
586.0,926.0,581.0,926.0,586.0,926.0,25.0,106276.0,106301.0,5.0,326.0,326.03834130359576,0.01533561966978654,1.5554601059531672,89.12129927208834
587.0,925.0,582.0,925.0,587.0,925.0,25.0,106929.0,106954.0,5.0,327.0,327.0382240656281,0.015288732729286804,1.5555069983912582,89.12398601088202
592.0,925.0,582.0,925.0,592.0,925.0,100.0,106929.0,107029.0,10.0,327.0,327.15286946624815,0.03056675008327165,1.5402248148232696,88.2483813906921
592.0,925.0,582.0,925.0,592.0,925.0,100.0,106929.0,107029.0,10.0,327.0,327.15286946624815,0.03056675008327165,1.5402248148232696,88.2483813906921
597.0,925.0,582.0,925.0,597.0,925.0,225.0,106929.0,107154.0,15.0,327.0,327.3438559069041,0.04582337419605018,1.5249569009137798,87.37359436170925
596.0,926.0,582.0,926.0,596.0,926.0,196.0,106276.0,106472.0,14.0,326.0,326.3004750226392,0.042905239408642167,1.527877912716192,87.54095600989538
597.0,925.0,582.0,925.0,597.0,925.0,225.0,106929.0,107154.0,15.0,327.0,327.3438559069041,0.04582337419605018,1.5249569009137798,87.37359436170925
597.0,926.0,582.0,926.0,597.0,926.0,225.0,106276.0,106501.0,15.0,326.0,326.3449095665505,0.04596364018646075,1.5248164869744067,87.36554923559838
601.0,926.0,582.0,926.0,601.0,926.0,361.0,106276.0,106637.0,19.0,326.0,326.553211590393,0.05818347309299275,1.5125799753449483,86.66444876326766
602.0,926.0,582.0,926.0,602.0,926.0,400.0,106276.0,106676.0,20.0,326.0,326.6129207487052,0.061234564615978336,1.5095234292079862,86.48932156973271
602.0,926.0,582.0,926.0,602.0,926.0,400.0,105625.0,106025.0,20.0,325.0,325.61480310329875,0.06142226891833034,1.5093353709121307,86.47854662307776
601.0,927.0,582.0,927.0,601.0,927.0,361.0,104976.0,105337.0,19.0,324.0,324.5566206380637,0.0585414032308041,1.5122214340572973,86.64390586070407
601.0,927.0,582.0,927.0,601.0,927.0,361.0,104976.0,105337.0,19.0,324.0,324.5566206380637,0.0585414032308041,1.5122214340572973,86.64390586070407
606.0,927.0,582.0,927.0,606.0,927.0,576.0,104976.0,105552.0,24.0,324.0,324.8876728963412,0.07387168551531179,1.4968572891369563,85.76360520094116
605.0,923.0,581.0,923.0,605.0,923.0,576.0,107584.0,108160.0,24.0,328.0,328.87687665751145,0.072975638311578,1.4977557614917774,85.8150838748816
605.0,928.0,581.0,928.0,605.0,928.0,576.0,104329.0,104905.0,24.0,323.0,323.8904135660702,0.07409913660536377,1.4966292129634677,85.75053739879277
606.0,928.0,582.0,928.0,606.0,928.0,576.0,104976.0,105552.0,24.0,324.0,324.8876728963412,0.07387168551531179,1.4968572891369563,85.76360520094116
606.0,928.0,581.0,928.0,606.0,928.0,625.0,104329.0,104954.0,25.0,323.0,323.9660476037574,0.07716858042660532,1.4935509507120168,85.5741659635502
601.0,927.0,582.0,927.0,601.0,927.0,361.0,104976.0,105337.0,19.0,324.0,324.5566206380637,0.0585414032308041,1.5122214340572973,86.64390586070407
601.0,928.0,582.0,928.0,601.0,928.0,361.0,104976.0,105337.0,19.0,324.0,324.5566206380637,0.0585414032308041,1.5122214340572973,86.64390586070407
601.0,927.0,581.0,927.0,601.0,927.0,400.0,108241.0,108641.0,20.0,329.0,329.607342151233,0.06067825998494731,1.5100807702616155,86.52125485985505
601.0,926.0,582.0,926.0,601.0,926.0,361.0,106276.0,106637.0,19.0,326.0,326.553211590393,0.05818347309299275,1.5125799753449483,86.66444876326766
601.0,931.0,582.0,931.0,601.0,931.0,361.0,103041.0,103402.0,19.0,321.0,321.5618136533006,0.05908661785470987,1.5116752740004538,86.6126131945083
601.0,931.0,582.0,931.0,601.0,931.0,361.0,103041.0,103402.0,19.0,321.0,321.5618136533006,0.05908661785470987,1.5116752740004538,86.6126131945083
601.0,931.0,582.0,931.0,601.0,931.0,361.0,103041.0,103402.0,19.0,321.0,321.5618136533006,0.05908661785470987,1.5116752740004538,86.6126131945083
601.0,927.0,581.0,927.0,601.0,927.0,400.0,105625.0,106025.0,20.0,325.0,325.61480310329875,0.06142226891833034,1.5093353709121307,86.47854662307776
601.0,927.0,581.0,927.0,601.0,927.0,400.0,105625.0,106025.0,20.0,325.0,325.61480310329875,0.06142226891833034,1.5093353709121307,86.47854662307776
601.0,927.0,576.0,927.0,601.0,927.0,625.0,105625.0,106250.0,25.0,325.0,325.96012026013244,0.07669649888473705,1.4940244355251187,85.60129464500447
601.0,931.0,581.0,931.0,601.0,931.0,400.0,103041.0,103441.0,20.0,321.0,321.6224494652076,0.062184713888150264,1.5085714655940248,86.4347780724027
601.0,931.0,577.0,931.0,601.0,931.0,576.0,103041.0,103617.0,24.0,321.0,321.895945920417,0.07455825493973003,1.4961688210873838,85.72415888737106
601.0,931.0,576.0,931.0,601.0,931.0,625.0,103041.0,103666.0,25.0,321.0,321.97204847626136,0.0776464917321642,1.4930716011302936,85.5467012556061
600.0,931.0,576.0,931.0,600.0,931.0,576.0,103041.0,103617.0,24.0,321.0,321.895945920417,0.07455825493973003,1.4961688210873838,85.72415888737106
600.0,931.0,576.0,931.0,600.0,931.0,576.0,103041.0,103617.0,24.0,321.0,321.895945920417,0.07455825493973003,1.4961688210873838,85.72415888737106
600.0,931.0,576.0,931.0,600.0,931.0,576.0,103041.0,103617.0,24.0,321.0,321.895945920417,0.07455825493973003,1.4961688210873838,85.72415888737106
600.0,931.0,576.0,931.0,600.0,931.0,576.0,103041.0,103617.0,24.0,321.0,321.895945920417,0.07455825493973003,1.4961688210873838,85.72415888737106
600.0,931.0,576.0,931.0,600.0,931.0,576.0,103041.0,103617.0,24.0,321.0,321.895945920417,0.07455825493973003,1.4961688210873838,85.72415888737106
600.0,931.0,575.0,931.0,600.0,931.0,625.0,103041.0,103666.0,25.0,321.0,321.97204847626136,0.0776464917321642,1.4930716011302936,85.5467012556061
600.0,931.0,575.0,931.0,600.0,931.0,625.0,103041.0,103666.0,25.0,321.0,321.97204847626136,0.0776464917321642,1.4930716011302936,85.5467012556061
579.0,941.0,574.0,941.0,579.0,941.0,25.0,99856.0,99881.0,5.0,316.0,316.0395544864598,0.015820804481656164,1.554974862253323,89.09349685605196
579.0,941.0,574.0,941.0,579.0,941.0,25.0,99856.0,99881.0,5.0,316.0,316.0395544864598,0.015820804481656164,1.554974862253323,89.09349685605196
579.0,942.0,574.0,942.0,579.0,942.0,25.0,99225.0,99250.0,5.0,315.0,315.03968004046726,0.015871016626723793,1.5549246438031066,89.09061955080087
579.0,942.0,574.0,942.0,579.0,942.0,25.0,99225.0,99250.0,5.0,315.0,315.03968004046726,0.015871016626723793,1.5549246438031066,89.09061955080087
579.0,941.0,574.0,941.0,579.0,941.0,25.0,99856.0,99881.0,5.0,316.0,316.0395544864598,0.015820804481656164,1.554974862253323,89.09349685605196
579.0,941.0,574.0,941.0,579.0,941.0,25.0,99856.0,99881.0,5.0,316.0,316.0395544864598,0.015820804481656164,1.554974862253323,89.09349685605196
579.0,941.0,574.0,941.0,579.0,941.0,25.0,99856.0,99881.0,5.0,316.0,316.0395544864598,0.015820804481656164,1.554974862253323,89.09349685605196
579.0,941.0,574.0,941.0,579.0,941.0,25.0,99856.0,99881.0,5.0,316.0,316.0395544864598,0.015820804481656164,1.554974862253323,89.09349685605196
579.0,942.0,574.0,942.0,579.0,942.0,25.0,99225.0,99250.0,5.0,315.0,315.03968004046726,0.015871016626723793,1.5549246438031066,89.09061955080087
579.0,941.0,574.0,941.0,579.0,941.0,25.0,99856.0,99881.0,5.0,316.0,316.0395544864598,0.015820804481656164,1.554974862253323,89.09349685605196
579.0,941.0,574.0,941.0,579.0,941.0,25.0,99856.0,99881.0,5.0,316.0,316.0395544864598,0.015820804481656164,1.554974862253323,89.09349685605196
579.0,941.0,574.0,941.0,579.0,941.0,25.0,99856.0,99881.0,5.0,316.0,316.0395544864598,0.015820804481656164,1.554974862253323,89.09349685605196
579.0,941.0,574.0,941.0,579.0,941.0,25.0,99856.0,99881.0,5.0,316.0,316.0395544864598,0.015820804481656164,1.554974862253323,89.09349685605196
579.0,941.0,574.0,941.0,579.0,941.0,25.0,99856.0,99881.0,5.0,316.0,316.0395544864598,0.015820804481656164,1.554974862253323,89.09349685605196
579.0,941.0,574.0,941.0,579.0,941.0,25.0,99856.0,99881.0,5.0,316.0,316.0395544864598,0.015820804481656164,1.554974862253323,89.09349685605196
579.0,941.0,574.0,941.0,579.0,941.0,25.0,99856.0,99881.0,5.0,316.0,316.0395544864598,0.015820804481656164,1.554974862253323,89.09349685605196
579.0,941.0,574.0,941.0,579.0,941.0,25.0,99856.0,99881.0,5.0,316.0,316.0395544864598,0.015820804481656164,1.554974862253323,89.09349685605196
579.0,941.0,574.0,941.0,579.0,941.0,25.0,99856.0,99881.0,5.0,316.0,316.0395544864598,0.015820804481656164,1.554974862253323,89.09349685605196
579.0,941.0,574.0,941.0,579.0,941.0,25.0,99856.0,99881.0,5.0,316.0,316.0395544864598,0.015820804481656164,1.554974862253323,89.09349685605196
579.0,941.0,574.0,941.0,579.0,941.0,25.0,99856.0,99881.0,5.0,316.0,316.0395544864598,0.015820804481656164,1.554974862253323,89.09349685605196
579.0,941.0,574.0,941.0,579.0,941.0,25.0,99856.0,99881.0,5.0,316.0,316.0395544864598,0.015820804481656164,1.554974862253323,89.09349685605196
579.0,941.0,574.0,941.0,579.0,941.0,25.0,99856.0,99881.0,5.0,316.0,316.0395544864598,0.015820804481656164,1.554974862253323,89.09349685605196
580.0,940.0,570.0,940.0,580.0,940.0,100.0,100489.0,100589.0,10.0,317.0,317.15768948584554,0.03153005691336483,1.5392610433042866,88.19316135023946
575.0,940.0,570.0,940.0,575.0,940.0,25.0,100489.0,100514.0,5.0,317.0,317.0394297244429,0.01577090901389075,1.555024763946945,89.09635601248705
574.0,941.0,574.0,941.0,574.0,941.0,0.0,99856.0,99856.0,0.0,316.0,316.0,nan,nan,nan
574.0,942.0,574.0,942.0,574.0,942.0,0.0,99225.0,99225.0,0.0,315.0,315.0,nan,nan,nan
574.0,942.0,574.0,942.0,574.0,942.0,0.0,99225.0,99225.0,0.0,315.0,315.0,nan,nan,nan
574.0,943.0,574.0,943.0,574.0,943.0,0.0,95481.0,95481.0,0.0,309.0,309.0,nan,nan,nan
569.0,938.0,573.0,938.0,569.0,938.0,16.0,98596.0,98612.0,4.0,314.0,314.02547667346994,0.012737820008658982,1.5580581623048322,90.72984306402411
568.0,938.0,573.0,938.0,568.0,938.0,25.0,98596.0,98621.0,5.0,314.0,314.0398063940302,0.0159215484731462,1.554874105570977,90.91227607660421
564.0,938.0,573.0,938.0,564.0,938.0,81.0,98596.0,98677.0,9.0,314.0,314.1289544120376,0.028650654050167094,1.5421417516002638,91.64178622239272
563.0,939.0,573.0,939.0,563.0,939.0,100.0,97969.0,98069.0,10.0,313.0,313.15970366571753,0.031932588653470255,1.5388583087583458,91.82991363950705
557.0,940.0,572.0,940.0,557.0,940.0,225.0,97344.0,97569.0,15.0,312.0,312.360368805007,0.048021456938936606,1.522756393947134,92.75248540026868
552.0,938.0,572.0,938.0,552.0,938.0,400.0,98596.0,98996.0,20.0,314.0,314.6362979695763,0.06356545677998632,1.507187985242629,93.64448951277154
547.0,939.0,571.0,939.0,547.0,939.0,576.0,97969.0,98545.0,24.0,313.0,313.9187793044564,0.07645289667976005,1.494268755090255,94.38470687506074
542.0,941.0,570.0,941.0,542.0,941.0,784.0,96721.0,97505.0,28.0,311.0,312.2579062249665,0.08966946694322409,1.4810062567131477,95.1445920578681
532.0,942.0,570.0,942.0,532.0,942.0,1444.0,96100.0,97544.0,38.0,310.0,312.3203483604615,0.12166994625704845,1.4488241712648755,96.98848972998347
526.0,946.0,569.0,946.0,526.0,946.0,1849.0,93636.0,95485.0,43.0,306.0,309.00647242412253,0.13915566124770665,1.4311875977159534,97.99899095940877
516.0,946.0,568.0,946.0,516.0,946.0,2704.0,91204.0,93908.0,52.0,302.0,306.44412214953644,0.1696883583057449,1.4002828939808702,99.76970005053123
510.0,951.0,567.0,951.0,510.0,951.0,3249.0,88209.0,91458.0,57.0,297.0,302.42023741806696,0.18847944994237595,1.3811827110205073,100.86405992208772
501.0,952.0,562.0,952.0,501.0,952.0,3721.0,88209.0,91930.0,61.0,297.0,303.19960422137757,0.20118759771025813,1.368226168888117,101.60641510335711
491.0,952.0,562.0,952.0,491.0,952.0,5041.0,88209.0,93250.0,71.0,297.0,305.3686296920494,0.23250587354568908,1.336142952002589,103.44464802410073
481.0,959.0,561.0,959.0,481.0,959.0,6400.0,84681.0,91081.0,80.0,291.0,301.7962889102515,0.2650794689652081,1.3025099880932927,105.37167490861923
472.0,956.0,561.0,956.0,472.0,956.0,7921.0,87025.0,94946.0,89.0,295.0,308.1330881291394,0.2888362315789334,1.277785290484923,106.78829573131601
464.0,959.0,561.0,959.0,464.0,959.0,9409.0,85264.0,94673.0,97.0,292.0,307.6897788357618,0.31525259099287967,1.250073521265583,108.37606315042474
450.0,964.0,560.0,964.0,450.0,964.0,12100.0,82369.0,94469.0,110.0,287.0,307.35809733924367,0.35788873288927386,1.2047904438588273,110.97059236919604
440.0,965.0,557.0,965.0,440.0,965.0,13689.0,82944.0,96633.0,117.0,288.0,310.85848870506976,0.37637704695593815,1.1849136573968229,112.10944834375167
428.0,971.0,558.0,971.0,428.0,971.0,16900.0,79524.0,96424.0,130.0,282.0,310.5221409175198,0.4186496963336676,1.1388383937491213,114.74936649071752
415.0,974.0,553.0,974.0,415.0,974.0,19044.0,78961.0,98005.0,138.0,281.0,313.05750270517393,0.44081358474888027,1.1142914534635038,116.15580256904306
401.0,982.0,556.0,982.0,401.0,982.0,24025.0,72900.0,96925.0,155.0,270.0,311.3278015211619,0.49786751855331546,1.0496581833107783,119.8590161649231
392.0,987.0,554.0,987.0,392.0,987.0,26244.0,71289.0,97533.0,162.0,267.0,312.3027377401614,0.5187274411112766,1.0254345273914631,121.24692941347695
378.0,990.0,550.0,990.0,378.0,990.0,29584.0,69696.0,99280.0,172.0,264.0,315.08728949292765,0.5458804773648627,0.9933567106503823,123.08485292873499
366.0,996.0,546.0,996.0,366.0,996.0,32400.0,64009.0,96409.0,180.0,253.0,310.49798711102784,0.5797139030586875,0.9524187966936304,125.43042262052657
350.0,1004.0,544.0,1004.0,350.0,1004.0,37636.0,58564.0,96200.0,194.0,242.0,310.16124838541646,0.6254811038125863,0.8950483355663582,128.71750791183862
342.0,1011.0,542.0,1011.0,342.0,1011.0,40000.0,55225.0,95225.0,200.0,235.0,308.58548248418947,0.648118629528358,0.8656849786804648,130.3999043337367
327.0,1012.0,543.0,1012.0,327.0,1012.0,46656.0,53824.0,100480.0,216.0,232.0,316.9858040985432,0.6814185279188428,0.8210972760767723,132.95459151111277
318.0,1015.0,538.0,1015.0,318.0,1015.0,48400.0,50176.0,98576.0,220.0,224.0,313.9681512510465,0.700708014884254,0.7944069286878652,134.48383577023515
310.0,1019.0,534.0,1019.0,310.0,1019.0,50176.0,49729.0,99905.0,224.0,223.0,316.07752213657966,0.7086869021429743,0.7831610306642377,135.12817826382354
299.0,1023.0,542.0,1023.0,299.0,1023.0,59049.0,48841.0,107890.0,243.0,221.0,328.4661321963042,0.7398022997840572,0.7380198522535838,137.71457726900107
292.0,1022.0,533.0,1022.0,292.0,1022.0,58081.0,48400.0,106481.0,241.0,220.0,326.31426570102633,0.7385518358575458,0.7398764878333177,137.6081998861885
285.0,1018.0,530.0,1018.0,285.0,1018.0,60025.0,50176.0,110201.0,245.0,224.0,331.96535963862254,0.7380288120022733,0.7406519319428327,137.563770211465
279.0,1016.0,524.0,1016.0,279.0,1016.0,60025.0,46656.0,106681.0,245.0,216.0,326.62057497959313,0.750105837684314,0.7225742217558639,138.59954670843896
275.0,1011.0,522.0,1011.0,275.0,1011.0,61009.0,47961.0,108970.0,247.0,219.0,330.1060435678208,0.7482444045264911,0.7253844797099077,138.4385307883292
268.0,1006.0,517.0,1006.0,268.0,1006.0,62001.0,46656.0,108657.0,249.0,216.0,329.6316125616595,0.7553887142830487,0.7145492038528385,139.05934636479924
267.0,996.0,510.0,996.0,267.0,996.0,59049.0,47524.0,106573.0,243.0,218.0,326.45520366506645,0.7443594014488767,0.7312212962143692,138.10410583683125
261.0,985.0,502.0,985.0,261.0,985.0,58081.0,44944.0,103025.0,241.0,212.0,320.97507691408066,0.7508371127036491,0.7214677426248266,138.66294329276673
259.0,976.0,498.0,976.0,259.0,976.0,57121.0,43681.0,100802.0,239.0,209.0,317.49330701606925,0.7527717741398042,0.718533703333999,138.8310513610567
257.0,959.0,494.0,959.0,257.0,959.0,56169.0,45796.0,101965.0,237.0,214.0,319.3195891266303,0.7422031346345449,0.7344445230632681,137.9194285419761
253.0,947.0,489.0,947.0,253.0,947.0,55696.0,45796.0,101492.0,236.0,214.0,318.57809089766357,0.740791682613887,0.7365481689063658,137.79889851357635
250.0,932.0,489.0,932.0,250.0,932.0,57121.0,46225.0,103346.0,239.0,215.0,321.4747268448952,0.7434488003012207,0.7325838879177945,138.02603508302542
250.0,919.0,484.0,919.0,250.0,919.0,54756.0,50625.0,105381.0,234.0,225.0,324.6243983436858,0.720833064901856,0.7657928325402436,136.12330271407544
247.0,906.0,482.0,906.0,247.0,906.0,55225.0,50625.0,105850.0,235.0,225.0,325.3459696999488,0.7223080101982803,0.7636624565556557,136.24536426676835
249.0,891.0,470.0,891.0,249.0,891.0,48841.0,53361.0,102202.0,221.0,231.0,319.6904753038476,0.6912936639415111,0.8075184486262037,133.73260101476674
249.0,873.0,458.0,873.0,249.0,873.0,43681.0,57600.0,101281.0,209.0,240.0,318.24675960644123,0.6567231046074409,0.8543310877667535,131.0504343641443
243.0,861.0,449.0,861.0,243.0,861.0,42436.0,60516.0,102952.0,206.0,246.0,320.8613407688748,0.6420218761985023,0.873663801382257,129.94275146744087
241.0,848.0,449.0,848.0,241.0,848.0,43264.0,61504.0,104768.0,208.0,248.0,323.67885318630255,0.6426122619764711,0.8728935041998397,129.98688624496418
243.0,834.0,442.0,834.0,243.0,834.0,39601.0,59536.0,99137.0,199.0,244.0,314.8602864763989,0.6320263575537225,0.8866310604228353,129.19978225256284
237.0,818.0,446.0,818.0,237.0,818.0,43681.0,62500.0,106181.0,209.0,250.0,325.8542619024646,0.6413910279392274,0.8744863426585817,129.89562332383215
241.0,803.0,437.0,803.0,241.0,803.0,38416.0,67600.0,106016.0,196.0,260.0,325.60098279949955,0.6019637849824735,0.9248382204887861,127.0106732336031
243.0,786.0,432.0,786.0,243.0,786.0,35721.0,75625.0,111346.0,189.0,275.0,333.68548065506235,0.5664016295493937,0.9686633254650041,124.49967968174802
246.0,771.0,425.0,771.0,246.0,771.0,32041.0,78400.0,110441.0,179.0,280.0,332.3266465392145,0.5386266851125886,1.0019900294058897,122.59020020085327
242.0,757.0,422.0,757.0,242.0,757.0,32400.0,82369.0,114769.0,180.0,287.0,338.7757370296757,0.5313249454586311,1.0106325571582166,122.09501983632025
246.0,747.0,418.0,747.0,246.0,747.0,29584.0,85849.0,115433.0,172.0,293.0,339.7543230041378,0.5062481574308187,1.0399676480447553,120.41424293688891
247.0,734.0,416.0,734.0,247.0,734.0,28561.0,87616.0,116177.0,169.0,296.0,340.84747321932724,0.49582295096332585,1.0520141135512333,119.7240313053178
248.0,718.0,409.0,718.0,248.0,718.0,25921.0,91809.0,117730.0,161.0,303.0,343.1180554852805,0.4692262544222386,1.082381944627911,117.98408275165792
251.0,707.0,404.0,707.0,251.0,707.0,23409.0,96100.0,119509.0,153.0,310.0,345.70073763299956,0.4425793275640239,1.1123233158509895,116.26856854774107
248.0,696.0,407.0,696.0,248.0,696.0,25281.0,100489.0,125770.0,159.0,317.0,354.6406632071399,0.44834114216375315,1.1058876844146055,116.6373030675476
248.0,685.0,395.0,685.0,248.0,685.0,21609.0,104976.0,126585.0,147.0,324.0,355.78785814021256,0.4131675565557628,1.1448666702609547,114.40397168885161
248.0,674.0,390.0,674.0,248.0,674.0,20164.0,106929.0,127093.0,142.0,327.0,356.50105189185626,0.3983157952730961,1.1611163634744253,113.47293284933738
252.0,664.0,389.0,664.0,252.0,664.0,18769.0,109561.0,128330.0,137.0,331.0,358.23176855214837,0.38243397718105143,1.178367238347649,112.48453052619338
251.0,656.0,379.0,656.0,251.0,656.0,16384.0,111556.0,127940.0,128.0,334.0,357.6870140220357,0.35785475844005454,1.2048268280026015,110.96850771131658
257.0,645.0,377.0,645.0,257.0,645.0,14400.0,112896.0,127296.0,120.0,336.0,356.78564993564413,0.3363363969981562,1.2277723863741932,109.6538240580533
256.0,633.0,370.0,633.0,256.0,633.0,12996.0,120409.0,133405.0,114.0,347.0,365.24649211183396,0.3121179873374242,1.253374749685314,108.1869166947655
261.0,624.0,363.0,624.0,261.0,624.0,10404.0,124609.0,135013.0,102.0,353.0,367.441151750862,0.27759547212926106,1.2895060225002795,106.11674725403222
261.0,621.0,363.0,621.0,261.0,621.0,10404.0,126736.0,137140.0,102.0,356.0,370.32418230517976,0.2754343488050775,1.2917548281632587,105.98790018059839
260.0,612.0,356.0,612.0,260.0,612.0,9216.0,132496.0,141712.0,96.0,364.0,376.4465433497829,0.2550162876932029,1.3129317789939,104.77455027504658
261.0,604.0,350.0,604.0,261.0,604.0,7921.0,137641.0,145562.0,89.0,371.0,381.5258837877189,0.23327381910874392,1.335353293265035,103.4898921370182
260.0,595.0,338.0,595.0,260.0,595.0,6084.0,146689.0,152773.0,78.0,383.0,390.86186818363336,0.19955899091019622,1.3698884883621052,101.51117121329519
266.0,594.0,338.0,594.0,266.0,594.0,5184.0,145161.0,150345.0,72.0,381.0,387.7434718986253,0.18568978001730035,1.3840225222521778,100.70135072389915
266.0,587.0,339.0,587.0,266.0,587.0,5329.0,152881.0,158210.0,73.0,391.0,397.75620673975664,0.18352950566969364,1.3862205774179164,100.5754114397654
271.0,583.0,338.0,583.0,271.0,583.0,4489.0,153664.0,158153.0,67.0,392.0,397.68454835459727,0.1684752406831234,1.4015137332844751,99.69917815317585
269.0,579.0,337.0,579.0,269.0,579.0,4624.0,158404.0,163028.0,68.0,398.0,403.7672596930068,0.16841385319776028,1.401576010642838,99.69560992338242
274.0,580.0,335.0,580.0,274.0,580.0,3721.0,157609.0,161330.0,61.0,397.0,401.6590594023742,0.15187009622230727,1.4183362847876793,98.73531695140079
280.0,581.0,340.0,581.0,280.0,581.0,3600.0,158404.0,162004.0,60.0,398.0,402.4972049592394,0.14906935814889985,1.4211692785817918,98.57299836361139
281.0,576.0,340.0,576.0,281.0,576.0,3481.0,161604.0,165085.0,59.0,402.0,406.3065345278119,0.14521056145101555,1.4250705404644548,98.34947252295953
281.0,580.0,334.0,580.0,281.0,580.0,2809.0,156025.0,158834.0,53.0,395.0,398.5398348973412,0.13298545178966142,1.4374157447793598,97.64214441848878
280.0,582.0,334.0,582.0,280.0,582.0,2916.0,153664.0,156580.0,54.0,392.0,395.7019080065195,0.13646636244955965,1.433902804416695,97.84342107495064
280.0,580.0,327.0,580.0,280.0,580.0,2209.0,160801.0,163010.0,47.0,401.0,403.74496900890296,0.11641011927745806,1.454121672781001,96.68496525114533
281.0,583.0,322.0,583.0,281.0,583.0,1681.0,159201.0,160882.0,41.0,399.0,401.10098479061355,0.10221864706067277,1.4683988296756492,95.86694441763588
287.0,581.0,315.0,581.0,287.0,581.0,784.0,160000.0,160784.0,28.0,400.0,400.9788024322483,0.06982912769991387,1.500910325160254,94.0041729407094
287.0,586.0,315.0,586.0,287.0,586.0,784.0,160801.0,161585.0,28.0,401.0,401.9763674645563,0.06965583617914768,1.5010840396711134,93.99421983239696
286.0,589.0,314.0,589.0,286.0,589.0,784.0,156025.0,156809.0,28.0,395.0,395.9911615175268,0.07070864888170163,1.5000286244616856,94.0546906695311
285.0,585.0,306.0,585.0,285.0,585.0,441.0,156025.0,156466.0,21.0,395.0,395.55783395099127,0.05308958184507061,1.5176817744022173,93.04323968282701
285.0,585.0,306.0,585.0,285.0,585.0,441.0,155236.0,155677.0,21.0,394.0,394.5592477689504,0.05322394575401607,1.5175472202578006,93.05094906741807
285.0,588.0,306.0,588.0,285.0,588.0,441.0,153664.0,154105.0,21.0,392.0,392.56209699867867,0.05349472137161191,1.5172760583355815,93.06648550112588
283.0,589.0,304.0,589.0,283.0,589.0,441.0,150544.0,150985.0,21.0,388.0,388.5678833871889,0.05404461073041008,1.5167253723281942,93.0980374851861
289.0,583.0,303.0,583.0,289.0,583.0,196.0,155236.0,155432.0,14.0,394.0,394.24865250245307,0.03551058427501636,1.5352782751311569,92.03503445685989
289.0,582.0,303.0,582.0,289.0,582.0,196.0,156025.0,156221.0,14.0,395.0,395.2480233979672,0.035420796996380385,1.5353681189310513,92.02988678631053
284.0,584.0,305.0,584.0,284.0,584.0,441.0,164836.0,165277.0,21.0,406.0,406.5427406804849,0.0516550854280401,1.5191182423124667,92.96093613416375
284.0,582.0,304.0,582.0,284.0,582.0,400.0,157609.0,158009.0,20.0,397.0,397.50345910444605,0.05031402756861268,1.5204610466686879,92.8839991118405
284.0,585.0,304.0,585.0,284.0,585.0,400.0,160801.0,161201.0,20.0,401.0,401.49844333446674,0.049813393630866655,1.5209623091817652,92.85527888541303
284.0,588.0,298.0,588.0,284.0,588.0,196.0,158404.0,158600.0,14.0,398.0,398.24615503479754,0.03515413726662778,1.5356349448398683,92.01459878787057
284.0,590.0,298.0,590.0,284.0,590.0,196.0,162409.0,162605.0,14.0,403.0,403.24310285484114,0.03471851074670383,1.5360708374581298,91.98962398052328
284.0,587.0,298.0,587.0,284.0,587.0,196.0,164836.0,165032.0,14.0,406.0,406.2413075993134,0.034462275839778886,1.5363272257953886,91.97493401088197
284.0,589.0,291.0,589.0,284.0,589.0,49.0,163216.0,163265.0,7.0,404.0,404.0606390135025,0.017324132380452134,1.5534713277282246,90.99264932658839
285.0,584.0,292.0,584.0,285.0,584.0,49.0,167281.0,167330.0,7.0,409.0,409.05989781448875,0.01711240832308266,1.5536830831777624,90.98051663304098
278.0,583.0,292.0,583.0,278.0,583.0,196.0,167281.0,167477.0,14.0,409.0,409.23953865676276,0.03420979323247179,1.5365798573689615,91.9604592879445
278.0,588.0,285.0,588.0,278.0,588.0,49.0,161604.0,161653.0,7.0,402.0,402.06094065452316,0.01741029603274707,1.5533851510786167,90.9975868849035
278.0,590.0,285.0,590.0,278.0,590.0,49.0,155236.0,155285.0,7.0,394.0,394.06217783491985,0.01776369414202556,1.5530316983013739,91.0178382372967
278.0,587.0,285.0,587.0,278.0,587.0,49.0,158404.0,158453.0,7.0,398.0,398.06155302917665,0.017585220041300805,1.5532102002853128,91.00761082698229
278.0,583.0,285.0,583.0,278.0,583.0,49.0,163216.0,163265.0,7.0,404.0,404.0606390135025,0.017324132380452134,1.5534713277282246,90.99264932658839
278.0,586.0,284.0,586.0,278.0,586.0,36.0,167281.0,167317.0,6.0,409.0,409.04400741240545,0.014668348371500998,1.556127452364402,90.8404645950747
277.0,586.0,284.0,586.0,277.0,586.0,49.0,173056.0,173105.0,7.0,416.0,416.0588900624526,0.016824541350262373,1.553970991603174,90.96402069537864
275.0,587.0,275.0,587.0,275.0,587.0,0.0,165649.0,165649.0,0.0,407.0,407.0,nan,nan,nan
276.0,584.0,276.0,584.0,276.0,584.0,0.0,168921.0,168921.0,0.0,411.0,411.0,nan,nan,nan
276.0,582.0,276.0,582.0,276.0,582.0,0.0,165649.0,165649.0,0.0,407.0,407.0,nan,nan,nan
277.0,585.0,277.0,585.0,277.0,585.0,0.0,163216.0,163216.0,0.0,404.0,404.0,nan,nan,nan
276.0,584.0,276.0,584.0,276.0,584.0,0.0,164025.0,164025.0,0.0,405.0,405.0,nan,nan,nan
277.0,588.0,277.0,588.0,277.0,588.0,0.0,167281.0,167281.0,0.0,409.0,409.0,nan,nan,nan
277.0,586.0,277.0,586.0,277.0,586.0,0.0,168100.0,168100.0,0.0,410.0,410.0,nan,nan,nan
277.0,586.0,277.0,586.0,277.0,586.0,0.0,168100.0,168100.0,0.0,410.0,410.0,nan,nan,nan
277.0,584.0,277.0,584.0,277.0,584.0,0.0,164836.0,164836.0,0.0,406.0,406.0,nan,nan,nan
277.0,585.0,277.0,585.0,277.0,585.0,0.0,164025.0,164025.0,0.0,405.0,405.0,nan,nan,nan
277.0,586.0,277.0,586.0,277.0,586.0,0.0,163216.0,163216.0,0.0,404.0,404.0,nan,nan,nan
277.0,585.0,277.0,585.0,277.0,585.0,0.0,164025.0,164025.0,0.0,405.0,405.0,nan,nan,nan
277.0,585.0,277.0,585.0,277.0,585.0,0.0,168921.0,168921.0,0.0,411.0,411.0,nan,nan,nan
277.0,584.0,277.0,584.0,277.0,584.0,0.0,163216.0,163216.0,0.0,404.0,404.0,nan,nan,nan
277.0,584.0,277.0,584.0,277.0,584.0,0.0,163216.0,163216.0,0.0,404.0,404.0,nan,nan,nan
277.0,586.0,283.0,586.0,277.0,586.0,36.0,163216.0,163252.0,6.0,404.0,404.04455199891015,0.014849847548535154,1.555945933415817,90.85086486473028
270.0,586.0,277.0,586.0,270.0,586.0,49.0,164025.0,164074.0,7.0,405.0,405.0604893099301,0.01728136953551148,1.5535140969758874,90.99019882920436
270.0,586.0,277.0,586.0,270.0,586.0,49.0,164025.0,164074.0,7.0,405.0,405.0604893099301,0.01728136953551148,1.5535140969758874,90.99019882920436
276.0,586.0,283.0,586.0,276.0,586.0,49.0,164836.0,164885.0,7.0,406.0,406.06034034364893,0.017238817250844786,1.5535566556003668,90.98776039963981
270.0,584.0,276.0,584.0,270.0,584.0,36.0,166464.0,166500.0,6.0,408.0,408.0441152620633,0.014704292441876154,1.5560915044170451,90.84252426074042
276.0,587.0,283.0,587.0,276.0,587.0,49.0,164025.0,164074.0,7.0,405.0,405.0604893099301,0.01728136953551148,1.5535140969758874,90.99019882920436
276.0,587.0,283.0,587.0,276.0,587.0,49.0,163216.0,163265.0,7.0,404.0,404.0606390135025,0.017324132380452134,1.5534713277282246,90.99264932658839
276.0,586.0,283.0,586.0,276.0,586.0,49.0,164025.0,164074.0,7.0,405.0,405.0604893099301,0.01728136953551148,1.5535140969758874,90.99019882920436
276.0,586.0,283.0,586.0,276.0,586.0,49.0,163216.0,163265.0,7.0,404.0,404.0606390135025,0.017324132380452134,1.5534713277282246,90.99264932658839
277.0,586.0,283.0,586.0,277.0,586.0,36.0,168921.0,168957.0,6.0,411.0,411.04379328728464,0.014596984793312548,1.5561988235838364,90.83637532542241
277.0,585.0,283.0,585.0,277.0,585.0,36.0,168100.0,168136.0,6.0,410.0,410.0439000887588,0.014632579581603897,1.5561632249935557,90.83841497440211
277.0,585.0,284.0,585.0,277.0,585.0,49.0,161604.0,161653.0,7.0,402.0,402.06094065452316,0.01741029603274707,1.5533851510786167,90.9975868849035
278.0,585.0,284.0,585.0,278.0,585.0,36.0,160801.0,160837.0,6.0,401.0,401.04488526846967,0.014960918890621051,1.5558348497332328,90.85722949091513
278.0,589.0,284.0,589.0,278.0,589.0,36.0,156816.0,156852.0,6.0,396.0,396.045451937022,0.015149776296267384,1.555645970920127,90.86805144974554
277.0,588.0,284.0,588.0,277.0,588.0,49.0,156816.0,156865.0,7.0,396.0,396.06186385462564,0.01767400661066764,1.5531213999151217,91.01269871341343
277.0,587.0,291.0,587.0,277.0,587.0,196.0,163216.0,163412.0,14.0,404.0,404.2425014765271,0.0346326770412906,1.5361567228132387,91.98470311215355
278.0,587.0,285.0,587.0,278.0,587.0,49.0,164025.0,164074.0,7.0,405.0,405.0604893099301,0.01728136953551148,1.5535140969758874,90.99019882920436
278.0,589.0,292.0,589.0,278.0,589.0,196.0,163216.0,163412.0,14.0,404.0,404.2425014765271,0.0346326770412906,1.5361567228132387,91.98470311215355
278.0,587.0,292.0,587.0,278.0,587.0,196.0,161604.0,161800.0,14.0,402.0,402.24370722237535,0.03480477071145398,1.5359845253290239,91.99456930124184
277.0,588.0,297.0,588.0,277.0,588.0,400.0,159201.0,159601.0,20.0,399.0,399.50093867223893,0.05006246059513899,1.520712931073605,92.86956719851358
276.0,585.0,297.0,585.0,276.0,585.0,441.0,168921.0,169362.0,21.0,411.0,411.5361466505707,0.051028324415524046,1.5197458310338867,92.92497794915636
276.0,589.0,296.0,589.0,276.0,589.0,400.0,166464.0,166864.0,20.0,408.0,408.48990195597247,0.04896081862546414,1.5218159258711694,92.80637025178824
282.0,588.0,303.0,588.0,282.0,588.0,441.0,167281.0,167722.0,21.0,409.0,409.53876495394184,0.05127719717170543,1.5194966320358412,92.93925600000327
282.0,591.0,303.0,591.0,282.0,591.0,441.0,164836.0,165277.0,21.0,406.0,406.5427406804849,0.0516550854280401,1.5191182423124667,92.96093613416375
282.0,591.0,302.0,591.0,282.0,591.0,400.0,160000.0,160400.0,20.0,400.0,400.4996878900157,0.04993761694389224,1.5208379310729538,92.86240522611175
282.0,586.0,302.0,586.0,282.0,586.0,400.0,164025.0,164425.0,20.0,405.0,405.493526458808,0.04932261231063499,1.5214536945419266,92.82712457816127
283.0,583.0,296.0,583.0,283.0,583.0,169.0,166464.0,166633.0,13.0,408.0,408.2070553040454,0.0318465833235469,1.5389443578530533,91.8249833895494
282.0,590.0,295.0,590.0,282.0,590.0,169.0,156025.0,156194.0,13.0,395.0,395.2138661535043,0.03289358272401984,1.5378968094384338,91.88500349254272
281.0,584.0,295.0,584.0,281.0,584.0,196.0,160000.0,160196.0,14.0,400.0,400.2449250146715,0.034978582175618625,1.535810607966371,92.0045340321059
281.0,587.0,294.0,587.0,281.0,587.0,169.0,158404.0,158573.0,13.0,398.0,398.2122549595881,0.03264590639311008,1.5381446188615566,91.8708050584742
281.0,583.0,294.0,583.0,281.0,583.0,169.0,161604.0,161773.0,13.0,402.0,402.2101440789379,0.03232141255355463,1.5384692840391732,91.85220311404191
281.0,584.0,294.0,584.0,281.0,584.0,169.0,159201.0,159370.0,13.0,399.0,399.21172327475557,0.03256417395100598,1.5382263947827688,91.86611964332296
281.0,583.0,293.0,583.0,281.0,583.0,144.0,160000.0,160144.0,12.0,400.0,400.17995951821473,0.029986509105671005,1.5408053219380187,91.71835800165546
282.0,586.0,294.0,586.0,282.0,586.0,144.0,157609.0,157753.0,12.0,397.0,397.1813187953331,0.030212901342884107,1.5405788270757754,91.7313352013434
281.0,581.0,294.0,581.0,281.0,581.0,169.0,156816.0,156985.0,13.0,396.0,396.2133263786063,0.03281060765628488,1.5379798293183111,91.88024680381007
280.0,585.0,293.0,585.0,280.0,585.0,169.0,153664.0,153833.0,13.0,392.0,392.21550198838395,0.03314504381926499,1.5376452111494499,91.89941901263421
280.0,588.0,293.0,588.0,280.0,588.0,169.0,150544.0,150713.0,13.0,388.0,388.2177224187479,0.033486364092306056,1.5373037012950617,91.91898608595278
286.0,586.0,293.0,586.0,286.0,586.0,49.0,152881.0,152930.0,7.0,391.0,391.0626548265636,0.01789994496688645,1.5528954258091447,91.02564607596516
284.0,585.0,291.0,585.0,284.0,585.0,49.0,150544.0,150593.0,7.0,388.0,388.06313919258037,0.018038301742764024,1.552757046690778,91.0335746154203
284.0,585.0,291.0,585.0,284.0,585.0,49.0,151321.0,151370.0,7.0,389.0,389.0629769073382,0.01799194581721192,1.5528034101404504,91.03091818543041
285.0,584.0,292.0,584.0,285.0,584.0,49.0,155236.0,155285.0,7.0,394.0,394.06217783491985,0.01776369414202556,1.5530316983013739,91.0178382372967
285.0,583.0,291.0,583.0,285.0,583.0,36.0,156025.0,156061.0,6.0,395.0,395.0455669919611,0.015188121324044868,1.5556076214800474,90.87024871080878
285.0,588.0,292.0,588.0,285.0,588.0,49.0,152881.0,152930.0,7.0,391.0,391.0626548265636,0.01789994496688645,1.5528954258091447,91.02564607596516
284.0,584.0,290.0,584.0,284.0,584.0,36.0,148225.0,148261.0,6.0,385.0,385.0467504083108,0.015582523404333337,1.555213172709819,90.89284896057698
290.0,583.0,290.0,583.0,290.0,583.0,0.0,153664.0,153664.0,0.0,392.0,392.0,nan,nan,nan
290.0,584.0,290.0,584.0,290.0,584.0,0.0,148225.0,148225.0,0.0,385.0,385.0,nan,nan,nan
290.0,585.0,290.0,585.0,290.0,585.0,0.0,152881.0,152881.0,0.0,391.0,391.0,nan,nan,nan
291.0,582.0,291.0,582.0,291.0,582.0,0.0,152100.0,152100.0,0.0,390.0,390.0,nan,nan,nan
291.0,584.0,291.0,584.0,291.0,584.0,0.0,149769.0,149769.0,0.0,387.0,387.0,nan,nan,nan
292.0,584.0,292.0,584.0,292.0,584.0,0.0,148996.0,148996.0,0.0,386.0,386.0,nan,nan,nan
293.0,582.0,293.0,582.0,293.0,582.0,0.0,150544.0,150544.0,0.0,388.0,388.0,nan,nan,nan
295.0,581.0,289.0,581.0,295.0,581.0,36.0,150544.0,150580.0,6.0,388.0,388.0463889794621,0.015462068892793017,1.5553336417353112,89.11405340614576
296.0,582.0,289.0,582.0,296.0,582.0,49.0,149769.0,149818.0,7.0,387.0,387.06330231630074,0.018084897116595503,1.5527104437148789,88.96375523074792
296.0,586.0,290.0,586.0,296.0,586.0,36.0,152100.0,152136.0,6.0,390.0,390.0461511154802,0.015382795043203982,1.5554129250143014,89.11859600341786
297.0,582.0,290.0,582.0,297.0,582.0,49.0,155236.0,155285.0,7.0,394.0,394.06217783491985,0.01776369414202556,1.5530316983013739,88.9821617627033
297.0,584.0,291.0,584.0,297.0,584.0,36.0,148225.0,148261.0,6.0,385.0,385.0467504083108,0.015582523404333337,1.555213172709819,89.10715103942302
298.0,586.0,291.0,586.0,298.0,586.0,49.0,152100.0,152149.0,7.0,390.0,390.06281545412656,0.01794582749922041,1.5528495359056114,88.97172462624012
300.0,584.0,293.0,584.0,300.0,584.0,49.0,151321.0,151370.0,7.0,389.0,389.0629769073382,0.01799194581721192,1.5528034101404504,88.96908181456959
300.0,583.0,293.0,583.0,300.0,583.0,49.0,152100.0,152149.0,7.0,390.0,390.06281545412656,0.01794582749922041,1.5528495359056114,88.97172462624012
300.0,584.0,294.0,584.0,300.0,584.0,36.0,151321.0,151357.0,6.0,389.0,389.0462697417879,0.015422330109943561,1.5553733852570961,89.11633054220702
300.0,583.0,294.0,583.0,300.0,583.0,36.0,152100.0,152136.0,6.0,390.0,390.0461511154802,0.015382795043203982,1.5554129250143014,89.11859600341786
307.0,584.0,294.0,584.0,307.0,584.0,169.0,151321.0,151490.0,13.0,389.0,389.21716303369766,0.03340037705088171,1.537389736463379,88.08594336608151
307.0,584.0,294.0,584.0,307.0,584.0,169.0,151321.0,151490.0,13.0,389.0,389.21716303369766,0.03340037705088171,1.537389736463379,88.08594336608151
307.0,583.0,294.0,583.0,307.0,583.0,169.0,151321.0,151490.0,13.0,389.0,389.21716303369766,0.03340037705088171,1.537389736463379,88.08594336608151
307.0,588.0,294.0,588.0,307.0,588.0,169.0,146689.0,146858.0,13.0,383.0,383.22056312259656,0.03392302306032872,1.53686679408835,88.05598097506379
307.0,588.0,294.0,588.0,307.0,588.0,169.0,147456.0,147625.0,13.0,384.0,384.2199890687625,0.033834783118671725,1.5369550847136937,88.06103965526655
307.0,584.0,295.0,584.0,307.0,584.0,144.0,149769.0,149913.0,12.0,387.0,387.1860018130821,0.03099285600152745,1.5397985069126623,88.22395574664127
302.0,585.0,295.0,585.0,302.0,585.0,49.0,148996.0,149045.0,7.0,386.0,386.0634662850138,0.018131733798484328,1.552663599351963,88.96107124645887
302.0,587.0,296.0,587.0,302.0,587.0,36.0,147456.0,147492.0,6.0,384.0,384.04687213932624,0.015623093000542114,1.5551725981744198,89.10482628978893
309.0,587.0,296.0,587.0,309.0,587.0,169.0,148996.0,149165.0,13.0,386.0,386.21884987659524,0.03365967249955242,1.5371302951328776,88.07107847281252
309.0,589.0,296.0,589.0,309.0,589.0,169.0,147456.0,147625.0,13.0,384.0,384.2199890687625,0.033834783118671725,1.5369550847136937,88.06103965526655
309.0,582.0,296.0,582.0,309.0,582.0,169.0,152881.0,153050.0,13.0,391.0,391.21605284037105,0.033229720267395124,1.5375604880313205,88.09572671026979
309.0,582.0,296.0,582.0,309.0,582.0,169.0,152881.0,153050.0,13.0,391.0,391.21605284037105,0.033229720267395124,1.5375604880313205,88.09572671026979
309.0,582.0,296.0,582.0,309.0,582.0,169.0,153664.0,153833.0,13.0,392.0,392.21550198838395,0.03314504381926499,1.5376452111494499,88.10058098736579
309.0,588.0,296.0,588.0,309.0,588.0,169.0,148225.0,148394.0,13.0,385.0,385.21941799447234,0.03374700078121852,1.5370429172101403,88.06607208661704
309.0,582.0,296.0,582.0,309.0,582.0,169.0,152100.0,152269.0,13.0,390.0,390.2166065148945,0.033314830232638475,1.5374753309166493,88.09084756700362
309.0,583.0,303.0,583.0,309.0,583.0,36.0,151321.0,151357.0,6.0,389.0,389.0462697417879,0.015422330109943561,1.5553733852570961,89.11633054220702
309.0,586.0,303.0,586.0,309.0,586.0,36.0,144400.0,144436.0,6.0,380.0,380.04736546909515,0.015787505835211244,1.5550081650590721,89.09540496626732
309.0,587.0,303.0,587.0,309.0,587.0,36.0,143641.0,143677.0,6.0,379.0,379.0474904283103,0.015829151099827125,1.5549665145898341,89.09301857016524
309.0,588.0,303.0,588.0,309.0,588.0,36.0,144400.0,144436.0,6.0,380.0,380.04736546909515,0.015787505835211244,1.5550081650590721,89.09540496626732
309.0,581.0,303.0,581.0,309.0,581.0,36.0,149769.0,149805.0,6.0,387.0,387.04650883324086,0.015502012970190882,1.5552936928698802,89.11176450476023
309.0,586.0,303.0,586.0,309.0,586.0,36.0,145924.0,145960.0,6.0,382.0,382.04711751301045,0.015704869177021533,1.5550908119637572,89.10014028509559
310.0,585.0,304.0,585.0,310.0,585.0,36.0,146689.0,146725.0,6.0,383.0,383.0469945058961,0.015663874370661964,1.5551318118134014,89.10248940344088
304.0,585.0,304.0,585.0,304.0,585.0,0.0,146689.0,146689.0,0.0,383.0,383.0,nan,nan,nan
304.0,586.0,310.0,586.0,304.0,586.0,36.0,145924.0,145960.0,6.0,382.0,382.04711751301045,0.015704869177021533,1.5550908119637572,90.89985971490441
304.0,586.0,310.0,586.0,304.0,586.0,36.0,146689.0,146725.0,6.0,383.0,383.0469945058961,0.015663874370661964,1.5551318118134014,90.89751059655912
304.0,586.0,310.0,586.0,304.0,586.0,36.0,145924.0,145960.0,6.0,382.0,382.04711751301045,0.015704869177021533,1.5550908119637572,90.89985971490441
304.0,587.0,310.0,587.0,304.0,587.0,36.0,145924.0,145960.0,6.0,382.0,382.04711751301045,0.015704869177021533,1.5550908119637572,90.89985971490441
304.0,586.0,311.0,586.0,304.0,586.0,49.0,150544.0,150593.0,7.0,388.0,388.06313919258037,0.018038301742764024,1.552757046690778,91.0335746154203
305.0,586.0,311.0,586.0,305.0,586.0,36.0,149769.0,149805.0,6.0,387.0,387.04650883324086,0.015502012970190882,1.5552936928698802,90.88823549523977
311.0,581.0,311.0,581.0,311.0,581.0,0.0,153664.0,153664.0,0.0,392.0,392.0,nan,nan,nan
305.0,584.0,312.0,584.0,305.0,584.0,49.0,152100.0,152149.0,7.0,390.0,390.06281545412656,0.01794582749922041,1.5528495359056114,91.02827537375988
306.0,584.0,312.0,584.0,306.0,584.0,36.0,152100.0,152136.0,6.0,390.0,390.0461511154802,0.015382795043203982,1.5554129250143014,90.88140399658214
306.0,580.0,312.0,580.0,306.0,580.0,36.0,156025.0,156061.0,6.0,395.0,395.0455669919611,0.015188121324044868,1.5556076214800474,90.87024871080878
306.0,580.0,312.0,580.0,306.0,580.0,36.0,156025.0,156061.0,6.0,395.0,395.0455669919611,0.015188121324044868,1.5556076214800474,90.87024871080878
306.0,582.0,312.0,582.0,306.0,582.0,36.0,154449.0,154485.0,6.0,393.0,393.04579885809744,0.015265396596100494,1.5555303372481168,90.87467677112132
306.0,584.0,313.0,584.0,306.0,584.0,49.0,153664.0,153713.0,7.0,392.0,392.0624950183325,0.01785429641688294,1.5529410816553442,91.02303018866783
307.0,584.0,319.0,584.0,307.0,584.0,144.0,154449.0,154593.0,12.0,393.0,393.1831634238679,0.030520126791552107,1.5402714598776939,91.74894604455423
307.0,578.0,320.0,578.0,307.0,578.0,169.0,155236.0,155405.0,13.0,394.0,394.21440866614705,0.032976978299668044,1.5378133685949762,91.88978430071185
307.0,584.0,320.0,584.0,307.0,584.0,169.0,152100.0,152269.0,13.0,390.0,390.2166065148945,0.033314830232638475,1.5374753309166493,91.90915243299638
303.0,581.0,322.0,581.0,303.0,581.0,361.0,152881.0,153242.0,19.0,391.0,391.4613646325778,0.048536079717172685,1.5222411703611332,92.78200553725213
303.0,582.0,328.0,582.0,303.0,582.0,625.0,152881.0,153506.0,25.0,391.0,391.79841755678393,0.06380832305525255,1.5069446249281446,93.65843303169248
303.0,579.0,328.0,579.0,303.0,579.0,625.0,156025.0,156650.0,25.0,395.0,395.790348543266,0.06316475399669104,1.5075894948974364,93.62148470411734
303.0,582.0,328.0,582.0,303.0,582.0,625.0,149769.0,150394.0,25.0,387.0,387.806652856807,0.06446511377727951,1.50628647915172,93.69614200698597
303.0,584.0,335.0,584.0,303.0,584.0,1024.0,148996.0,150020.0,32.0,386.0,387.3241536491108,0.08261813702687339,1.4880839113467237,94.73907231851298
303.0,581.0,334.0,581.0,303.0,581.0,961.0,152881.0,153842.0,31.0,391.0,392.2269751049767,0.07903586945212801,1.4916779400273033,94.5331496436668
304.0,584.0,341.0,584.0,304.0,584.0,1369.0,151321.0,152690.0,37.0,389.0,390.7556781417258,0.09468832334300775,1.4759659355067436,95.43338119038533
304.0,584.0,341.0,584.0,304.0,584.0,1369.0,147456.0,148825.0,37.0,384.0,385.77843381920667,0.0959099751473922,1.4747386980718495,95.50369671586523
298.0,582.0,341.0,582.0,298.0,582.0,1849.0,150544.0,152393.0,43.0,388.0,390.3754602943172,0.11015036643845608,1.4604219910448555,96.32398360503727
299.0,589.0,350.0,589.0,299.0,589.0,2601.0,144400.0,147001.0,51.0,380.0,383.40709435272584,0.13301788295310246,1.4373830229087277,97.64401924357378
300.0,587.0,351.0,587.0,300.0,587.0,2601.0,147456.0,150057.0,51.0,384.0,387.3719143149126,0.13165642142692807,1.4387565651802579,97.5653210684323
294.0,587.0,352.0,587.0,294.0,587.0,3364.0,147456.0,150820.0,58.0,384.0,388.35550723531657,0.14934769539615675,1.420887790283786,98.58912645506945
295.0,590.0,359.0,590.0,295.0,590.0,4096.0,145924.0,150020.0,64.0,382.0,387.3241536491108,0.16523627405374677,1.4047987531495467,99.51096037929061
295.0,590.0,359.0,590.0,295.0,590.0,4096.0,142129.0,146225.0,64.0,377.0,382.39377609997786,0.16736674077892688,1.4026382001681073,99.6347509465415
295.0,589.0,359.0,589.0,295.0,589.0,4096.0,147456.0,151552.0,64.0,384.0,389.29680193908604,0.1643989873053573,1.4056476493802699,99.46232220802561
295.0,593.0,365.0,593.0,295.0,593.0,4900.0,145161.0,150061.0,70.0,381.0,387.37707727742486,0.18070248371941905,1.3890956806386536,100.41068015955268
290.0,592.0,365.0,592.0,290.0,592.0,5625.0,147456.0,153081.0,75.0,384.0,391.2556708854199,0.19169051231966405,1.377912014536922,101.05145702666543
288.0,599.0,368.0,599.0,288.0,599.0,6400.0,143641.0,150041.0,80.0,379.0,387.351261776698,0.2065308878382298,1.3627682562401813,101.9191304630349
286.0,605.0,373.0,605.0,286.0,605.0,7569.0,144400.0,151969.0,87.0,380.0,389.8320151039419,0.22317305051716438,1.3457279134683295,102.89547018531826
286.0,605.0,378.0,605.0,286.0,605.0,8464.0,140625.0,149089.0,92.0,375.0,386.1204475290062,0.2382676198288845,1.3302146202566496,103.78431641269647
286.0,609.0,384.0,609.0,286.0,609.0,9604.0,139129.0,148733.0,98.0,373.0,385.6591759572174,0.2541103806405257,1.3138685468697675,104.72087742937593
286.0,610.0,383.0,610.0,286.0,610.0,9409.0,140625.0,150034.0,97.0,375.0,387.3422259449646,0.25042454321461516,1.3176775804695797,104.50263588008318
286.0,609.0,394.0,609.0,286.0,609.0,11664.0,142129.0,153793.0,108.0,377.0,392.16450629805854,0.2753946322666852,1.2917961425103308,105.98553304287782
281.0,616.0,393.0,616.0,281.0,616.0,12544.0,133956.0,146500.0,112.0,366.0,382.7531841800928,0.29261676879297194,1.273834082435554,107.01468327652296
281.0,618.0,397.0,618.0,281.0,618.0,13456.0,134689.0,148145.0,116.0,367.0,384.8960898736177,0.30138004269694996,1.264656665201668,107.54051055085526
281.0,621.0,402.0,621.0,281.0,621.0,14641.0,133225.0,147866.0,121.0,365.0,384.53348358758046,0.31466700603314646,1.2506905077572703,108.34071242843446
276.0,624.0,407.0,624.0,276.0,624.0,17161.0,128881.0,146042.0,131.0,359.0,382.15441905072873,0.3427933669468062,1.2209075056573404,110.04715274998972
271.0,632.0,412.0,632.0,271.0,632.0,19881.0,121104.0,140985.0,141.0,348.0,375.479693192588,0.3755196420906827,1.1858389405007943,112.05643352703935
273.0,632.0,417.0,632.0,273.0,632.0,20736.0,119025.0,139761.0,144.0,345.0,373.84622507121827,0.3851851117998257,1.175387923222921,112.65523270867979
273.0,640.0,421.0,640.0,273.0,640.0,21904.0,115600.0,137504.0,148.0,340.0,370.81531791445724,0.39912051323117637,1.1602388787530462,113.5232090204596
273.0,641.0,425.0,641.0,273.0,641.0,23104.0,113569.0,136673.0,152.0,337.0,369.69311597594026,0.41115182683004625,1.14707905603186,114.27721132152395
270.0,648.0,431.0,648.0,270.0,648.0,25921.0,108241.0,134162.0,161.0,329.0,366.2813126546316,0.4395528639808268,1.115695518226702,116.07535558394875
266.0,653.0,433.0,653.0,266.0,653.0,27889.0,106929.0,134818.0,167.0,327.0,367.17570725743826,0.4548231179218813,1.0986227368151735,117.05355390337874
262.0,661.0,435.0,661.0,262.0,661.0,29929.0,100489.0,130418.0,173.0,317.0,361.13432404023854,0.47904612905397465,1.071228610643226,118.6231217164802
269.0,667.0,441.0,667.0,269.0,667.0,29584.0,99225.0,128809.0,172.0,315.0,358.8997074392789,0.47924251938572593,1.0710048642056855,118.63594144303237
266.0,669.0,439.0,669.0,266.0,669.0,29929.0,98596.0,128525.0,173.0,314.0,358.50383540486706,0.4825610855867885,1.06721988857573,118.85280457218869
260.0,679.0,444.0,679.0,260.0,679.0,33856.0,91204.0,125060.0,184.0,302.0,353.63823322712153,0.5203057325586947,1.0235874061151944,121.35276166685597
262.0,678.0,443.0,678.0,262.0,678.0,32761.0,88804.0,121565.0,181.0,298.0,348.66172717979816,0.5191278132648662,1.0249661562553354,121.27376510282282
264.0,686.0,448.0,686.0,264.0,686.0,33856.0,82944.0,116800.0,184.0,288.0,341.76014981270123,0.5383892771022006,1.0022717790638564,122.57405713457251
264.0,693.0,457.0,693.0,264.0,693.0,37249.0,78961.0,116210.0,193.0,281.0,340.8958785318473,0.56615527542076,0.9689622212996928,124.48255421190632
260.0,702.0,455.0,702.0,260.0,702.0,38025.0,76729.0,114754.0,195.0,277.0,338.7535977668724,0.5756396427535434,0.9574101510267286,125.14443908318572
260.0,710.0,458.0,710.0,260.0,710.0,39204.0,72361.0,111565.0,198.0,269.0,334.0134727821619,0.5927904594708739,0.936277012393635,126.35527873472685
261.0,712.0,463.0,712.0,261.0,712.0,40804.0,71824.0,112628.0,202.0,268.0,335.60095351473603,0.6019053220333901,0.9249114322903979,127.0064785063602
261.0,718.0,466.0,718.0,261.0,718.0,42025.0,67600.0,109625.0,205.0,260.0,331.09666262286606,0.6191545344372867,0.9031307382015418,128.25442035251717
262.0,723.0,466.0,723.0,262.0,723.0,41616.0,64516.0,106132.0,204.0,254.0,325.77906623968335,0.6261912478130575,0.8941378413798915,128.76967538599436
257.0,727.0,469.0,727.0,257.0,727.0,44944.0,61009.0,105953.0,212.0,247.0,325.5042242429428,0.6512972312204833,0.8615036102473993,130.6394790975406
257.0,731.0,473.0,731.0,257.0,731.0,46656.0,60025.0,106681.0,216.0,245.0,326.62057497959313,0.661317799754334,0.8482221050390327,131.40045329156104
258.0,733.0,478.0,733.0,258.0,733.0,48400.0,59536.0,107936.0,220.0,244.0,328.5361471740971,0.6696371217971888,0.8370762478798782,132.03906386583625
257.0,736.0,477.0,736.0,257.0,736.0,48400.0,59049.0,107449.0,220.0,243.0,327.79414271765137,0.6711529320690123,0.835033387742082,132.1561111298675
258.0,741.0,480.0,741.0,258.0,741.0,49284.0,58081.0,107365.0,222.0,241.0,327.6659884699662,0.6775192049581567,0.8264118682639635,132.65008780895351
258.0,743.0,484.0,743.0,258.0,743.0,51076.0,57600.0,108676.0,226.0,240.0,329.66043135323355,0.68555391701784,0.8154320480621984,133.27918516632712
254.0,746.0,488.0,746.0,254.0,746.0,54756.0,57121.0,111877.0,234.0,239.0,334.48019373350047,0.6995929934985663,0.795968594211966,134.3943589266931
254.0,749.0,487.0,749.0,254.0,749.0,54289.0,58564.0,112853.0,233.0,242.0,335.93600581063055,0.6935844802874263,0.8043432649208582,133.91452564026176
253.0,750.0,486.0,750.0,253.0,750.0,54289.0,58564.0,112853.0,233.0,242.0,335.93600581063055,0.6935844802874263,0.8043432649208582,133.91452564026176
253.0,750.0,485.0,750.0,253.0,750.0,53824.0,61009.0,114833.0,232.0,247.0,338.87018163302594,0.6846279565879323,0.8167031731295208,133.20635506473627
254.0,754.0,490.0,754.0,254.0,754.0,55696.0,60025.0,115721.0,236.0,245.0,340.177894637497,0.6937546610766351,0.8041069989773029,133.92806268167016
255.0,758.0,489.0,758.0,255.0,758.0,54756.0,61504.0,116260.0,234.0,248.0,340.96920682079195,0.6862789815591374,0.8144356425700935,133.3362749957084
256.0,767.0,490.0,767.0,256.0,767.0,54756.0,59536.0,114292.0,234.0,244.0,338.07099846038255,0.6921623004211102,0.8063156142167507,133.80151834988152
256.0,771.0,489.0,771.0,256.0,771.0,54289.0,58564.0,112853.0,233.0,242.0,335.93600581063055,0.6935844802874263,0.8043432649208582,133.91452564026176
257.0,776.0,490.0,776.0,257.0,776.0,54289.0,56644.0,110933.0,233.0,238.0,333.06605951372467,0.6995609229597853,0.7960134759037958,134.39178739517385
257.0,783.0,489.0,783.0,257.0,783.0,53824.0,54289.0,108113.0,232.0,233.0,328.80541358073776,0.7055844898460977,0.7875486977165886,134.87678345981521
258.0,789.0,490.0,789.0,258.0,789.0,53824.0,53824.0,107648.0,232.0,232.0,328.09754647055803,0.7071067811865476,0.7853981633974483,135.0
262.0,794.0,490.0,794.0,262.0,794.0,51984.0,51529.0,103513.0,228.0,227.0,321.7343624793597,0.708659150496015,0.7832003647383424,135.1259245873863
264.0,801.0,490.0,801.0,264.0,801.0,51076.0,51076.0,102152.0,226.0,226.0,319.6122650963195,0.7071067811865475,0.7853981633974484,135.0
264.0,804.0,488.0,804.0,264.0,804.0,50176.0,52900.0,103076.0,224.0,230.0,321.05451250527534,0.6977008304666622,0.7986132530863085,134.24283113494147
269.0,812.0,492.0,812.0,269.0,812.0,49729.0,49729.0,99458.0,223.0,223.0,315.3696244092002,0.7071067811865476,0.7853981633974483,135.0
268.0,819.0,495.0,819.0,268.0,819.0,51529.0,49284.0,100813.0,227.0,222.0,317.5106297433206,0.7149366941935441,0.774262766211463,135.6380112619588
270.0,822.0,495.0,822.0,270.0,822.0,50625.0,50625.0,101250.0,225.0,225.0,318.1980515339464,0.7071067811865475,0.7853981633974484,135.0
272.0,825.0,493.0,825.0,272.0,825.0,48841.0,53361.0,102202.0,221.0,231.0,319.6904753038476,0.6912936639415111,0.8075184486262037,133.73260101476674
273.0,827.0,492.0,827.0,273.0,827.0,47961.0,56169.0,104130.0,219.0,237.0,322.69180342859653,0.6786661380088606,0.8248513644944877,132.73949808885874
274.0,830.0,497.0,830.0,274.0,830.0,49729.0,55696.0,105425.0,223.0,236.0,324.6921619010844,0.6868043832482033,0.8137130340787587,133.37767741250218
277.0,835.0,494.0,835.0,277.0,835.0,47089.0,54756.0,101845.0,217.0,234.0,319.13163428278307,0.6799701962724132,0.8230743395348052,132.84131411913793
279.0,840.0,498.0,840.0,279.0,840.0,47961.0,55696.0,103657.0,219.0,236.0,321.95807180438885,0.6802127953265207,0.8227434296419714,132.86027385939644
280.0,845.0,499.0,845.0,280.0,845.0,47961.0,56169.0,104130.0,219.0,237.0,322.69180342859653,0.6786661380088606,0.8248513644944877,132.73949808885874
284.0,855.0,498.0,855.0,284.0,855.0,45796.0,53824.0,99620.0,214.0,232.0,315.6263613832026,0.6780168774945327,0.8257350166945348,132.6888685472386
282.0,858.0,499.0,858.0,282.0,858.0,47089.0,53361.0,100450.0,217.0,231.0,316.9384798348096,0.6846754616640486,0.8166379968277165,133.21008939175394
287.0,862.0,502.0,862.0,287.0,862.0,46225.0,54289.0,100514.0,215.0,233.0,317.0394297244429,0.6781490875973023,0.8255551354181183,132.69917498519067
288.0,865.0,503.0,865.0,288.0,865.0,46225.0,55696.0,101921.0,215.0,236.0,319.25068519895143,0.6734519610068048,0.8319277483115652,132.33405116192552
292.0,871.0,503.0,871.0,292.0,871.0,44521.0,55225.0,99746.0,211.0,235.0,315.8259014077218,0.668089599553158,0.8391579719352223,131.91978986335417
291.0,872.0,505.0,872.0,291.0,872.0,45796.0,57121.0,102917.0,214.0,239.0,320.8067954392488,0.6670681638990568,0.8405298756531343,131.8411855704195
293.0,878.0,503.0,878.0,293.0,878.0,44100.0,59049.0,103149.0,210.0,243.0,321.1681802420657,0.6538630316419334,0.8581173919507025,130.8334951144513
295.0,881.0,505.0,881.0,295.0,881.0,44100.0,57121.0,101221.0,210.0,239.0,318.15247916682966,0.6600608631117479,0.8498965489343486,131.304514723328
296.0,883.0,507.0,883.0,296.0,883.0,44521.0,61009.0,105530.0,211.0,247.0,324.8538132760642,0.6495229280891647,0.8638395021980803,130.505642347368
300.0,887.0,513.0,887.0,300.0,887.0,45369.0,60025.0,105394.0,213.0,245.0,324.64442086689246,0.6561024502784607,0.8551537982676635,131.00329652468108
304.0,891.0,514.0,891.0,304.0,891.0,44100.0,60025.0,104125.0,210.0,245.0,322.6840560052511,0.6507913734559685,0.8621700546672264,130.60129464500446
307.0,894.0,516.0,894.0,307.0,894.0,43681.0,59536.0,103217.0,209.0,244.0,321.2740263388872,0.650535003970542,0.8625076643775594,130.58195103347975
311.0,894.0,516.0,894.0,311.0,894.0,42025.0,62001.0,104026.0,205.0,249.0,322.53061870154283,0.6355985699134473,0.8820127241626614,129.46439342864306
317.0,899.0,521.0,899.0,317.0,899.0,41616.0,63001.0,104617.0,204.0,251.0,323.44551318576055,0.6307090118230799,0.8883298019152741,129.10245153456236
321.0,905.0,520.0,905.0,321.0,905.0,39601.0,62001.0,101602.0,199.0,249.0,318.750686273771,0.6243123813358048,0.8965453404361068,128.6317358508915
323.0,910.0,526.0,910.0,323.0,910.0,41209.0,62001.0,103210.0,203.0,249.0,321.26313202731495,0.6318807848226425,0.8868188946914833,129.18902014172141
329.0,912.0,529.0,912.0,329.0,912.0,40000.0,69169.0,109169.0,200.0,263.0,330.4073243740217,0.6053134578021631,0.920636720764502,127.25140143542995
334.0,917.0,529.0,917.0,334.0,917.0,38025.0,68644.0,106669.0,195.0,262.0,326.60220452409686,0.5970565945326092,0.9309694206963121,126.65938133836212
337.0,921.0,530.0,921.0,337.0,921.0,37249.0,71289.0,108538.0,193.0,267.0,329.4510585807853,0.5858229772622634,0.9449011703790711,125.86115088030732
342.0,923.0,534.0,923.0,342.0,923.0,36864.0,72361.0,109225.0,192.0,269.0,330.49205739321485,0.5809519342595307,0.9508985819161059,125.51752451123215
347.0,920.0,531.0,920.0,347.0,920.0,33856.0,78961.0,112817.0,184.0,281.0,335.882419903156,0.5478107489312843,0.9910511738782102,123.21695045529266
351.0,922.0,536.0,922.0,351.0,922.0,34225.0,78961.0,113186.0,185.0,281.0,336.4312708414603,0.5498894307217337,0.9885644753463738,123.35942778608826
360.0,919.0,545.0,919.0,360.0,919.0,34225.0,82369.0,116594.0,185.0,287.0,341.45863585506225,0.5417932966806741,0.99822710378691,122.80579995744246
365.0,921.0,550.0,921.0,365.0,921.0,34225.0,80656.0,114881.0,185.0,284.0,338.940997815254,0.5458177122049946,0.9934316198228704,123.08056094930458
370.0,927.0,549.0,927.0,370.0,927.0,32041.0,78961.0,111002.0,179.0,281.0,333.16962646675944,0.5372638613497949,1.0036067041473837,122.49757156132026
377.0,929.0,554.0,929.0,377.0,929.0,31329.0,81225.0,112554.0,177.0,285.0,335.49068541466244,0.5275854373757952,1.015040605682583,121.8424572599852
389.0,932.0,551.0,932.0,389.0,932.0,26244.0,82369.0,108613.0,162.0,287.0,329.56486463213884,0.49155725438397335,1.0569192642757097,119.44298687092976
394.0,935.0,555.0,935.0,394.0,935.0,25921.0,81225.0,107146.0,161.0,285.0,327.33163611236847,0.4918559107581367,1.0565762810767967,119.46263836067136
401.0,934.0,558.0,934.0,401.0,934.0,24649.0,82369.0,107018.0,157.0,287.0,327.1360573217205,0.4799226391776161,1.0702297960100802,118.68034957947538
411.0,933.0,559.0,933.0,411.0,933.0,21904.0,87025.0,108929.0,148.0,295.0,330.04393646907073,0.4484251447954399,1.1057937050732503,116.64268768716867
422.0,932.0,566.0,932.0,422.0,932.0,20736.0,90000.0,110736.0,144.0,300.0,332.77019097268914,0.4327310675847713,1.1232763516377267,115.64100582430528
430.0,932.0,566.0,932.0,430.0,932.0,18496.0,93636.0,112132.0,136.0,306.0,334.8611652610676,0.40613846605344756,1.1525719972156676,113.96248897457818
443.0,929.0,570.0,929.0,443.0,929.0,16129.0,96100.0,112229.0,127.0,310.0,335.00597009605667,0.37909772164234906,1.1819752854196726,112.2778046566819
452.0,928.0,572.0,928.0,452.0,928.0,14400.0,96721.0,111121.0,120.0,311.0,333.3481663366397,0.3599839810692557,1.202545603451116,111.09921225023834
465.0,931.0,572.0,931.0,465.0,931.0,11449.0,96100.0,107549.0,107.0,310.0,327.9466420014085,0.3262725891840065,1.2384386485252645,109.04269225361679
473.0,927.0,576.0,927.0,473.0,927.0,10609.0,97969.0,108578.0,103.0,313.0,329.51176003293114,0.31258368438718626,1.2528845251352512,108.2150044924978
486.0,925.0,576.0,925.0,486.0,925.0,8100.0,100489.0,108589.0,90.0,317.0,329.52845097199116,0.2731175403353858,1.2941640276452309,105.84986321827628
494.0,928.0,577.0,928.0,494.0,928.0,6889.0,99856.0,106745.0,83.0,316.0,326.71853329739344,0.2540412971444439,1.3139399743073057,104.71678493866357
503.0,923.0,574.0,923.0,503.0,923.0,5041.0,103041.0,108082.0,71.0,321.0,328.7582698579611,0.21596414907121667,1.3531171529501038,102.47209794920116
513.0,921.0,575.0,921.0,513.0,921.0,3844.0,104329.0,108173.0,62.0,323.0,328.89664029904594,0.18850907064185007,1.3811525496572228,100.86578804090828
519.0,923.0,577.0,923.0,519.0,923.0,3364.0,104976.0,108340.0,58.0,324.0,329.15042154006125,0.17621122807202833,1.3936602116181949,100.14915179896826
528.0,920.0,582.0,920.0,528.0,920.0,2916.0,106276.0,109192.0,54.0,326.0,330.44212806480954,0.16341741991629163,1.4066426739275089,99.4053115009569
537.0,922.0,578.0,922.0,537.0,922.0,1681.0,106929.0,108610.0,41.0,327.0,329.56031314465037,0.12440818376697048,1.4460649679452435,97.14658043501687
543.0,922.0,580.0,922.0,543.0,922.0,1369.0,105625.0,106994.0,37.0,325.0,327.099373279742,0.11311547200170528,1.4574382344030932,96.49494026770438
548.0,921.0,580.0,921.0,548.0,921.0,1024.0,106276.0,107300.0,32.0,326.0,327.566787083184,0.09769000173962616,1.4729502725286039,95.6061659514666
553.0,923.0,581.0,923.0,553.0,923.0,784.0,107584.0,108368.0,28.0,328.0,329.19295253695816,0.08505649888375563,1.4856369341751898,94.87927378300672
557.0,923.0,580.0,923.0,557.0,923.0,529.0,107584.0,108113.0,23.0,328.0,328.80541358073776,0.06995018649336313,1.5007889696194525,94.01112610101784
563.0,925.0,577.0,925.0,563.0,925.0,196.0,105625.0,105821.0,14.0,325.0,325.3013987058771,0.043037011386041324,1.5277460189103134,92.46660094852538
569.0,925.0,579.0,925.0,569.0,925.0,100.0,106276.0,106376.0,10.0,326.0,326.15333817086713,0.03066042511194885,1.540131095867948,91.7569883099082
575.0,923.0,575.0,923.0,575.0,923.0,0.0,107584.0,107584.0,0.0,328.0,328.0,nan,nan,nan
580.0,925.0,576.0,925.0,580.0,925.0,16.0,105625.0,105641.0,4.0,325.0,325.0246144525057,0.012306760233337653,1.5584892558842252,89.2948567786503
585.0,927.0,575.0,927.0,585.0,927.0,100.0,104976.0,105076.0,10.0,324.0,324.154284253656,0.030849507428304845,1.5399419240643706,88.23217294414394
590.0,925.0,580.0,925.0,590.0,925.0,100.0,106276.0,106376.0,10.0,326.0,326.15333817086713,0.03066042511194885,1.540131095867948,88.2430116900918
591.0,924.0,581.0,924.0,591.0,924.0,100.0,110224.0,110324.0,10.0,332.0,332.150568266863,0.030106827912953025,1.5406849487818142,88.27474512452736
596.0,924.0,581.0,924.0,596.0,924.0,225.0,106929.0,107154.0,15.0,327.0,327.3438559069041,0.04582337419605018,1.5249569009137798,87.37359436170925
596.0,928.0,582.0,928.0,596.0,928.0,196.0,104329.0,104525.0,14.0,323.0,323.3032632065442,0.043302996267798315,1.5274797858295357,87.51814501957928
602.0,926.0,578.0,926.0,602.0,926.0,576.0,108900.0,109476.0,24.0,330.0,330.8715762950937,0.07253569577882138,1.498196873064402,85.84035770628736
602.0,930.0,578.0,930.0,602.0,930.0,576.0,103041.0,103617.0,24.0,321.0,321.895945920417,0.07455825493973003,1.4961688210873838,85.72415888737106
603.0,929.0,579.0,929.0,603.0,929.0,576.0,106276.0,106852.0,24.0,326.0,326.88224179358537,0.07342093552807666,1.4973092665073091,85.7895015966978
604.0,932.0,580.0,932.0,604.0,932.0,576.0,104976.0,105552.0,24.0,324.0,324.8876728963412,0.07387168551531179,1.4968572891369563,85.76360520094116
604.0,931.0,580.0,931.0,604.0,931.0,576.0,105625.0,106201.0,24.0,325.0,325.8849490234245,0.07364562270187841,1.4970839694005564,85.77659302334436
605.0,931.0,580.0,931.0,605.0,931.0,625.0,105625.0,106250.0,25.0,325.0,325.96012026013244,0.07669649888473705,1.4940244355251187,85.60129464500447
610.0,930.0,581.0,930.0,610.0,930.0,841.0,106276.0,107117.0,29.0,326.0,327.28733553255614,0.08860715601112923,1.4820728133842105,84.91651713799533
610.0,930.0,580.0,930.0,610.0,930.0,900.0,106276.0,107176.0,30.0,326.0,327.37745799000885,0.09163734175282028,1.4790302453550903,84.7421908310453
610.0,934.0,581.0,934.0,610.0,934.0,841.0,103684.0,104525.0,29.0,322.0,323.3032632065442,0.08969906369758222,1.48097654020861,84.85370531184002
610.0,934.0,581.0,934.0,610.0,934.0,841.0,103684.0,104525.0,29.0,322.0,323.3032632065442,0.08969906369758222,1.48097654020861,84.85370531184002
611.0,933.0,586.0,933.0,611.0,933.0,625.0,104329.0,104954.0,25.0,323.0,323.9660476037574,0.07716858042660532,1.4935509507120168,85.5741659635502
611.0,933.0,582.0,933.0,611.0,933.0,841.0,104329.0,105170.0,29.0,323.0,324.29924452579286,0.0894235817366929,1.4812531337140078,84.86955295234004
611.0,933.0,582.0,933.0,611.0,933.0,841.0,104329.0,105170.0,29.0,323.0,324.29924452579286,0.0894235817366929,1.4812531337140078,84.86955295234004
612.0,933.0,582.0,933.0,612.0,933.0,900.0,104329.0,105229.0,30.0,323.0,324.39019713918606,0.09248121633937016,1.4781827719709053,84.69363418288184
612.0,933.0,582.0,933.0,612.0,933.0,900.0,104329.0,105229.0,30.0,323.0,324.39019713918606,0.09248121633937016,1.4781827719709053,84.69363418288184
612.0,933.0,582.0,933.0,612.0,933.0,900.0,104329.0,105229.0,30.0,323.0,324.39019713918606,0.09248121633937016,1.4781827719709053,84.69363418288184
612.0,932.0,582.0,932.0,612.0,932.0,900.0,104976.0,105876.0,30.0,324.0,325.38592471094995,0.09219821056073614,1.4784669920632976,84.70991879462873
612.0,932.0,582.0,932.0,612.0,932.0,900.0,104976.0,105876.0,30.0,324.0,325.38592471094995,0.09219821056073614,1.4784669920632976,84.70991879462873
611.0,933.0,582.0,933.0,611.0,933.0,841.0,103684.0,104525.0,29.0,322.0,323.3032632065442,0.08969906369758222,1.48097654020861,84.85370531184002
611.0,933.0,581.0,933.0,611.0,933.0,900.0,103684.0,104584.0,30.0,322.0,323.39449593337235,0.09276595729749457,1.4778968016814824,84.67724929223176
610.0,934.0,581.0,934.0,610.0,934.0,841.0,106276.0,107117.0,29.0,326.0,327.28733553255614,0.08860715601112923,1.4820728133842105,84.91651713799533
579.0,938.0,574.0,938.0,579.0,938.0,25.0,97969.0,97994.0,5.0,313.0,313.0399335548102,0.01597240308359748,1.5548232444929695,89.08480979828447
579.0,934.0,574.0,934.0,579.0,934.0,25.0,100489.0,100514.0,5.0,317.0,317.0394297244429,0.01577090901389075,1.555024763946945,89.09635601248705
579.0,934.0,574.0,934.0,579.0,934.0,25.0,100489.0,100514.0,5.0,317.0,317.0394297244429,0.01577090901389075,1.555024763946945,89.09635601248705
579.0,934.0,574.0,934.0,579.0,934.0,25.0,100489.0,100514.0,5.0,317.0,317.0394297244429,0.01577090901389075,1.555024763946945,89.09635601248705
579.0,934.0,574.0,934.0,579.0,934.0,25.0,100489.0,100514.0,5.0,317.0,317.0394297244429,0.01577090901389075,1.555024763946945,89.09635601248705
579.0,933.0,574.0,933.0,579.0,933.0,25.0,101124.0,101149.0,5.0,318.0,318.0393057469469,0.01572132723738974,1.555074351871253,89.09919719126471
579.0,938.0,574.0,938.0,579.0,938.0,25.0,97969.0,97994.0,5.0,313.0,313.0399335548102,0.01597240308359748,1.5548232444929695,89.08480979828447
579.0,938.0,574.0,938.0,579.0,938.0,25.0,97969.0,97994.0,5.0,313.0,313.0399335548102,0.01597240308359748,1.5548232444929695,89.08480979828447
579.0,938.0,574.0,938.0,579.0,938.0,25.0,97969.0,97994.0,5.0,313.0,313.0399335548102,0.01597240308359748,1.5548232444929695,89.08480979828447
579.0,938.0,574.0,938.0,579.0,938.0,25.0,97969.0,97994.0,5.0,313.0,313.0399335548102,0.01597240308359748,1.5548232444929695,89.08480979828447
579.0,934.0,574.0,934.0,579.0,934.0,25.0,100489.0,100514.0,5.0,317.0,317.0394297244429,0.01577090901389075,1.555024763946945,89.09635601248705
579.0,938.0,574.0,938.0,579.0,938.0,25.0,97969.0,97994.0,5.0,313.0,313.0399335548102,0.01597240308359748,1.5548232444929695,89.08480979828447
579.0,938.0,574.0,938.0,579.0,938.0,25.0,97969.0,97994.0,5.0,313.0,313.0399335548102,0.01597240308359748,1.5548232444929695,89.08480979828447
579.0,938.0,574.0,938.0,579.0,938.0,25.0,97969.0,97994.0,5.0,313.0,313.0399335548102,0.01597240308359748,1.5548232444929695,89.08480979828447
579.0,938.0,574.0,938.0,579.0,938.0,25.0,97969.0,97994.0,5.0,313.0,313.0399335548102,0.01597240308359748,1.5548232444929695,89.08480979828447
579.0,938.0,574.0,938.0,579.0,938.0,25.0,97969.0,97994.0,5.0,313.0,313.0399335548102,0.01597240308359748,1.5548232444929695,89.08480979828447
579.0,938.0,574.0,938.0,579.0,938.0,25.0,97969.0,97994.0,5.0,313.0,313.0399335548102,0.01597240308359748,1.5548232444929695,89.08480979828447
579.0,939.0,574.0,939.0,579.0,939.0,25.0,97344.0,97369.0,5.0,312.0,312.04006153056696,0.016023583559991728,1.5547720574658543,89.08187699766495
579.0,938.0,574.0,938.0,579.0,938.0,25.0,97969.0,97994.0,5.0,313.0,313.0399335548102,0.01597240308359748,1.5548232444929695,89.08480979828447
579.0,939.0,574.0,939.0,579.0,939.0,25.0,97344.0,97369.0,5.0,312.0,312.04006153056696,0.016023583559991728,1.5547720574658543,89.08187699766495
579.0,939.0,574.0,939.0,579.0,939.0,25.0,97344.0,97369.0,5.0,312.0,312.04006153056696,0.016023583559991728,1.5547720574658543,89.08187699766495
579.0,939.0,574.0,939.0,579.0,939.0,25.0,97344.0,97369.0,5.0,312.0,312.04006153056696,0.016023583559991728,1.5547720574658543,89.08187699766495
578.0,939.0,574.0,939.0,578.0,939.0,16.0,97344.0,97360.0,4.0,312.0,312.0256399721023,0.01281945932506583,1.557976516321996,89.26547896574519
578.0,939.0,573.0,939.0,578.0,939.0,25.0,97344.0,97369.0,5.0,312.0,312.04006153056696,0.016023583559991728,1.5547720574658543,89.08187699766495
578.0,940.0,573.0,940.0,578.0,940.0,25.0,96721.0,96746.0,5.0,311.0,311.0401903291599,0.016075093044113444,1.5547205413465062,89.0789253414494
578.0,940.0,573.0,940.0,578.0,940.0,25.0,96721.0,96746.0,5.0,311.0,311.0401903291599,0.016075093044113444,1.5547205413465062,89.0789253414494
578.0,940.0,573.0,940.0,578.0,940.0,25.0,96721.0,96746.0,5.0,311.0,311.0401903291599,0.016075093044113444,1.5547205413465062,89.0789253414494
578.0,940.0,573.0,940.0,578.0,940.0,25.0,96721.0,96746.0,5.0,311.0,311.0401903291599,0.016075093044113444,1.5547205413465062,89.0789253414494
578.0,935.0,573.0,935.0,578.0,935.0,25.0,99856.0,99881.0,5.0,316.0,316.0395544864598,0.015820804481656164,1.554974862253323,89.09349685605196
578.0,935.0,573.0,935.0,578.0,935.0,25.0,99856.0,99881.0,5.0,316.0,316.0395544864598,0.015820804481656164,1.554974862253323,89.09349685605196
578.0,935.0,573.0,935.0,578.0,935.0,25.0,99856.0,99881.0,5.0,316.0,316.0395544864598,0.015820804481656164,1.554974862253323,89.09349685605196
578.0,936.0,573.0,936.0,578.0,936.0,25.0,99225.0,99250.0,5.0,315.0,315.03968004046726,0.015871016626723793,1.5549246438031066,89.09061955080087
578.0,936.0,573.0,936.0,578.0,936.0,25.0,99225.0,99250.0,5.0,315.0,315.03968004046726,0.015871016626723793,1.5549246438031066,89.09061955080087
573.0,935.0,573.0,935.0,573.0,935.0,0.0,99856.0,99856.0,0.0,316.0,316.0,nan,nan,nan
573.0,940.0,573.0,940.0,573.0,940.0,0.0,96721.0,96721.0,0.0,311.0,311.0,nan,nan,nan
573.0,936.0,573.0,936.0,573.0,936.0,0.0,99225.0,99225.0,0.0,315.0,315.0,nan,nan,nan
573.0,935.0,573.0,935.0,573.0,935.0,0.0,99856.0,99856.0,0.0,316.0,316.0,nan,nan,nan
573.0,935.0,573.0,935.0,573.0,935.0,0.0,99856.0,99856.0,0.0,316.0,316.0,nan,nan,nan
573.0,935.0,573.0,935.0,573.0,935.0,0.0,99856.0,99856.0,0.0,316.0,316.0,nan,nan,nan
573.0,935.0,573.0,935.0,573.0,935.0,0.0,99856.0,99856.0,0.0,316.0,316.0,nan,nan,nan
573.0,935.0,573.0,935.0,573.0,935.0,0.0,99856.0,99856.0,0.0,316.0,316.0,nan,nan,nan
573.0,935.0,573.0,935.0,573.0,935.0,0.0,99856.0,99856.0,0.0,316.0,316.0,nan,nan,nan
573.0,935.0,573.0,935.0,573.0,935.0,0.0,99856.0,99856.0,0.0,316.0,316.0,nan,nan,nan
568.0,936.0,573.0,936.0,568.0,936.0,25.0,99225.0,99250.0,5.0,315.0,315.03968004046726,0.015871016626723793,1.5549246438031066,90.90938044919913
568.0,935.0,573.0,935.0,568.0,935.0,25.0,100489.0,100514.0,5.0,317.0,317.0394297244429,0.01577090901389075,1.555024763946945,90.90364398751295
568.0,930.0,573.0,930.0,568.0,930.0,25.0,103041.0,103066.0,5.0,321.0,321.0389384482823,0.015574434752890493,1.555221262342954,90.89238545874055
563.0,931.0,572.0,931.0,563.0,931.0,81.0,103041.0,103122.0,9.0,321.0,321.1261434389919,0.02802636964906545,1.5427662868350502,91.60600298928225
562.0,932.0,572.0,932.0,562.0,932.0,100.0,99225.0,99325.0,10.0,315.0,315.15869018638847,0.031730046834773575,1.5390609532664388,91.81830296445183
561.0,933.0,571.0,933.0,561.0,933.0,100.0,97969.0,98069.0,10.0,313.0,313.15970366571753,0.031932588653470255,1.5388583087583458,91.82991363950705
557.0,932.0,571.0,932.0,557.0,932.0,196.0,99225.0,99421.0,14.0,315.0,315.3109576275458,0.04440061362072038,1.5263811115479857,92.5448043798131
551.0,933.0,575.0,933.0,551.0,933.0,576.0,98596.0,99172.0,24.0,314.0,314.91586177898375,0.07621083252022355,1.4945115275469958,94.37079703790747
551.0,933.0,570.0,933.0,551.0,933.0,361.0,98596.0,98957.0,19.0,314.0,314.57431554403803,0.06039908238261792,1.510360460858647,93.46272004936556
546.0,933.0,575.0,933.0,546.0,933.0,841.0,98596.0,99437.0,29.0,314.0,315.3363283860583,0.09196529987022627,1.478700896509064,95.2766794678195
536.0,933.0,570.0,933.0,536.0,933.0,1156.0,98596.0,99752.0,34.0,314.0,315.8354001691387,0.10765101056370516,1.462936301122813,96.1799242491831
531.0,935.0,570.0,935.0,531.0,935.0,1521.0,97969.0,99490.0,39.0,313.0,315.4203544478384,0.12364452531375712,1.4468345685629032,97.10248556771431
526.0,937.0,569.0,937.0,526.0,937.0,1849.0,96721.0,98570.0,43.0,311.0,313.9585959963511,0.13696073478586887,1.4334037462293006,97.8720150028198
520.0,938.0,567.0,938.0,520.0,938.0,2209.0,93025.0,95234.0,47.0,305.0,308.6000648088072,0.1523006809124256,1.4179006323045913,98.76027800001613
515.0,942.0,567.0,942.0,515.0,942.0,2704.0,91204.0,93908.0,52.0,302.0,306.44412214953644,0.1696883583057449,1.4002828939808702,99.76970005053123
504.0,944.0,566.0,944.0,504.0,944.0,3844.0,90000.0,93844.0,62.0,300.0,306.33968074671617,0.20238971278181242,1.3669988057525684,101.676737830954
499.0,946.0,565.0,946.0,499.0,946.0,4356.0,88804.0,93160.0,66.0,298.0,305.2212312405544,0.2162365957693924,1.3528381128552973,102.48808576894851
494.0,952.0,565.0,952.0,494.0,952.0,5041.0,85849.0,90890.0,71.0,293.0,301.4796842243271,0.23550508944798357,1.333058084205749,103.62139792921548
484.0,951.0,565.0,951.0,484.0,951.0,6561.0,89401.0,95962.0,81.0,299.0,309.7773393907308,0.26147813187146157,1.3062430302567907,105.1577873479064
479.0,955.0,564.0,955.0,479.0,955.0,7225.0,84681.0,91906.0,85.0,291.0,303.1600237498341,0.2803799753959035,1.286606387022732,106.28288412902208
471.0,957.0,563.0,957.0,471.0,957.0,8464.0,84100.0,92564.0,92.0,290.0,304.2433236736675,0.30238954429343384,1.263597759686359,107.60118136778559
461.0,959.0,562.0,959.0,461.0,959.0,10201.0,83521.0,93722.0,101.0,289.0,306.14049062481104,0.3299138895147981,1.2345839707635151,109.26354902074796
456.0,963.0,564.0,963.0,456.0,963.0,11664.0,81225.0,92889.0,108.0,285.0,304.7769676337108,0.3543574858642118,1.2085694490881256,110.75407131879939
446.0,967.0,567.0,967.0,446.0,967.0,14641.0,79524.0,94165.0,121.0,282.0,306.86316168611705,0.3943125637340854,1.1654766415200968,113.22310731981685
438.0,970.0,565.0,970.0,438.0,970.0,16129.0,78961.0,95090.0,127.0,281.0,308.36666486505965,0.4118473702583087,1.146315904979585,114.32093665595028
425.0,972.0,565.0,972.0,425.0,972.0,19600.0,78400.0,98000.0,140.0,280.0,313.04951684997053,0.447213595499958,1.1071487177940904,116.56505117707799
416.0,974.0,560.0,974.0,416.0,974.0,20736.0,75625.0,96361.0,144.0,275.0,310.42068230064825,0.46388661648689145,1.088418919799848,117.63818955328068
407.0,981.0,561.0,981.0,407.0,981.0,23716.0,72361.0,96077.0,154.0,269.0,309.9629010059107,0.4968336517055097,1.050849892591194,119.7907362527487
399.0,982.0,562.0,982.0,399.0,982.0,26569.0,72900.0,99469.0,163.0,270.0,315.38706378036494,0.5168252560717358,1.0276579642732844,121.11953586413486
387.0,988.0,558.0,988.0,387.0,988.0,29241.0,67600.0,96841.0,171.0,260.0,311.1928662421425,0.5494984575480052,0.9890325014834598,123.33261186373142
377.0,993.0,561.0,993.0,377.0,993.0,33856.0,64009.0,97865.0,184.0,253.0,312.8338217009152,0.5881716976750462,0.9420000403794637,126.0273733851036
367.0,993.0,559.0,993.0,367.0,993.0,36864.0,63001.0,99865.0,192.0,251.0,316.0142401854701,0.6075675573585366,0.9178018323209578,127.41382857863545
359.0,998.0,563.0,998.0,359.0,998.0,41616.0,60516.0,102132.0,204.0,246.0,319.5809756540586,0.6383358695945243,0.8784618921218663,129.66784111834045
348.0,997.0,553.0,997.0,348.0,997.0,42025.0,59049.0,101074.0,205.0,243.0,317.9213739275798,0.64481351935368,0.87001704474608,130.15169523160512
336.0,999.0,550.0,999.0,336.0,999.0,45796.0,59536.0,105332.0,214.0,244.0,324.5489177304401,0.659376717372823,0.8508069074029356,131.25235502523395
330.0,1002.0,546.0,1002.0,330.0,1002.0,46656.0,54756.0,101412.0,216.0,234.0,318.4525082331744,0.6782801027330657,0.8253768505207384,132.70938995736145
321.0,997.0,542.0,997.0,321.0,997.0,48841.0,56644.0,105485.0,221.0,238.0,324.7845439672276,0.6804510993672778,0.8224182792713784,132.87890360333853
313.0,996.0,538.0,996.0,313.0,996.0,50625.0,54756.0,105381.0,225.0,234.0,324.6243983436858,0.6931087162517845,0.805003494254653,133.87669728592456
310.0,991.0,534.0,991.0,310.0,991.0,50176.0,54289.0,104465.0,224.0,233.0,323.21045775160184,0.6930468820787711,0.8050892722609616,133.87178256818805
304.0,986.0,527.0,986.0,304.0,986.0,49729.0,53361.0,103090.0,223.0,231.0,321.0763149159402,0.6945389293457627,0.803017485295074,133.99048721738362
301.0,980.0,525.0,980.0,301.0,980.0,50176.0,51984.0,102160.0,224.0,228.0,319.62478001556764,0.7008217572776737,0.7942474899137061,134.4929709390852
296.0,965.0,519.0,965.0,296.0,965.0,49729.0,51529.0,101258.0,223.0,227.0,318.2106220728654,0.7007937024457228,0.7942868181867812,134.4907175950225
291.0,952.0,515.0,952.0,291.0,952.0,50176.0,50625.0,100801.0,224.0,225.0,317.49173217581586,0.7055301833055502,0.7876253312071898,134.8723926842344
287.0,938.0,514.0,938.0,287.0,938.0,51529.0,53361.0,104890.0,227.0,231.0,323.86725675807367,0.7009044454579342,0.794131565805875,134.49961290120777
283.0,928.0,507.0,928.0,283.0,928.0,50176.0,49729.0,99905.0,224.0,223.0,316.07752213657966,0.7086869021429743,0.7831610306642377,135.12817826382354
283.0,910.0,504.0,910.0,283.0,910.0,48841.0,52900.0,101741.0,221.0,230.0,318.9686504971923,0.6928580587951709,0.8053511691645905,133.85677698094256
284.0,893.0,495.0,893.0,284.0,893.0,44521.0,55696.0,100217.0,211.0,236.0,316.5706872090339,0.666517806371236,0.8412683697783204,131.79887297385113
282.0,877.0,493.0,877.0,282.0,877.0,44521.0,57600.0,102121.0,211.0,240.0,319.5637651549374,0.6602751094064081,0.8496113123924628,131.32085757334096
279.0,861.0,484.0,861.0,279.0,861.0,42025.0,59536.0,101561.0,205.0,244.0,318.6863661972379,0.6432656735403725,0.8720403944331718,130.03576583405564
279.0,848.0,480.0,848.0,279.0,848.0,40401.0,55696.0,96097.0,201.0,236.0,309.9951612525589,0.6483972175173455,0.8653190995414493,130.4208676642142
276.0,830.0,469.0,830.0,276.0,830.0,37249.0,61504.0,98753.0,193.0,248.0,314.2499005568657,0.6141608944282714,0.9094740622216211,127.89097465808268
272.0,817.0,463.0,817.0,272.0,817.0,36481.0,61009.0,97490.0,191.0,247.0,312.23388669393336,0.611720918643361,0.912562139320258,127.71404087351979
270.0,798.0,460.0,798.0,270.0,798.0,36100.0,64009.0,100109.0,190.0,253.0,316.40006321111883,0.6005055690308821,0.9266631068342217,126.90611494791858
269.0,782.0,451.0,782.0,269.0,782.0,33124.0,69696.0,102820.0,182.0,264.0,320.6555784638714,0.5675871939352714,0.9672240472199727,124.58214425073332
268.0,763.0,447.0,763.0,268.0,763.0,32041.0,75076.0,107117.0,179.0,274.0,327.28733553255614,0.5469200319307631,0.9921154871304821,123.15596979785764
266.0,754.0,445.0,754.0,266.0,754.0,32041.0,75076.0,107117.0,179.0,274.0,327.28733553255614,0.5469200319307631,0.9921154871304821,123.15596979785764
267.0,740.0,439.0,740.0,267.0,740.0,29584.0,78961.0,108545.0,172.0,281.0,329.46168214224855,0.5220637461740913,1.0215275000080548,121.47078559298829
264.0,726.0,439.0,726.0,264.0,726.0,30625.0,81796.0,112421.0,175.0,286.0,335.2924096963723,0.5219324832270231,1.0216813935125337,121.46196814468718
265.0,710.0,433.0,710.0,265.0,710.0,28224.0,87025.0,115249.0,168.0,295.0,339.48343111262443,0.49486951233347704,1.0531116656547699,119.66114620198942
262.0,703.0,429.0,703.0,262.0,703.0,27889.0,88209.0,116098.0,167.0,297.0,340.73156589902266,0.4901218927555752,1.058566738585115,119.3485935461446
263.0,688.0,426.0,688.0,263.0,688.0,26569.0,90000.0,116569.0,163.0,300.0,341.4220262373241,0.4774150097940604,1.0730858822893166,118.51670788974991
264.0,676.0,421.0,676.0,264.0,676.0,24649.0,99225.0,123874.0,157.0,315.0,351.9573837838894,0.4460767332456418,1.1084193651407466,116.49224844686509
258.0,661.0,416.0,661.0,258.0,661.0,24964.0,103684.0,128648.0,158.0,322.0,358.6753406633916,0.4405097928052971,1.1146298749813182,116.13641244437588
262.0,656.0,409.0,656.0,262.0,656.0,21609.0,105625.0,127234.0,147.0,325.0,356.6987524508601,0.4121124590147008,1.1460249800282494,114.33760542781685
263.0,645.0,404.0,645.0,263.0,645.0,19881.0,111556.0,131437.0,141.0,334.0,362.5424113121112,0.3889200148741045,1.1713373012578259,112.88731625168272
256.0,637.0,391.0,637.0,256.0,637.0,18225.0,119716.0,137941.0,135.0,346.0,371.40409259996045,0.3634854938052839,1.198789744983072,111.31440708890572
256.0,630.0,378.0,630.0,256.0,630.0,14884.0,120409.0,135293.0,122.0,347.0,367.8219678050782,0.33168220138676463,1.2327101662872526,109.37091010887053
260.0,619.0,370.0,619.0,260.0,619.0,12100.0,127449.0,139549.0,110.0,357.0,373.56257842562337,0.2944620429155248,1.2719037719265471,107.1252819218388
258.0,615.0,369.0,615.0,258.0,615.0,12321.0,133956.0,146277.0,111.0,366.0,382.4617627946616,0.2902250912324387,1.2763342821607901,106.87143238432716
255.0,612.0,360.0,612.0,255.0,612.0,11025.0,133956.0,144981.0,105.0,366.0,380.76370625362915,0.27576157673509677,1.291414417130069,106.00740429609985
253.0,608.0,352.0,608.0,253.0,608.0,9801.0,135424.0,145225.0,99.0,368.0,381.08398024582453,0.2597852576645662,1.3079965078880413,105.05732048016515
253.0,605.0,352.0,605.0,253.0,605.0,9801.0,136900.0,146701.0,99.0,370.0,383.0156654759698,0.2584750675327435,1.30935303379941,104.97959727064358
251.0,596.0,350.0,596.0,251.0,596.0,9801.0,139876.0,149677.0,99.0,374.0,386.88111869151743,0.25589256031628255,1.312025434831199,104.82647997035566
256.0,593.0,348.0,593.0,256.0,593.0,8464.0,141376.0,149840.0,92.0,376.0,387.09172039711723,0.23766976959780292,1.3308301530162505,103.7490489834193
256.0,595.0,342.0,595.0,256.0,595.0,7396.0,141376.0,148772.0,86.0,376.0,385.70973542289545,0.22296559329960616,1.3459407331935054,102.88327651326856
254.0,587.0,340.0,587.0,254.0,587.0,7396.0,147456.0,154852.0,86.0,384.0,393.51238862328086,0.21854458077133102,1.350473578680085,102.62356359770261
259.0,584.0,339.0,584.0,259.0,584.0,6400.0,148225.0,154625.0,80.0,385.0,393.2238548206352,0.20344645681908372,1.3659196097577881,101.73857120672233
259.0,586.0,339.0,586.0,259.0,586.0,6400.0,148996.0,155396.0,80.0,386.0,394.202993392998,0.20294112764446856,1.3664357054477256,101.709001101864
257.0,587.0,338.0,587.0,257.0,587.0,6561.0,146689.0,153250.0,81.0,383.0,391.47158262126766,0.20691157058611864,1.3623791691636584,101.94142351038275
256.0,581.0,337.0,581.0,256.0,581.0,6561.0,149769.0,156330.0,81.0,387.0,395.38588745679834,0.20486315412269346,1.3644724327651792,101.82148834060725
261.0,580.0,336.0,580.0,261.0,580.0,5625.0,151321.0,156946.0,75.0,389.0,396.16410741004796,0.18931548466194484,1.380331349046714,100.912839370024
261.0,580.0,336.0,580.0,261.0,580.0,5625.0,151321.0,156946.0,75.0,389.0,396.16410741004796,0.18931548466194484,1.380331349046714,100.912839370024
259.0,586.0,336.0,586.0,259.0,586.0,5929.0,145161.0,151090.0,77.0,381.0,388.7029714319148,0.1980947038206198,1.3713826062137504,101.42556456630075
266.0,584.0,328.0,584.0,266.0,584.0,3844.0,152100.0,155944.0,62.0,390.0,394.8974550437113,0.15700278441434168,1.4131412643149701,99.03296969897109
265.0,587.0,327.0,587.0,265.0,587.0,3844.0,148996.0,152840.0,62.0,386.0,390.9475668168303,0.15858904176029495,1.4115348816154578,99.12500864793597
258.0,587.0,328.0,587.0,258.0,587.0,4900.0,151321.0,156221.0,70.0,389.0,395.2480233979672,0.1771039849819019,1.3927531893604708,100.20112034626027
266.0,585.0,321.0,585.0,266.0,585.0,3025.0,152881.0,155906.0,55.0,391.0,394.8493383557835,0.13929363597018773,1.4310482660172543,98.00697407769661
267.0,583.0,315.0,583.0,267.0,583.0,2304.0,163216.0,165520.0,48.0,404.0,406.8414924758781,0.11798206645023049,1.4525388176558172,96.77565616939901
259.0,580.0,314.0,580.0,259.0,580.0,3025.0,166464.0,169489.0,55.0,408.0,411.6904176684223,0.13359553110681655,1.4368001727102286,97.67741410003615
260.0,580.0,308.0,580.0,260.0,580.0,2304.0,175561.0,177865.0,48.0,419.0,421.74044150401323,0.11381407917348907,1.4567350862996808,96.53522768640254
261.0,579.0,302.0,579.0,261.0,579.0,1681.0,175561.0,177242.0,41.0,419.0,421.00118764678086,0.09738689866689619,1.4732548277959705,95.58871622001801
262.0,577.0,296.0,577.0,262.0,577.0,1156.0,180625.0,181781.0,34.0,425.0,426.3578309354714,0.07974522228289,1.4909663410826592,94.57392125990086
262.0,582.0,296.0,582.0,262.0,582.0,1156.0,175561.0,176717.0,34.0,419.0,420.3772115612358,0.08087974101575976,1.4898281456147617,94.63913505647231
261.0,582.0,294.0,582.0,261.0,582.0,1089.0,175561.0,176650.0,33.0,419.0,420.2975136733502,0.07851581064942291,1.4921996200323888,94.50325958111902
260.0,582.0,287.0,582.0,260.0,582.0,729.0,179776.0,180505.0,27.0,424.0,424.8588000736245,0.06355052548122135,1.5072029467914474,93.64363227916928
259.0,579.0,287.0,579.0,259.0,579.0,784.0,183184.0,183968.0,28.0,428.0,428.9149099763262,0.06528101343351633,1.505468857171545,93.74298829568713
265.0,576.0,279.0,576.0,265.0,576.0,196.0,180625.0,180821.0,14.0,425.0,425.2305257151702,0.032923318419942275,1.5378670576280449,91.88670814571087
264.0,575.0,277.0,575.0,264.0,575.0,169.0,173056.0,173225.0,13.0,416.0,416.20307543313515,0.031234752377721213,1.5395564933646284,91.78991060824606
264.0,579.0,277.0,579.0,264.0,579.0,169.0,169744.0,169913.0,13.0,412.0,412.20504606324266,0.03153770222891806,1.5392533941847004,91.8072769120298
264.0,576.0,277.0,576.0,264.0,576.0,169.0,172225.0,172394.0,13.0,415.0,415.2035645319052,0.031309943147178956,1.539481265801391,91.79422083012263
263.0,575.0,276.0,575.0,263.0,575.0,169.0,173056.0,173225.0,13.0,416.0,416.20307543313515,0.031234752377721213,1.5395564933646284,91.78991060824606
263.0,577.0,276.0,577.0,263.0,577.0,169.0,172225.0,172394.0,13.0,415.0,415.2035645319052,0.031309943147178956,1.539481265801391,91.79422083012263
262.0,573.0,269.0,573.0,262.0,573.0,49.0,171396.0,171445.0,7.0,414.0,414.0591745149478,0.01690579615389562,1.5538897252412418,90.96867691493374
261.0,573.0,274.0,573.0,261.0,573.0,169.0,167281.0,167450.0,13.0,409.0,409.20654931220247,0.03176879749811067,1.5390221830574866,91.82052433379563
265.0,577.0,271.0,577.0,265.0,577.0,36.0,165649.0,165685.0,6.0,407.0,407.04422364160877,0.014740413084163639,1.5560553798595866,90.84459404541957
260.0,572.0,273.0,572.0,260.0,572.0,169.0,171396.0,171565.0,13.0,414.0,414.2040559917298,0.03138549662164478,1.5394056751770984,91.79855185386535
260.0,578.0,273.0,578.0,260.0,578.0,169.0,164836.0,165005.0,13.0,406.0,406.20807475972214,0.03200330275977327,1.538787558491185,91.8339673312148
260.0,575.0,273.0,575.0,260.0,575.0,169.0,167281.0,167450.0,13.0,409.0,409.20654931220247,0.03176879749811067,1.5390221830574866,91.82052433379563
260.0,578.0,273.0,578.0,260.0,578.0,169.0,169744.0,169913.0,13.0,412.0,412.20504606324266,0.03153770222891806,1.5392533941847004,91.8072769120298
262.0,575.0,275.0,575.0,262.0,575.0,169.0,173056.0,173225.0,13.0,416.0,416.20307543313515,0.031234752377721213,1.5395564933646284,91.78991060824606
259.0,574.0,272.0,574.0,259.0,574.0,169.0,172225.0,172394.0,13.0,415.0,415.2035645319052,0.031309943147178956,1.539481265801391,91.79422083012263
264.0,573.0,270.0,573.0,264.0,573.0,36.0,172225.0,172261.0,6.0,415.0,415.04337122763445,0.014456320509957606,1.556339502711401,90.82831500514737
265.0,578.0,271.0,578.0,265.0,578.0,36.0,167281.0,167317.0,6.0,409.0,409.04400741240545,0.014668348371500998,1.556127452364402,90.8404645950747
260.0,575.0,267.0,575.0,260.0,575.0,49.0,172225.0,172274.0,7.0,415.0,415.05903194605946,0.01686507089649289,1.5539304563056382,90.96634319684875
262.0,578.0,268.0,578.0,262.0,578.0,36.0,169744.0,169780.0,6.0,412.0,412.0436870041816,0.014561562740164272,1.556234249402158,90.83434557554679
262.0,575.0,268.0,575.0,262.0,575.0,36.0,171396.0,171432.0,6.0,414.0,414.04347597806685,0.014491231834595646,1.5563045877293966,90.830315486258
264.0,573.0,264.0,573.0,264.0,573.0,0.0,168100.0,168100.0,0.0,410.0,410.0,nan,nan,nan
265.0,577.0,265.0,577.0,265.0,577.0,0.0,164836.0,164836.0,0.0,406.0,406.0,nan,nan,nan
266.0,576.0,266.0,576.0,266.0,576.0,0.0,164836.0,164836.0,0.0,406.0,406.0,nan,nan,nan
260.0,572.0,266.0,572.0,260.0,572.0,36.0,168921.0,168957.0,6.0,411.0,411.04379328728464,0.014596984793312548,1.5561988235838364,90.83637532542241
260.0,577.0,267.0,577.0,260.0,577.0,49.0,163216.0,163265.0,7.0,404.0,404.0606390135025,0.017324132380452134,1.5534713277282246,90.99264932658839
260.0,576.0,266.0,576.0,260.0,576.0,36.0,163216.0,163252.0,6.0,404.0,404.04455199891015,0.014849847548535154,1.555945933415817,90.85086486473028
266.0,577.0,266.0,577.0,266.0,577.0,0.0,160000.0,160000.0,0.0,400.0,400.0,nan,nan,nan
266.0,575.0,266.0,575.0,266.0,575.0,0.0,161604.0,161604.0,0.0,402.0,402.0,nan,nan,nan
261.0,573.0,267.0,573.0,261.0,573.0,36.0,164025.0,164061.0,6.0,405.0,405.0444420060594,0.014813189313952469,1.5559825956829954,90.84876427155358
267.0,575.0,267.0,575.0,267.0,575.0,0.0,162409.0,162409.0,0.0,403.0,403.0,nan,nan,nan
267.0,576.0,267.0,576.0,267.0,576.0,0.0,162409.0,162409.0,0.0,403.0,403.0,nan,nan,nan
267.0,577.0,267.0,577.0,267.0,577.0,0.0,161604.0,161604.0,0.0,402.0,402.0,nan,nan,nan
267.0,578.0,267.0,578.0,267.0,578.0,0.0,156816.0,156816.0,0.0,396.0,396.0,nan,nan,nan
266.0,579.0,272.0,579.0,266.0,579.0,36.0,160801.0,160837.0,6.0,401.0,401.04488526846967,0.014960918890621051,1.5558348497332328,90.85722949091513
265.0,575.0,271.0,575.0,265.0,575.0,36.0,164025.0,164061.0,6.0,405.0,405.0444420060594,0.014813189313952469,1.5559825956829954,90.84876427155358
265.0,580.0,271.0,580.0,265.0,580.0,36.0,161604.0,161640.0,6.0,402.0,402.0447736260229,0.014923710973497512,1.5558720618048116,90.85509739626671
270.0,577.0,270.0,577.0,270.0,577.0,0.0,165649.0,165649.0,0.0,407.0,407.0,nan,nan,nan
269.0,580.0,269.0,580.0,269.0,580.0,0.0,164025.0,164025.0,0.0,405.0,405.0,nan,nan,nan
268.0,579.0,268.0,579.0,268.0,579.0,0.0,164836.0,164836.0,0.0,406.0,406.0,nan,nan,nan
267.0,582.0,267.0,582.0,267.0,582.0,0.0,165649.0,165649.0,0.0,407.0,407.0,nan,nan,nan
267.0,582.0,267.0,582.0,267.0,582.0,0.0,166464.0,166464.0,0.0,408.0,408.0,nan,nan,nan
270.0,579.0,270.0,579.0,270.0,579.0,0.0,166464.0,166464.0,0.0,408.0,408.0,nan,nan,nan
270.0,579.0,264.0,579.0,270.0,579.0,36.0,166464.0,166500.0,6.0,408.0,408.0441152620633,0.014704292441876154,1.5560915044170451,89.15747573925958
272.0,580.0,265.0,580.0,272.0,580.0,49.0,164836.0,164885.0,7.0,406.0,406.06034034364893,0.017238817250844786,1.5535566556003668,89.01223960036019
272.0,580.0,266.0,580.0,272.0,580.0,36.0,169744.0,169780.0,6.0,412.0,412.0436870041816,0.014561562740164272,1.556234249402158,89.16565442445321
272.0,578.0,265.0,578.0,272.0,578.0,49.0,165649.0,165698.0,7.0,407.0,407.060192109226,0.017196473975332124,1.5535990051535538,89.01466605102206
271.0,578.0,265.0,578.0,271.0,578.0,36.0,170569.0,170605.0,6.0,413.0,413.0435812356851,0.014526312167955866,1.5562695037031682,89.16767434711078
272.0,577.0,265.0,577.0,272.0,577.0,49.0,170569.0,170618.0,7.0,413.0,413.05931777409404,0.016946718543287685,1.5538487969884918,89.02897806892084
272.0,582.0,265.0,582.0,272.0,582.0,49.0,166464.0,166513.0,7.0,408.0,408.0600446012817,0.017154338173049382,1.5536411471721316,89.01708061082674
272.0,576.0,266.0,576.0,272.0,576.0,36.0,172225.0,172261.0,6.0,415.0,415.04337122763445,0.014456320509957606,1.556339502711401,89.17168499485263
272.0,582.0,272.0,582.0,272.0,582.0,0.0,162409.0,162409.0,0.0,403.0,403.0,nan,nan,nan
272.0,578.0,272.0,578.0,272.0,578.0,0.0,165649.0,165649.0,0.0,407.0,407.0,nan,nan,nan
272.0,581.0,272.0,581.0,272.0,581.0,0.0,164025.0,164025.0,0.0,405.0,405.0,nan,nan,nan
272.0,576.0,272.0,576.0,272.0,576.0,0.0,168100.0,168100.0,0.0,410.0,410.0,nan,nan,nan
273.0,576.0,273.0,576.0,273.0,576.0,0.0,168100.0,168100.0,0.0,410.0,410.0,nan,nan,nan
273.0,582.0,273.0,582.0,273.0,582.0,0.0,163216.0,163216.0,0.0,404.0,404.0,nan,nan,nan
273.0,580.0,273.0,580.0,273.0,580.0,0.0,164025.0,164025.0,0.0,405.0,405.0,nan,nan,nan
273.0,579.0,273.0,579.0,273.0,579.0,0.0,164836.0,164836.0,0.0,406.0,406.0,nan,nan,nan
272.0,578.0,272.0,578.0,272.0,578.0,0.0,170569.0,170569.0,0.0,413.0,413.0,nan,nan,nan
273.0,577.0,273.0,577.0,273.0,577.0,0.0,170569.0,170569.0,0.0,413.0,413.0,nan,nan,nan
279.0,583.0,273.0,583.0,279.0,583.0,36.0,165649.0,165685.0,6.0,407.0,407.04422364160877,0.014740413084163639,1.5560553798595866,89.15540595458043
279.0,582.0,273.0,582.0,279.0,582.0,36.0,161604.0,161640.0,6.0,402.0,402.0447736260229,0.014923710973497512,1.5558720618048116,89.14490260373329
279.0,582.0,273.0,582.0,279.0,582.0,36.0,161604.0,161640.0,6.0,402.0,402.0447736260229,0.014923710973497512,1.5558720618048116,89.14490260373329
280.0,578.0,273.0,578.0,280.0,578.0,49.0,164836.0,164885.0,7.0,406.0,406.06034034364893,0.017238817250844786,1.5535566556003668,89.01223960036019
280.0,582.0,273.0,582.0,280.0,582.0,49.0,161604.0,161653.0,7.0,402.0,402.06094065452316,0.01741029603274707,1.5533851510786167,89.0024131150965
280.0,578.0,274.0,578.0,280.0,578.0,36.0,164836.0,164872.0,6.0,406.0,406.0443325549564,0.014776711602514302,1.5560190773874043,89.1533259761385
280.0,576.0,274.0,576.0,280.0,576.0,36.0,166464.0,166500.0,6.0,408.0,408.0441152620633,0.014704292441876154,1.5560915044170451,89.15747573925958
280.0,582.0,274.0,582.0,280.0,582.0,36.0,161604.0,161640.0,6.0,402.0,402.0447736260229,0.014923710973497512,1.5558720618048116,89.14490260373329
280.0,576.0,274.0,576.0,280.0,576.0,36.0,166464.0,166500.0,6.0,408.0,408.0441152620633,0.014704292441876154,1.5560915044170451,89.15747573925958
280.0,582.0,274.0,582.0,280.0,582.0,36.0,161604.0,161640.0,6.0,402.0,402.0447736260229,0.014923710973497512,1.5558720618048116,89.14490260373329
280.0,582.0,274.0,582.0,280.0,582.0,36.0,161604.0,161640.0,6.0,402.0,402.0447736260229,0.014923710973497512,1.5558720618048116,89.14490260373329
281.0,582.0,275.0,582.0,281.0,582.0,36.0,160801.0,160837.0,6.0,401.0,401.04488526846967,0.014960918890621051,1.5558348497332328,89.14277050908487
280.0,582.0,274.0,582.0,280.0,582.0,36.0,162409.0,162445.0,6.0,403.0,403.0446625375406,0.014886687649513645,1.5559090892421257,89.14702411961756
280.0,582.0,280.0,582.0,280.0,582.0,0.0,161604.0,161604.0,0.0,402.0,402.0,nan,nan,nan
280.0,581.0,280.0,581.0,280.0,581.0,0.0,162409.0,162409.0,0.0,403.0,403.0,nan,nan,nan
281.0,580.0,281.0,580.0,281.0,580.0,0.0,168100.0,168100.0,0.0,410.0,410.0,nan,nan,nan
281.0,580.0,281.0,580.0,281.0,580.0,0.0,168100.0,168100.0,0.0,410.0,410.0,nan,nan,nan
281.0,581.0,281.0,581.0,281.0,581.0,0.0,167281.0,167281.0,0.0,409.0,409.0,nan,nan,nan
281.0,580.0,281.0,580.0,281.0,580.0,0.0,168100.0,168100.0,0.0,410.0,410.0,nan,nan,nan
281.0,579.0,281.0,579.0,281.0,579.0,0.0,163216.0,163216.0,0.0,404.0,404.0,nan,nan,nan
281.0,578.0,281.0,578.0,281.0,578.0,0.0,163216.0,163216.0,0.0,404.0,404.0,nan,nan,nan
281.0,579.0,281.0,579.0,281.0,579.0,0.0,168100.0,168100.0,0.0,410.0,410.0,nan,nan,nan
287.0,578.0,281.0,578.0,287.0,578.0,36.0,164025.0,164061.0,6.0,405.0,405.0444420060594,0.014813189313952469,1.5559825956829954,89.15123572844642
287.0,579.0,281.0,579.0,287.0,579.0,36.0,163216.0,163252.0,6.0,404.0,404.04455199891015,0.014849847548535154,1.555945933415817,89.14913513526972
281.0,580.0,281.0,580.0,281.0,580.0,0.0,162409.0,162409.0,0.0,403.0,403.0,nan,nan,nan
287.0,579.0,281.0,579.0,287.0,579.0,36.0,163216.0,163252.0,6.0,404.0,404.04455199891015,0.014849847548535154,1.555945933415817,89.14913513526972
287.0,578.0,281.0,578.0,287.0,578.0,36.0,164025.0,164061.0,6.0,405.0,405.0444420060594,0.014813189313952469,1.5559825956829954,89.15123572844642
287.0,578.0,281.0,578.0,287.0,578.0,36.0,168921.0,168957.0,6.0,411.0,411.04379328728464,0.014596984793312548,1.5561988235838364,89.16362467457759
287.0,578.0,281.0,578.0,287.0,578.0,36.0,164025.0,164061.0,6.0,405.0,405.0444420060594,0.014813189313952469,1.5559825956829954,89.15123572844642
287.0,578.0,281.0,578.0,287.0,578.0,36.0,164025.0,164061.0,6.0,405.0,405.0444420060594,0.014813189313952469,1.5559825956829954,89.15123572844642
287.0,577.0,281.0,577.0,287.0,577.0,36.0,164836.0,164872.0,6.0,406.0,406.0443325549564,0.014776711602514302,1.5560190773874043,89.1533259761385
287.0,577.0,281.0,577.0,287.0,577.0,36.0,165649.0,165685.0,6.0,407.0,407.04422364160877,0.014740413084163639,1.5560553798595866,89.15540595458043
287.0,577.0,281.0,577.0,287.0,577.0,36.0,165649.0,165685.0,6.0,407.0,407.04422364160877,0.014740413084163639,1.5560553798595866,89.15540595458043
287.0,576.0,281.0,576.0,287.0,576.0,36.0,166464.0,166500.0,6.0,408.0,408.0441152620633,0.014704292441876154,1.5560915044170451,89.15747573925958
287.0,577.0,281.0,577.0,287.0,577.0,36.0,165649.0,165685.0,6.0,407.0,407.04422364160877,0.014740413084163639,1.5560553798595866,89.15540595458043
287.0,578.0,281.0,578.0,287.0,578.0,36.0,165649.0,165685.0,6.0,407.0,407.04422364160877,0.014740413084163639,1.5560553798595866,89.15540595458043
287.0,579.0,281.0,579.0,287.0,579.0,36.0,164836.0,164872.0,6.0,406.0,406.0443325549564,0.014776711602514302,1.5560190773874043,89.1533259761385
287.0,578.0,281.0,578.0,287.0,578.0,36.0,165649.0,165685.0,6.0,407.0,407.04422364160877,0.014740413084163639,1.5560553798595866,89.15540595458043
287.0,577.0,287.0,577.0,287.0,577.0,0.0,166464.0,166464.0,0.0,408.0,408.0,nan,nan,nan
287.0,579.0,281.0,579.0,287.0,579.0,36.0,165649.0,165685.0,6.0,407.0,407.04422364160877,0.014740413084163639,1.5560553798595866,89.15540595458043
287.0,579.0,287.0,579.0,287.0,579.0,0.0,164836.0,164836.0,0.0,406.0,406.0,nan,nan,nan
287.0,578.0,287.0,578.0,287.0,578.0,0.0,165649.0,165649.0,0.0,407.0,407.0,nan,nan,nan
287.0,578.0,287.0,578.0,287.0,578.0,0.0,165649.0,165649.0,0.0,407.0,407.0,nan,nan,nan
287.0,578.0,287.0,578.0,287.0,578.0,0.0,165649.0,165649.0,0.0,407.0,407.0,nan,nan,nan
287.0,577.0,287.0,577.0,287.0,577.0,0.0,166464.0,166464.0,0.0,408.0,408.0,nan,nan,nan
287.0,577.0,287.0,577.0,287.0,577.0,0.0,165649.0,165649.0,0.0,407.0,407.0,nan,nan,nan
287.0,577.0,287.0,577.0,287.0,577.0,0.0,165649.0,165649.0,0.0,407.0,407.0,nan,nan,nan
287.0,577.0,287.0,577.0,287.0,577.0,0.0,165649.0,165649.0,0.0,407.0,407.0,nan,nan,nan
294.0,576.0,287.0,576.0,294.0,576.0,49.0,166464.0,166513.0,7.0,408.0,408.0600446012817,0.017154338173049382,1.5536411471721316,89.01708061082674
294.0,577.0,287.0,577.0,294.0,577.0,49.0,165649.0,165698.0,7.0,407.0,407.060192109226,0.017196473975332124,1.5535990051535538,89.01466605102206
294.0,577.0,287.0,577.0,294.0,577.0,49.0,165649.0,165698.0,7.0,407.0,407.060192109226,0.017196473975332124,1.5535990051535538,89.01466605102206
294.0,577.0,287.0,577.0,294.0,577.0,49.0,165649.0,165698.0,7.0,407.0,407.060192109226,0.017196473975332124,1.5535990051535538,89.01466605102206
294.0,577.0,288.0,577.0,294.0,577.0,36.0,165649.0,165685.0,6.0,407.0,407.04422364160877,0.014740413084163639,1.5560553798595866,89.15540595458043
294.0,579.0,288.0,579.0,294.0,579.0,36.0,164025.0,164061.0,6.0,405.0,405.0444420060594,0.014813189313952469,1.5559825956829954,89.15123572844642
294.0,580.0,287.0,580.0,294.0,580.0,49.0,158404.0,158453.0,7.0,398.0,398.06155302917665,0.017585220041300805,1.5532102002853128,88.99238917301771
293.0,580.0,287.0,580.0,293.0,580.0,36.0,159201.0,159237.0,6.0,399.0,399.0451102319135,0.015035894053464213,1.5557598661360352,89.13847426543275
294.0,580.0,288.0,580.0,294.0,580.0,36.0,158404.0,158440.0,6.0,398.0,398.0452235613436,0.015073664108609325,1.5557220917999373,89.13630995540042
294.0,582.0,288.0,582.0,294.0,582.0,36.0,156816.0,156852.0,6.0,396.0,396.045451937022,0.015149776296267384,1.555645970920127,89.13194855025446
294.0,582.0,288.0,582.0,294.0,582.0,36.0,160801.0,160837.0,6.0,401.0,401.04488526846967,0.014960918890621051,1.5558348497332328,89.14277050908487
294.0,582.0,288.0,582.0,294.0,582.0,36.0,160801.0,160837.0,6.0,401.0,401.04488526846967,0.014960918890621051,1.5558348497332328,89.14277050908487
294.0,582.0,288.0,582.0,294.0,582.0,36.0,156025.0,156061.0,6.0,395.0,395.0455669919611,0.015188121324044868,1.5556076214800474,89.12975128919122
294.0,581.0,288.0,581.0,294.0,581.0,36.0,157609.0,157645.0,6.0,397.0,397.04533746160524,0.015111624376095858,1.5556841272082647,89.13413474452665
294.0,582.0,288.0,582.0,294.0,582.0,36.0,156025.0,156061.0,6.0,395.0,395.0455669919611,0.015188121324044868,1.5556076214800474,89.12975128919122
294.0,582.0,288.0,582.0,294.0,582.0,36.0,156816.0,156852.0,6.0,396.0,396.045451937022,0.015149776296267384,1.555645970920127,89.13194855025446
294.0,582.0,288.0,582.0,294.0,582.0,36.0,156816.0,156852.0,6.0,396.0,396.045451937022,0.015149776296267384,1.555645970920127,89.13194855025446
294.0,583.0,288.0,583.0,294.0,583.0,36.0,156025.0,156061.0,6.0,395.0,395.0455669919611,0.015188121324044868,1.5556076214800474,89.12975128919122
294.0,582.0,288.0,582.0,294.0,582.0,36.0,156816.0,156852.0,6.0,396.0,396.045451937022,0.015149776296267384,1.555645970920127,89.13194855025446
294.0,582.0,288.0,582.0,294.0,582.0,36.0,156816.0,156852.0,6.0,396.0,396.045451937022,0.015149776296267384,1.555645970920127,89.13194855025446
294.0,582.0,288.0,582.0,294.0,582.0,36.0,156816.0,156852.0,6.0,396.0,396.045451937022,0.015149776296267384,1.555645970920127,89.13194855025446
294.0,582.0,288.0,582.0,294.0,582.0,36.0,156816.0,156852.0,6.0,396.0,396.045451937022,0.015149776296267384,1.555645970920127,89.13194855025446
294.0,582.0,288.0,582.0,294.0,582.0,36.0,156816.0,156852.0,6.0,396.0,396.045451937022,0.015149776296267384,1.555645970920127,89.13194855025446
294.0,582.0,288.0,582.0,294.0,582.0,36.0,156816.0,156852.0,6.0,396.0,396.045451937022,0.015149776296267384,1.555645970920127,89.13194855025446
294.0,581.0,288.0,581.0,294.0,581.0,36.0,157609.0,157645.0,6.0,397.0,397.04533746160524,0.015111624376095858,1.5556841272082647,89.13413474452665
294.0,581.0,288.0,581.0,294.0,581.0,36.0,162409.0,162445.0,6.0,403.0,403.0446625375406,0.014886687649513645,1.5559090892421257,89.14702411961756
294.0,580.0,288.0,580.0,294.0,580.0,36.0,163216.0,163252.0,6.0,404.0,404.04455199891015,0.014849847548535154,1.555945933415817,89.14913513526972
294.0,581.0,288.0,581.0,294.0,581.0,36.0,156816.0,156852.0,6.0,396.0,396.045451937022,0.015149776296267384,1.555645970920127,89.13194855025446
294.0,580.0,288.0,580.0,294.0,580.0,36.0,157609.0,157645.0,6.0,397.0,397.04533746160524,0.015111624376095858,1.5556841272082647,89.13413474452665
294.0,579.0,287.0,579.0,294.0,579.0,49.0,159201.0,159250.0,7.0,399.0,399.06139878469827,0.017541160386140585,1.5532542667374942,88.99491399474583
293.0,580.0,287.0,580.0,293.0,580.0,36.0,163216.0,163252.0,6.0,404.0,404.04455199891015,0.014849847548535154,1.555945933415817,89.14913513526972
293.0,580.0,287.0,580.0,293.0,580.0,36.0,163216.0,163252.0,6.0,404.0,404.04455199891015,0.014849847548535154,1.555945933415817,89.14913513526972
293.0,579.0,287.0,579.0,293.0,579.0,36.0,160000.0,160036.0,6.0,400.0,400.04499746903474,0.014998312784712243,1.555797451643046,89.14062775635531
293.0,579.0,287.0,579.0,293.0,579.0,36.0,160000.0,160036.0,6.0,400.0,400.04499746903474,0.014998312784712243,1.555797451643046,89.14062775635531
293.0,578.0,287.0,578.0,293.0,578.0,36.0,160801.0,160837.0,6.0,401.0,401.04488526846967,0.014960918890621051,1.5558348497332328,89.14277050908487
293.0,578.0,287.0,578.0,293.0,578.0,36.0,160801.0,160837.0,6.0,401.0,401.04488526846967,0.014960918890621051,1.5558348497332328,89.14277050908487
293.0,578.0,287.0,578.0,293.0,578.0,36.0,160801.0,160837.0,6.0,401.0,401.04488526846967,0.014960918890621051,1.5558348497332328,89.14277050908487
293.0,577.0,287.0,577.0,293.0,577.0,36.0,161604.0,161640.0,6.0,402.0,402.0447736260229,0.014923710973497512,1.5558720618048116,89.14490260373329
293.0,577.0,287.0,577.0,293.0,577.0,36.0,161604.0,161640.0,6.0,402.0,402.0447736260229,0.014923710973497512,1.5558720618048116,89.14490260373329
293.0,583.0,287.0,583.0,293.0,583.0,36.0,156816.0,156852.0,6.0,396.0,396.045451937022,0.015149776296267384,1.555645970920127,89.13194855025446
293.0,583.0,287.0,583.0,293.0,583.0,36.0,156816.0,156852.0,6.0,396.0,396.045451937022,0.015149776296267384,1.555645970920127,89.13194855025446
293.0,582.0,287.0,582.0,293.0,582.0,36.0,157609.0,157645.0,6.0,397.0,397.04533746160524,0.015111624376095858,1.5556841272082647,89.13413474452665
293.0,582.0,287.0,582.0,293.0,582.0,36.0,157609.0,157645.0,6.0,397.0,397.04533746160524,0.015111624376095858,1.5556841272082647,89.13413474452665
293.0,583.0,287.0,583.0,293.0,583.0,36.0,156816.0,156852.0,6.0,396.0,396.045451937022,0.015149776296267384,1.555645970920127,89.13194855025446
293.0,582.0,287.0,582.0,293.0,582.0,36.0,157609.0,157645.0,6.0,397.0,397.04533746160524,0.015111624376095858,1.5556841272082647,89.13413474452665
293.0,582.0,287.0,582.0,293.0,582.0,36.0,156816.0,156852.0,6.0,396.0,396.045451937022,0.015149776296267384,1.555645970920127,89.13194855025446
293.0,582.0,287.0,582.0,293.0,582.0,36.0,156816.0,156852.0,6.0,396.0,396.045451937022,0.015149776296267384,1.555645970920127,89.13194855025446
293.0,582.0,286.0,582.0,293.0,582.0,49.0,157609.0,157658.0,7.0,397.0,397.06170805052454,0.01762950155623991,1.5531659119047148,88.98985163572797
293.0,582.0,286.0,582.0,293.0,582.0,49.0,162409.0,162458.0,7.0,403.0,403.0607894598531,0.017367107352170844,1.553428346290092,89.0048880184092
293.0,578.0,287.0,578.0,293.0,578.0,36.0,160801.0,160837.0,6.0,401.0,401.04488526846967,0.014960918890621051,1.5558348497332328,89.14277050908487
287.0,580.0,287.0,580.0,287.0,580.0,0.0,161604.0,161604.0,0.0,402.0,402.0,nan,nan,nan
293.0,583.0,286.0,583.0,293.0,583.0,49.0,156816.0,156865.0,7.0,396.0,396.06186385462564,0.01767400661066764,1.5531213999151217,88.98730128658657
293.0,582.0,286.0,582.0,293.0,582.0,49.0,162409.0,162458.0,7.0,403.0,403.0607894598531,0.017367107352170844,1.553428346290092,89.0048880184092
293.0,582.0,286.0,582.0,293.0,582.0,49.0,156816.0,156865.0,7.0,396.0,396.06186385462564,0.01767400661066764,1.5531213999151217,88.98730128658657
293.0,582.0,286.0,582.0,293.0,582.0,49.0,156816.0,156865.0,7.0,396.0,396.06186385462564,0.01767400661066764,1.5531213999151217,88.98730128658657
293.0,581.0,286.0,581.0,293.0,581.0,49.0,163216.0,163265.0,7.0,404.0,404.0606390135025,0.017324132380452134,1.5534713277282246,89.00735067341161
292.0,581.0,286.0,581.0,292.0,581.0,36.0,163216.0,163252.0,6.0,404.0,404.04455199891015,0.014849847548535154,1.555945933415817,89.14913513526972
292.0,582.0,286.0,582.0,292.0,582.0,36.0,157609.0,157645.0,6.0,397.0,397.04533746160524,0.015111624376095858,1.5556841272082647,89.13413474452665
292.0,582.0,286.0,582.0,292.0,582.0,36.0,157609.0,157645.0,6.0,397.0,397.04533746160524,0.015111624376095858,1.5556841272082647,89.13413474452665
292.0,582.0,286.0,582.0,292.0,582.0,36.0,157609.0,157645.0,6.0,397.0,397.04533746160524,0.015111624376095858,1.5556841272082647,89.13413474452665
292.0,582.0,286.0,582.0,292.0,582.0,36.0,162409.0,162445.0,6.0,403.0,403.0446625375406,0.014886687649513645,1.5559090892421257,89.14702411961756
292.0,582.0,286.0,582.0,292.0,582.0,36.0,162409.0,162445.0,6.0,403.0,403.0446625375406,0.014886687649513645,1.5559090892421257,89.14702411961756
292.0,583.0,286.0,583.0,292.0,583.0,36.0,156025.0,156061.0,6.0,395.0,395.0455669919611,0.015188121324044868,1.5556076214800474,89.12975128919122
292.0,583.0,286.0,583.0,292.0,583.0,36.0,156025.0,156061.0,6.0,395.0,395.0455669919611,0.015188121324044868,1.5556076214800474,89.12975128919122
292.0,583.0,286.0,583.0,292.0,583.0,36.0,156816.0,156852.0,6.0,396.0,396.045451937022,0.015149776296267384,1.555645970920127,89.13194855025446
292.0,583.0,286.0,583.0,292.0,583.0,36.0,156816.0,156852.0,6.0,396.0,396.045451937022,0.015149776296267384,1.555645970920127,89.13194855025446
292.0,578.0,286.0,578.0,292.0,578.0,36.0,160801.0,160837.0,6.0,401.0,401.04488526846967,0.014960918890621051,1.5558348497332328,89.14277050908487
292.0,578.0,286.0,578.0,292.0,578.0,36.0,160801.0,160837.0,6.0,401.0,401.04488526846967,0.014960918890621051,1.5558348497332328,89.14277050908487
292.0,578.0,286.0,578.0,292.0,578.0,36.0,160801.0,160837.0,6.0,401.0,401.04488526846967,0.014960918890621051,1.5558348497332328,89.14277050908487
292.0,578.0,286.0,578.0,292.0,578.0,36.0,160801.0,160837.0,6.0,401.0,401.04488526846967,0.014960918890621051,1.5558348497332328,89.14277050908487
292.0,578.0,286.0,578.0,292.0,578.0,36.0,160801.0,160837.0,6.0,401.0,401.04488526846967,0.014960918890621051,1.5558348497332328,89.14277050908487
292.0,578.0,286.0,578.0,292.0,578.0,36.0,160801.0,160837.0,6.0,401.0,401.04488526846967,0.014960918890621051,1.5558348497332328,89.14277050908487
292.0,578.0,286.0,578.0,292.0,578.0,36.0,160801.0,160837.0,6.0,401.0,401.04488526846967,0.014960918890621051,1.5558348497332328,89.14277050908487
293.0,583.0,286.0,583.0,293.0,583.0,49.0,161604.0,161653.0,7.0,402.0,402.06094065452316,0.01741029603274707,1.5533851510786167,89.0024131150965
293.0,583.0,286.0,583.0,293.0,583.0,49.0,160801.0,160850.0,7.0,401.0,401.06109260310956,0.017453700020029633,1.5533417404951437,88.9999258718773
293.0,582.0,286.0,582.0,293.0,582.0,49.0,161604.0,161653.0,7.0,402.0,402.06094065452316,0.01741029603274707,1.5533851510786167,89.0024131150965
293.0,581.0,286.0,581.0,293.0,581.0,49.0,162409.0,162458.0,7.0,403.0,403.0607894598531,0.017367107352170844,1.553428346290092,89.0048880184092
293.0,581.0,287.0,581.0,293.0,581.0,36.0,162409.0,162445.0,6.0,403.0,403.0446625375406,0.014886687649513645,1.5559090892421257,89.14702411961756
293.0,579.0,287.0,579.0,293.0,579.0,36.0,164025.0,164061.0,6.0,405.0,405.0444420060594,0.014813189313952469,1.5559825956829954,89.15123572844642
293.0,579.0,287.0,579.0,293.0,579.0,36.0,163216.0,163252.0,6.0,404.0,404.04455199891015,0.014849847548535154,1.555945933415817,89.14913513526972
293.0,580.0,287.0,580.0,293.0,580.0,36.0,162409.0,162445.0,6.0,403.0,403.0446625375406,0.014886687649513645,1.5559090892421257,89.14702411961756
293.0,576.0,281.0,576.0,293.0,576.0,144.0,166464.0,166608.0,12.0,408.0,408.17643244067875,0.02939905160189274,1.5413930385908916,88.31531568210372
293.0,579.0,281.0,579.0,293.0,579.0,144.0,164025.0,164169.0,12.0,405.0,405.1777387764535,0.02961663203965086,1.5411753633657705,88.30284381039972
293.0,578.0,281.0,578.0,293.0,578.0,144.0,164836.0,164980.0,12.0,406.0,406.1773011875479,0.029543748419508877,1.5412482788930029,88.3070215623711
293.0,578.0,281.0,578.0,293.0,578.0,144.0,164836.0,164980.0,12.0,406.0,406.1773011875479,0.029543748419508877,1.5412482788930029,88.3070215623711
293.0,578.0,281.0,578.0,293.0,578.0,144.0,165649.0,165793.0,12.0,407.0,407.17686574755203,0.02947122248207478,1.541320836424952,88.31117880272367
293.0,578.0,280.0,578.0,293.0,578.0,169.0,165649.0,165818.0,13.0,407.0,407.20756378043865,0.03192475080597825,1.5388661506040024,88.17053566515266
292.0,578.0,286.0,578.0,292.0,578.0,36.0,165649.0,165685.0,6.0,407.0,407.04422364160877,0.014740413084163639,1.5560553798595866,89.15540595458043
292.0,577.0,286.0,577.0,292.0,577.0,36.0,166464.0,166500.0,6.0,408.0,408.0441152620633,0.014704292441876154,1.5560915044170451,89.15747573925958
292.0,576.0,285.0,576.0,292.0,576.0,49.0,167281.0,167330.0,7.0,409.0,409.05989781448875,0.01711240832308266,1.5536830831777624,89.01948336695902
298.0,577.0,285.0,577.0,298.0,577.0,169.0,166464.0,166633.0,13.0,408.0,408.2070553040454,0.0318465833235469,1.5389443578530533,88.1750166104506
298.0,577.0,285.0,577.0,298.0,577.0,169.0,166464.0,166633.0,13.0,408.0,408.2070553040454,0.0318465833235469,1.5389443578530533,88.1750166104506
298.0,577.0,285.0,577.0,298.0,577.0,169.0,166464.0,166633.0,13.0,408.0,408.2070553040454,0.0318465833235469,1.5389443578530533,88.1750166104506
298.0,576.0,285.0,576.0,298.0,576.0,169.0,166464.0,166633.0,13.0,408.0,408.2070553040454,0.0318465833235469,1.5389443578530533,88.1750166104506
298.0,576.0,285.0,576.0,298.0,576.0,169.0,166464.0,166633.0,13.0,408.0,408.2070553040454,0.0318465833235469,1.5389443578530533,88.1750166104506
298.0,575.0,285.0,575.0,298.0,575.0,169.0,167281.0,167450.0,13.0,409.0,409.20654931220247,0.03176879749811067,1.5390221830574866,88.17947566620437
298.0,574.0,285.0,574.0,298.0,574.0,169.0,168100.0,168269.0,13.0,410.0,410.2060457867485,0.03169139054268897,1.5390996290089938,88.1839129923661
298.0,575.0,285.0,575.0,298.0,575.0,169.0,167281.0,167450.0,13.0,409.0,409.20654931220247,0.03176879749811067,1.5390221830574866,88.17947566620437
298.0,576.0,285.0,576.0,298.0,576.0,169.0,166464.0,166633.0,13.0,408.0,408.2070553040454,0.0318465833235469,1.5389443578530533,88.1750166104506
298.0,575.0,285.0,575.0,298.0,575.0,169.0,167281.0,167450.0,13.0,409.0,409.20654931220247,0.03176879749811067,1.5390221830574866,88.17947566620437
298.0,581.0,285.0,581.0,298.0,581.0,169.0,162409.0,162578.0,13.0,403.0,403.20962290104137,0.03224129401095805,1.5385494443596428,88.15238973400541
298.0,575.0,285.0,575.0,298.0,575.0,169.0,167281.0,167450.0,13.0,409.0,409.20654931220247,0.03176879749811067,1.5390221830574866,88.17947566620437
298.0,574.0,279.0,574.0,298.0,574.0,361.0,168100.0,168461.0,19.0,410.0,410.440007796511,0.04629178354713381,1.524487993948035,87.34672797158778
298.0,580.0,285.0,580.0,298.0,580.0,169.0,163216.0,163385.0,13.0,404.0,404.2091043012267,0.032161571477895445,1.5386292082583328,88.15695986875787
298.0,581.0,285.0,581.0,298.0,581.0,169.0,162409.0,162578.0,13.0,403.0,403.20962290104137,0.03224129401095805,1.5385494443596428,88.15238973400541
304.0,575.0,285.0,575.0,304.0,575.0,361.0,167281.0,167642.0,19.0,409.0,409.4410824526528,0.0464047229608356,1.5243749330324854,87.34025005829892
297.0,581.0,285.0,581.0,297.0,581.0,144.0,162409.0,162553.0,12.0,403.0,403.17862046492496,0.029763482959890616,1.5410284476780685,88.29442616155013
297.0,577.0,279.0,577.0,297.0,577.0,324.0,165649.0,165973.0,18.0,407.0,407.3978399550003,0.04418285576081654,1.5265990833171892,87.46768448261527
298.0,577.0,279.0,577.0,298.0,577.0,361.0,165649.0,166010.0,19.0,407.0,407.4432475817951,0.04663226133398053,1.5241471480654376,87.32719894105055
298.0,574.0,279.0,574.0,298.0,574.0,361.0,168100.0,168461.0,19.0,410.0,410.440007796511,0.04629178354713381,1.524487993948035,87.34672797158778
298.0,579.0,279.0,579.0,298.0,579.0,361.0,164025.0,164386.0,19.0,405.0,405.44543405987446,0.04686203963316593,1.5239171182866913,87.31401920556605
298.0,579.0,279.0,579.0,298.0,579.0,361.0,164025.0,164386.0,19.0,405.0,405.44543405987446,0.04686203963316593,1.5239171182866913,87.31401920556605
298.0,579.0,279.0,579.0,298.0,579.0,361.0,164025.0,164386.0,19.0,405.0,405.44543405987446,0.04686203963316593,1.5239171182866913,87.31401920556605
298.0,579.0,279.0,579.0,298.0,579.0,361.0,164025.0,164386.0,19.0,405.0,405.44543405987446,0.04686203963316593,1.5239171182866913,87.31401920556605
298.0,580.0,279.0,580.0,298.0,580.0,361.0,164025.0,164386.0,19.0,405.0,405.44543405987446,0.04686203963316593,1.5239171182866913,87.31401920556605
298.0,580.0,279.0,580.0,298.0,580.0,361.0,164025.0,164386.0,19.0,405.0,405.44543405987446,0.04686203963316593,1.5239171182866913,87.31401920556605
298.0,575.0,279.0,575.0,298.0,575.0,361.0,168100.0,168461.0,19.0,410.0,410.440007796511,0.04629178354713381,1.524487993948035,87.34672797158778
298.0,580.0,279.0,580.0,298.0,580.0,361.0,164025.0,164386.0,19.0,405.0,405.44543405987446,0.04686203963316593,1.5239171182866913,87.31401920556605
298.0,574.0,279.0,574.0,298.0,574.0,361.0,168921.0,169282.0,19.0,411.0,411.4389383614536,0.04617939195465328,1.524600505864941,87.35317442957144
298.0,575.0,280.0,575.0,298.0,575.0,324.0,168100.0,168424.0,18.0,410.0,410.39493174258376,0.04386019077665006,1.5269220614032588,87.48618976382227
298.0,574.0,280.0,574.0,298.0,574.0,324.0,168921.0,169245.0,18.0,411.0,411.3939717594316,0.04375367952772471,1.5270286749996422,87.49229827293375
298.0,580.0,273.0,580.0,298.0,580.0,625.0,164025.0,164650.0,25.0,405.0,405.77087130546965,0.061611125312096816,1.5091461561556376,86.46770541610911
298.0,580.0,280.0,580.0,298.0,580.0,324.0,164025.0,164349.0,18.0,405.0,405.3998026639875,0.04440061362072039,1.5263811115479857,87.4551956201869
298.0,580.0,280.0,580.0,298.0,580.0,324.0,164025.0,164349.0,18.0,405.0,405.3998026639875,0.04440061362072039,1.5263811115479857,87.4551956201869
292.0,580.0,280.0,580.0,292.0,580.0,144.0,164025.0,164169.0,12.0,405.0,405.1777387764535,0.02961663203965086,1.5411753633657705,88.30284381039972
292.0,580.0,280.0,580.0,292.0,580.0,144.0,164025.0,164169.0,12.0,405.0,405.1777387764535,0.02961663203965086,1.5411753633657705,88.30284381039972
292.0,579.0,280.0,579.0,292.0,579.0,144.0,164025.0,164169.0,12.0,405.0,405.1777387764535,0.02961663203965086,1.5411753633657705,88.30284381039972
292.0,578.0,280.0,578.0,292.0,578.0,144.0,169744.0,169888.0,12.0,412.0,412.1747202340289,0.02911386703480144,1.5416783452878577,88.3316625517067
293.0,577.0,280.0,577.0,293.0,577.0,169.0,170569.0,170738.0,13.0,413.0,413.2045498297423,0.03146141543058165,1.5393297188579707,88.19709616962129
293.0,583.0,280.0,583.0,293.0,583.0,169.0,165649.0,165818.0,13.0,407.0,407.20756378043865,0.03192475080597825,1.5388661506040024,88.17053566515266
293.0,582.0,274.0,582.0,293.0,582.0,361.0,161604.0,161965.0,19.0,402.0,402.44875450173777,0.047210979752002086,1.5235677915210195,87.29400425622211
293.0,582.0,280.0,582.0,293.0,582.0,169.0,161604.0,161773.0,13.0,402.0,402.2101440789379,0.03232141255355463,1.5384692840391732,88.14779688595809
293.0,583.0,280.0,583.0,293.0,583.0,169.0,160000.0,160169.0,13.0,400.0,400.21119424623794,0.03248284952269848,1.5383077622568804,88.13854236953328
293.0,577.0,280.0,577.0,293.0,577.0,169.0,169744.0,169913.0,13.0,412.0,412.20504606324266,0.03153770222891806,1.5392533941847004,88.1927230879702
293.0,577.0,280.0,577.0,293.0,577.0,169.0,168921.0,169090.0,13.0,411.0,411.2055447096987,0.03161435969735693,1.5391766984721411,88.18832874733378
293.0,581.0,280.0,581.0,293.0,581.0,169.0,165649.0,165818.0,13.0,407.0,407.20756378043865,0.03192475080597825,1.5388661506040024,88.17053566515266
293.0,580.0,280.0,580.0,293.0,580.0,169.0,167281.0,167450.0,13.0,409.0,409.20654931220247,0.03176879749811067,1.5390221830574866,88.17947566620437
293.0,581.0,281.0,581.0,293.0,581.0,144.0,166464.0,166608.0,12.0,408.0,408.17643244067875,0.02939905160189274,1.5413930385908916,88.31531568210372
293.0,578.0,280.0,578.0,293.0,578.0,169.0,168921.0,169090.0,13.0,411.0,411.2055447096987,0.03161435969735693,1.5391766984721411,88.18832874733378
293.0,578.0,287.0,578.0,293.0,578.0,36.0,168100.0,168136.0,6.0,410.0,410.0439000887588,0.014632579581603897,1.5561632249935557,89.16158502559789
292.0,583.0,286.0,583.0,292.0,583.0,36.0,168921.0,168957.0,6.0,411.0,411.04379328728464,0.014596984793312548,1.5561988235838364,89.16362467457759
292.0,581.0,286.0,581.0,292.0,581.0,36.0,169744.0,169780.0,6.0,412.0,412.0436870041816,0.014561562740164272,1.556234249402158,89.16565442445321
286.0,582.0,286.0,582.0,286.0,582.0,0.0,164836.0,164836.0,0.0,406.0,406.0,nan,nan,nan
287.0,579.0,287.0,579.0,287.0,579.0,0.0,172225.0,172225.0,0.0,415.0,415.0,nan,nan,nan
287.0,580.0,287.0,580.0,287.0,580.0,0.0,172225.0,172225.0,0.0,415.0,415.0,nan,nan,nan
286.0,580.0,286.0,580.0,286.0,580.0,0.0,168100.0,168100.0,0.0,410.0,410.0,nan,nan,nan
285.0,579.0,291.0,579.0,285.0,579.0,36.0,170569.0,170605.0,6.0,413.0,413.0435812356851,0.014526312167955866,1.5562695037031682,90.83232565288922
284.0,581.0,291.0,581.0,284.0,581.0,49.0,169744.0,169793.0,7.0,412.0,412.0594617285229,0.01698783949927064,1.553807670112101,90.9733783275209
285.0,585.0,291.0,585.0,285.0,585.0,36.0,164025.0,164061.0,6.0,405.0,405.0444420060594,0.014813189313952469,1.5559825956829954,90.84876427155358
284.0,583.0,291.0,583.0,284.0,583.0,49.0,168921.0,168970.0,7.0,411.0,411.0596063833079,0.017029160470398028,1.553766343162821,90.9757461872948
278.0,583.0,297.0,583.0,278.0,583.0,361.0,163216.0,163577.0,19.0,404.0,404.4465354036303,0.046977779105063525,1.5238012512050478,92.69261948919662
278.0,583.0,298.0,583.0,278.0,583.0,400.0,157609.0,158009.0,20.0,397.0,397.50345910444605,0.05031402756861268,1.5204610466686879,92.8839991118405
278.0,584.0,305.0,584.0,278.0,584.0,729.0,156816.0,157545.0,27.0,396.0,396.91938728159903,0.06802388813737772,1.5027198685368972,93.90049374238188
278.0,585.0,312.0,585.0,278.0,585.0,1156.0,162409.0,163565.0,34.0,403.0,404.4317000434066,0.08406858314111103,1.486628401222027,94.82246690569666
280.0,582.0,322.0,582.0,280.0,582.0,1764.0,165649.0,167413.0,42.0,407.0,409.16133737194673,0.10264899481893139,1.4679662062373866,95.89173191476677
273.0,592.0,328.0,592.0,273.0,592.0,3025.0,157609.0,160634.0,55.0,397.0,400.79171648126663,0.13722838506461685,1.433133544697317,97.88749641022041
273.0,587.0,335.0,587.0,273.0,587.0,3844.0,162409.0,166253.0,62.0,403.0,407.74133957694306,0.1520571842539411,1.4181469983996315,98.7461622625552
274.0,586.0,341.0,586.0,274.0,586.0,4489.0,166464.0,170953.0,67.0,408.0,413.46462968432985,0.16204530010500018,1.4080333307389357,99.32563273491103
271.0,593.0,343.0,593.0,271.0,593.0,5184.0,158404.0,163588.0,72.0,398.0,404.46013400581273,0.17801507230615032,1.3918273911237646,100.25416467790419
265.0,595.0,344.0,595.0,265.0,595.0,6241.0,154449.0,160690.0,79.0,393.0,400.8615721168593,0.19707551308253088,1.3724222936760693,101.36599486269722
266.0,593.0,344.0,593.0,266.0,593.0,6084.0,152100.0,158184.0,78.0,390.0,397.7235220602372,0.19611613513818404,1.373400766945016,101.30993247402021
265.0,594.0,350.0,594.0,265.0,594.0,7225.0,148225.0,155450.0,85.0,385.0,394.27148007432646,0.21558749312523479,1.3535028958718756,102.4499965078066
264.0,602.0,355.0,602.0,264.0,602.0,8281.0,142129.0,150410.0,91.0,377.0,387.82728114458376,0.2346405331038968,1.3339475658479765,103.57043438516148
266.0,601.0,356.0,601.0,266.0,601.0,8100.0,139876.0,147976.0,90.0,374.0,384.67648745406836,0.23396283093789635,1.3346446727409802,103.53049310232288
261.0,605.0,359.0,605.0,261.0,605.0,9604.0,134689.0,144293.0,98.0,367.0,379.85918443549576,0.2579903396192372,1.3098547795577615,104.95084935630145
263.0,608.0,361.0,608.0,263.0,608.0,9604.0,133956.0,143560.0,98.0,366.0,378.89312477267254,0.25864813477098014,1.3091738741976828,104.9898623596818
267.0,611.0,366.0,611.0,267.0,611.0,9801.0,126025.0,135826.0,99.0,355.0,368.5457909134223,0.26862333647776426,1.2988327738293055,105.58236376631099
264.0,620.0,370.0,620.0,264.0,620.0,11236.0,123904.0,135140.0,106.0,352.0,367.6139279189514,0.2883459846041797,1.2782973232102726,106.75895841718089
264.0,623.0,376.0,623.0,264.0,623.0,12544.0,123201.0,135745.0,112.0,351.0,368.4358831601504,0.3039877631878658,1.261920597449963,107.6972756854898
271.0,626.0,376.0,626.0,271.0,626.0,11025.0,122500.0,133525.0,105.0,350.0,365.41072781186926,0.28734788556634544,1.2793395323170296,106.69924423399361
271.0,630.0,389.0,630.0,271.0,630.0,13924.0,120409.0,134333.0,118.0,347.0,366.51466546374377,0.32195164646603414,1.2430061564475345,108.78099332677814
271.0,640.0,395.0,640.0,271.0,640.0,15376.0,114921.0,130297.0,124.0,339.0,360.96675747220826,0.34352193777718454,1.2201318343496412,110.09159544221028
272.0,647.0,401.0,647.0,272.0,647.0,16641.0,110889.0,127530.0,129.0,333.0,357.1134273588715,0.3612297665591973,1.2012099524220767,111.17573941710458
268.0,649.0,400.0,649.0,268.0,649.0,17424.0,114921.0,132345.0,132.0,339.0,363.79252328765637,0.3628441805430552,1.1994780525256896,111.27496997170671
268.0,655.0,406.0,655.0,268.0,655.0,19044.0,110889.0,129933.0,138.0,333.0,360.46220328905497,0.38284180349787655,1.1779258193302489,112.50982197288722
269.0,663.0,413.0,663.0,269.0,663.0,20736.0,106276.0,127012.0,144.0,326.0,356.3874296324156,0.40405465520634154,1.1548511955482434,113.83190052944832
269.0,672.0,419.0,672.0,269.0,672.0,22500.0,100489.0,122989.0,150.0,317.0,350.69787567078305,0.427718587439669,1.1288289937997658,115.32286286327405
270.0,675.0,418.0,675.0,270.0,675.0,21904.0,99225.0,121129.0,148.0,315.0,348.0359176866664,0.42524346620236786,1.1315654582322687,115.16607500050397
270.0,681.0,423.0,681.0,270.0,681.0,23409.0,96721.0,120130.0,153.0,311.0,346.5977495599185,0.4414339106190588,1.1136002411870591,116.19540611523097
272.0,692.0,429.0,692.0,272.0,692.0,24649.0,91204.0,115853.0,157.0,302.0,340.3718554757429,0.4612602289944294,1.091381299216478,117.46845771539135
272.0,695.0,429.0,695.0,272.0,695.0,24649.0,87025.0,111674.0,157.0,295.0,334.17660001861293,0.4698114709146464,1.0817191270521633,118.02205940133537
267.0,704.0,434.0,704.0,267.0,704.0,27889.0,82369.0,110258.0,167.0,287.0,332.05120087119093,0.5029344858920795,1.0438057712889703,120.19433467374432
273.0,708.0,435.0,708.0,273.0,708.0,26244.0,81796.0,108040.0,162.0,286.0,328.69438693108225,0.4928590400114339,1.0554237795423091,119.52867183447985
268.0,719.0,443.0,719.0,268.0,719.0,30625.0,77841.0,108466.0,175.0,279.0,329.34176777323586,0.5313629096704614,1.0105877434488366,122.09758747273204
269.0,727.0,442.0,727.0,269.0,727.0,29929.0,76176.0,106105.0,173.0,276.0,325.7376244771242,0.5311022952221148,1.0108953525704647,122.07996276832304
271.0,735.0,446.0,735.0,271.0,735.0,30625.0,70225.0,100850.0,175.0,265.0,317.56889016400834,0.55106153474171,0.9871605077177354,123.43986920578223
271.0,741.0,441.0,741.0,271.0,741.0,28900.0,73984.0,102884.0,170.0,272.0,320.7553584899245,0.52999894000318,1.0121970114513341,122.0053832080835
266.0,751.0,440.0,751.0,266.0,751.0,30276.0,72361.0,102637.0,174.0,269.0,320.3700984798675,0.5431218482174747,0.9966456510817454,122.89641052294795
268.0,761.0,440.0,761.0,268.0,761.0,29584.0,67600.0,97184.0,172.0,260.0,311.7434842943794,0.5517356694376983,0.9863524270855453,123.486168815513
268.0,765.0,448.0,765.0,268.0,765.0,32400.0,66049.0,98449.0,180.0,257.0,313.765836253726,0.573676223482927,0.959809265805877,125.00697993177305
272.0,771.0,448.0,771.0,272.0,771.0,30976.0,66564.0,97540.0,176.0,258.0,312.313944613429,0.563535516218613,0.972136933080496,124.30065662569584
274.0,778.0,448.0,778.0,274.0,778.0,30276.0,65536.0,95812.0,174.0,256.0,309.53513532392407,0.5621332771089508,0.9738333895794951,124.20345682817566
276.0,790.0,449.0,790.0,276.0,790.0,29929.0,61504.0,91433.0,173.0,248.0,302.3789013803708,0.5721298649153385,0.9616959366985668,124.89888165229175
274.0,793.0,455.0,793.0,274.0,793.0,32761.0,60025.0,92786.0,181.0,245.0,304.6079447420897,0.5942064319867032,0.9345176794142993,126.45608108920095
279.0,801.0,452.0,801.0,279.0,801.0,29929.0,60025.0,89954.0,173.0,245.0,299.92332353453276,0.5768140935530846,0.9559731441418479,125.22677351282061
280.0,811.0,457.0,811.0,280.0,811.0,31329.0,57121.0,88450.0,177.0,239.0,297.40544715926103,0.5951471356380915,0.9333475987049042,126.52312177553897
282.0,813.0,457.0,813.0,282.0,813.0,30625.0,59049.0,89674.0,175.0,243.0,299.4561737550255,0.5843926936138619,0.9466648727345536,125.76009817902087
282.0,821.0,461.0,821.0,282.0,821.0,32041.0,57600.0,89641.0,179.0,240.0,299.4010688023675,0.5978602571995381,0.9299672223306163,126.7168030749514
283.0,828.0,470.0,828.0,283.0,828.0,34969.0,55696.0,90665.0,187.0,236.0,301.10629352439645,0.6210431466283808,0.9007234004576448,128.39235064510504
285.0,834.0,470.0,834.0,285.0,834.0,34225.0,57600.0,91825.0,185.0,240.0,303.0264014900352,0.610507860339303,0.9140946646754625,127.62623363866979
287.0,842.0,475.0,842.0,287.0,842.0,35344.0,54289.0,89633.0,188.0,233.0,299.3877084985287,0.6279482913405041,0.8918822215253484,128.89891288384558
287.0,849.0,475.0,849.0,287.0,849.0,35344.0,56644.0,91988.0,188.0,238.0,303.29523570277195,0.6198580718367735,0.9022345026319059,128.30577086810683
290.0,856.0,478.0,856.0,290.0,856.0,35344.0,58564.0,93908.0,188.0,242.0,306.44412214953644,0.6134886800284624,0.9103255677271419,127.84218698638418
293.0,864.0,476.0,864.0,293.0,864.0,33489.0,58564.0,92053.0,183.0,242.0,303.40237309553135,0.6031594220338526,0.9233400639386722,127.09651128097451
291.0,873.0,477.0,873.0,291.0,873.0,34596.0,57600.0,92196.0,186.0,240.0,303.63794229311986,0.612571665435814,0.9114862584620387,127.77568430595466
293.0,876.0,483.0,876.0,293.0,876.0,36100.0,59536.0,95636.0,190.0,244.0,309.2507073556987,0.6143882470783256,0.909185943030565,127.90748267172692
298.0,887.0,483.0,887.0,298.0,887.0,34225.0,57121.0,91346.0,185.0,239.0,302.23500789948207,0.6121064574409847,0.9120746859848409,127.74196989234876
295.0,889.0,480.0,889.0,295.0,889.0,34225.0,59049.0,93274.0,185.0,243.0,305.4079239312562,0.6057472170946074,0.9200916752823979,127.2826302411972
301.0,897.0,487.0,897.0,301.0,897.0,34596.0,59049.0,93645.0,186.0,243.0,306.01470552899906,0.6078139273681865,0.9174916105223162,127.43160297841057
303.0,905.0,488.0,905.0,303.0,905.0,34225.0,58081.0,92306.0,185.0,241.0,303.81902507907563,0.6089151262066279,0.9161041118160421,127.51110079835993
306.0,911.0,491.0,911.0,306.0,911.0,34225.0,57600.0,91825.0,185.0,240.0,303.0264014900352,0.610507860339303,0.9140946646754625,127.62623363866979
307.0,914.0,494.0,914.0,307.0,914.0,34969.0,61504.0,96473.0,187.0,248.0,310.60103026229643,0.6020585309780917,0.9247195636843751,127.01747176770635
314.0,920.0,496.0,920.0,314.0,920.0,33124.0,61504.0,94628.0,182.0,248.0,307.6166445431716,0.591645488722759,0.9376979636699323,126.27386422370128
314.0,927.0,504.0,927.0,314.0,927.0,36100.0,60516.0,96616.0,190.0,246.0,310.8311438707518,0.6112643592721996,0.913139149518761,127.68098062440956
319.0,927.0,504.0,927.0,319.0,927.0,34225.0,63001.0,97226.0,185.0,251.0,311.8108400937979,0.593308430022346,0.9356337033771546,126.39213762629389
323.0,934.0,507.0,934.0,323.0,934.0,33856.0,62001.0,95857.0,184.0,249.0,309.6078164387973,0.594300241242045,0.9344010415541786,126.46276394631731
330.0,936.0,514.0,936.0,330.0,936.0,33856.0,65536.0,99392.0,184.0,256.0,315.2649679238085,0.5836360481525753,0.9475969968608307,125.70669140060289
333.0,938.0,515.0,938.0,333.0,938.0,33124.0,65025.0,98149.0,182.0,255.0,313.28740798187215,0.5809362118075653,0.9509178983089603,125.51641776344617
336.0,942.0,519.0,942.0,336.0,942.0,33489.0,67600.0,101089.0,183.0,260.0,317.94496379090515,0.575571312148064,0.9574937126067764,125.13965135731954
343.0,943.0,520.0,943.0,343.0,943.0,31329.0,69696.0,101025.0,177.0,264.0,317.8443015062564,0.5568764302559502,0.9801759281800116,123.84005613496724
346.0,945.0,522.0,945.0,346.0,945.0,30976.0,71289.0,102265.0,176.0,267.0,319.7889929312765,0.5503629076996496,0.9879974924073249,123.39191351555169
352.0,947.0,528.0,947.0,352.0,947.0,30976.0,70225.0,101201.0,176.0,265.0,318.12104614438823,0.5532485264119162,0.9845374006431956,123.59016217036427
359.0,946.0,533.0,946.0,359.0,946.0,30276.0,74529.0,104805.0,174.0,273.0,323.736003558455,0.5374749737051779,1.0033563773370477,122.51191423105149
368.0,948.0,533.0,948.0,368.0,948.0,27225.0,73984.0,101209.0,165.0,272.0,318.13361972605156,0.5186499941190854,1.02552511257148,121.24173926497556
380.0,950.0,538.0,950.0,380.0,950.0,24964.0,77841.0,102805.0,158.0,279.0,320.6321880285883,0.4927764769079028,1.0555186652048008,119.52323528648279
386.0,949.0,540.0,949.0,386.0,949.0,23716.0,78400.0,102116.0,154.0,280.0,319.5559418943732,0.4819187497721559,1.0679531158670357,118.81079374297306
395.0,951.0,540.0,951.0,395.0,951.0,21025.0,79524.0,100549.0,145.0,282.0,317.09462310168556,0.4572767541173398,1.0958656987347566,117.21152054934349
407.0,952.0,544.0,952.0,407.0,952.0,18769.0,78400.0,97169.0,137.0,280.0,311.7194251245822,0.43949779499704394,1.1157568265461641,116.07184287599455
413.0,947.0,547.0,947.0,413.0,947.0,17956.0,84100.0,102056.0,134.0,290.0,319.4620478241508,0.4194551462769088,1.1379512972076253,114.8001933785659
423.0,951.0,544.0,951.0,423.0,951.0,14641.0,83521.0,98162.0,121.0,289.0,313.3081550167502,0.3862012464805809,1.1742865738744055,112.7183353781192
433.0,948.0,546.0,948.0,433.0,948.0,12769.0,84681.0,97450.0,113.0,291.0,312.1698255757593,0.361982455516273,1.2004026328988704,111.22199541850281
446.0,947.0,545.0,947.0,446.0,947.0,9801.0,88209.0,98010.0,99.0,297.0,313.06548835666956,0.3162277660168379,1.2490457723982544,108.43494882292201
456.0,941.0,550.0,941.0,456.0,941.0,8836.0,91204.0,100040.0,94.0,302.0,316.29100524675056,0.29719466706511954,1.269043106371405,107.28918598474691
465.0,944.0,550.0,944.0,465.0,944.0,7225.0,89401.0,96626.0,85.0,299.0,310.8472293587318,0.27344622043230804,1.2938223408974259,105.86944042684105
474.0,939.0,554.0,939.0,474.0,939.0,6400.0,92416.0,98816.0,80.0,304.0,314.350123270216,0.2544932992796438,1.313472611823808,104.74356283647073
483.0,941.0,555.0,941.0,483.0,941.0,5184.0,91204.0,96388.0,72.0,302.0,310.46416862497995,0.23191082023694404,1.336754727552281,103.40959586709407
494.0,937.0,557.0,937.0,494.0,937.0,3969.0,93636.0,97605.0,63.0,306.0,312.41798923877604,0.20165292067048712,1.3677511095414314,101.63363399894044
500.0,935.0,563.0,935.0,500.0,935.0,3969.0,94249.0,98218.0,63.0,307.0,313.39751115795417,0.2010226557550664,1.3683945509454172,101.59676752212808
510.0,934.0,564.0,934.0,510.0,934.0,2916.0,97969.0,100885.0,54.0,313.0,317.6239915371633,0.17001234616649472,1.3999541291212416,99.78853688944017
521.0,933.0,565.0,933.0,521.0,933.0,1936.0,98596.0,100532.0,44.0,314.0,317.0678160898706,0.1387715743042445,1.4315754477822409,97.97676878752662
526.0,931.0,570.0,931.0,526.0,931.0,1936.0,99856.0,101792.0,44.0,316.0,319.0485856417483,0.13791002994574159,1.4324453566177713,97.9269266826896
531.0,932.0,571.0,932.0,531.0,932.0,1600.0,99225.0,100825.0,40.0,315.0,317.52952618614853,0.12597253704384767,1.4444882097316565,97.236922025968
536.0,932.0,571.0,932.0,536.0,932.0,1225.0,99225.0,100450.0,35.0,315.0,316.9384798348096,0.11043152607484653,1.460139105621001,96.3401917459099
541.0,933.0,570.0,933.0,541.0,933.0,841.0,101761.0,102602.0,29.0,319.0,320.31546949843056,0.09053574604251854,1.4801364395941514,95.1944289077348
551.0,933.0,570.0,933.0,551.0,933.0,361.0,101124.0,101485.0,19.0,318.0,318.56710439089596,0.059642065166547006,1.5111188453539681,93.4192678185355
556.0,937.0,571.0,937.0,556.0,937.0,225.0,98596.0,98821.0,15.0,314.0,314.35807608521844,0.04771628642978999,1.5230619146977638,92.73498035070394
562.0,936.0,571.0,936.0,562.0,936.0,81.0,99225.0,99306.0,9.0,315.0,315.12854520020875,0.02855977389887699,1.5422326689561365,91.63657704161672
567.0,936.0,572.0,936.0,567.0,936.0,25.0,99225.0,99250.0,5.0,315.0,315.03968004046726,0.015871016626723793,1.5549246438031066,90.90938044919913
567.0,936.0,572.0,936.0,567.0,936.0,25.0,99225.0,99250.0,5.0,315.0,315.03968004046726,0.015871016626723793,1.5549246438031066,90.90938044919913
572.0,936.0,572.0,936.0,572.0,936.0,0.0,103041.0,103041.0,0.0,321.0,321.0,nan,nan,nan
572.0,940.0,572.0,940.0,572.0,940.0,0.0,99856.0,99856.0,0.0,316.0,316.0,nan,nan,nan
578.0,941.0,578.0,941.0,578.0,941.0,0.0,99856.0,99856.0,0.0,316.0,316.0,nan,nan,nan
582.0,941.0,577.0,941.0,582.0,941.0,25.0,99225.0,99250.0,5.0,315.0,315.03968004046726,0.015871016626723793,1.5549246438031066,89.09061955080087
587.0,937.0,577.0,937.0,587.0,937.0,100.0,101761.0,101861.0,10.0,319.0,319.15670132397344,0.03133257098634153,1.5394586268548605,88.20448205378855
587.0,937.0,577.0,937.0,587.0,937.0,100.0,101761.0,101861.0,10.0,319.0,319.15670132397344,0.03133257098634153,1.5394586268548605,88.20448205378855
592.0,937.0,578.0,937.0,592.0,937.0,196.0,101761.0,101957.0,14.0,319.0,319.30706224573237,0.04384494317643961,1.5269373236855794,87.48706422818498
593.0,936.0,578.0,936.0,593.0,936.0,225.0,102400.0,102625.0,15.0,320.0,320.3513695928269,0.046823586298586156,1.523955613878927,87.31622484053102
593.0,936.0,578.0,936.0,593.0,936.0,225.0,102400.0,102625.0,15.0,320.0,320.3513695928269,0.046823586298586156,1.523955613878927,87.31622484053102
598.0,936.0,578.0,936.0,598.0,936.0,400.0,102400.0,102800.0,20.0,320.0,320.62439083762797,0.06237828615518053,1.5083775167989393,86.42366562500266
597.0,937.0,578.0,937.0,597.0,937.0,361.0,101761.0,102122.0,19.0,319.0,319.5653297840678,0.059455761402021974,1.5113054803232655,86.5914255775148
597.0,937.0,578.0,937.0,597.0,937.0,361.0,101761.0,102122.0,19.0,319.0,319.5653297840678,0.059455761402021974,1.5113054803232655,86.5914255775148
602.0,933.0,578.0,933.0,602.0,933.0,576.0,104329.0,104905.0,24.0,323.0,323.8904135660702,0.07409913660536377,1.4966292129634677,85.75053739879277
602.0,933.0,577.0,933.0,602.0,933.0,625.0,104329.0,104954.0,25.0,323.0,323.9660476037574,0.07716858042660532,1.4935509507120168,85.5741659635502
602.0,933.0,577.0,933.0,602.0,933.0,625.0,104329.0,104954.0,25.0,323.0,323.9660476037574,0.07716858042660532,1.4935509507120168,85.5741659635502
602.0,933.0,577.0,933.0,602.0,933.0,625.0,104329.0,104954.0,25.0,323.0,323.9660476037574,0.07716858042660532,1.4935509507120168,85.5741659635502
602.0,933.0,577.0,933.0,602.0,933.0,625.0,104329.0,104954.0,25.0,323.0,323.9660476037574,0.07716858042660532,1.4935509507120168,85.5741659635502
602.0,933.0,577.0,933.0,602.0,933.0,625.0,104329.0,104954.0,25.0,323.0,323.9660476037574,0.07716858042660532,1.4935509507120168,85.5741659635502
602.0,933.0,577.0,933.0,602.0,933.0,625.0,104329.0,104954.0,25.0,323.0,323.9660476037574,0.07716858042660532,1.4935509507120168,85.5741659635502
602.0,933.0,577.0,933.0,602.0,933.0,625.0,104329.0,104954.0,25.0,323.0,323.9660476037574,0.07716858042660532,1.4935509507120168,85.5741659635502
602.0,933.0,572.0,933.0,602.0,933.0,900.0,104329.0,105229.0,30.0,323.0,324.39019713918606,0.09248121633937016,1.4781827719709053,84.69363418288184
601.0,933.0,577.0,933.0,601.0,933.0,576.0,104329.0,104905.0,24.0,323.0,323.8904135660702,0.07409913660536377,1.4966292129634677,85.75053739879277
601.0,934.0,577.0,934.0,601.0,934.0,576.0,103684.0,104260.0,24.0,322.0,322.893171188243,0.0743279887638388,1.496399727970078,85.73738887720995
601.0,934.0,576.0,934.0,601.0,934.0,625.0,103684.0,104309.0,25.0,322.0,322.96903876377996,0.0774068006508978,1.4933120157928796,85.56047600110534
600.0,935.0,576.0,935.0,600.0,935.0,576.0,103041.0,103617.0,24.0,321.0,321.895945920417,0.07455825493973003,1.4961688210873838,85.72415888737106
599.0,936.0,575.0,936.0,599.0,936.0,576.0,102400.0,102976.0,24.0,320.0,320.8987379221053,0.07478994824163422,1.4959364790841299,85.71084667118099
599.0,936.0,575.0,936.0,599.0,936.0,576.0,102400.0,102976.0,24.0,320.0,320.8987379221053,0.07478994824163422,1.4959364790841299,85.71084667118099
599.0,936.0,575.0,936.0,599.0,936.0,576.0,102400.0,102976.0,24.0,320.0,320.8987379221053,0.07478994824163422,1.4959364790841299,85.71084667118099
599.0,936.0,574.0,936.0,599.0,936.0,625.0,102400.0,103025.0,25.0,320.0,320.97507691408066,0.07788766729290965,1.4928296929633542,85.53284093861072
598.0,932.0,569.0,932.0,598.0,932.0,841.0,104976.0,105817.0,29.0,324.0,325.2952505032928,0.08914977994646882,1.481528033463465,84.88530354777315
593.0,938.0,569.0,938.0,593.0,938.0,576.0,101124.0,101700.0,24.0,318.0,318.90437438203946,0.0752576694706878,1.4954674359665565,85.68397248013439
593.0,933.0,569.0,933.0,593.0,933.0,576.0,104329.0,104905.0,24.0,323.0,323.8904135660702,0.07409913660536377,1.4966292129634677,85.75053739879277
593.0,938.0,573.0,938.0,593.0,938.0,400.0,101124.0,101524.0,20.0,318.0,318.62831010442244,0.06276906152326986,1.507985974140796,86.4012318831917
593.0,933.0,573.0,933.0,593.0,933.0,400.0,104329.0,104729.0,20.0,323.0,323.6186026791414,0.061801144416377775,1.508955774251834,86.45679733652551
592.0,933.0,573.0,933.0,592.0,933.0,361.0,104329.0,104690.0,19.0,323.0,323.5583409526016,0.05872202195147035,1.512040504079174,86.63353933657021
593.0,937.0,574.0,937.0,593.0,937.0,361.0,101761.0,102122.0,19.0,319.0,319.5653297840678,0.059455761402021974,1.5113054803232655,86.5914255775148
589.0,936.0,574.0,936.0,589.0,936.0,225.0,102400.0,102625.0,15.0,320.0,320.3513695928269,0.046823586298586156,1.523955613878927,87.31622484053102
589.0,935.0,575.0,935.0,589.0,935.0,196.0,103041.0,103237.0,14.0,321.0,321.3051509079803,0.043572286222107626,1.527210241462321,87.50270126494635
589.0,935.0,574.0,935.0,589.0,935.0,225.0,103041.0,103266.0,15.0,321.0,321.3502761785028,0.046678036746630465,1.5241013227515663,87.32457334397085
589.0,935.0,574.0,935.0,589.0,935.0,225.0,100489.0,100714.0,15.0,317.0,317.35469115801646,0.04726572638729716,1.5235129837007813,87.29086399943814
589.0,935.0,574.0,935.0,589.0,935.0,225.0,103041.0,103266.0,15.0,321.0,321.3502761785028,0.046678036746630465,1.5241013227515663,87.32457334397085
584.0,935.0,574.0,935.0,584.0,935.0,100.0,103041.0,103141.0,10.0,321.0,321.155725466634,0.031137542341710282,1.5396537507072512,88.21566182701288
589.0,936.0,574.0,936.0,589.0,936.0,225.0,102400.0,102625.0,15.0,320.0,320.3513695928269,0.046823586298586156,1.523955613878927,87.31622484053102
584.0,936.0,569.0,936.0,584.0,936.0,225.0,102400.0,102625.0,15.0,320.0,320.3513695928269,0.046823586298586156,1.523955613878927,87.31622484053102
584.0,936.0,569.0,936.0,584.0,936.0,225.0,102400.0,102625.0,15.0,320.0,320.3513695928269,0.046823586298586156,1.523955613878927,87.31622484053102
584.0,936.0,569.0,936.0,584.0,936.0,225.0,102400.0,102625.0,15.0,320.0,320.3513695928269,0.046823586298586156,1.523955613878927,87.31622484053102
584.0,932.0,569.0,932.0,584.0,932.0,225.0,104976.0,105201.0,15.0,324.0,324.34703636691364,0.046246761394888876,1.5245330643705397,87.34931031657818
584.0,931.0,569.0,931.0,584.0,931.0,225.0,105625.0,105850.0,15.0,325.0,325.3459696999488,0.04610476660840087,1.5246752107803854,87.35745470593528
584.0,931.0,569.0,931.0,584.0,931.0,225.0,105625.0,105850.0,15.0,325.0,325.3459696999488,0.04610476660840087,1.5246752107803854,87.35745470593528
584.0,931.0,569.0,931.0,584.0,931.0,225.0,105625.0,105850.0,15.0,325.0,325.3459696999488,0.04610476660840087,1.5246752107803854,87.35745470593528
584.0,931.0,569.0,931.0,584.0,931.0,225.0,102400.0,102625.0,15.0,320.0,320.3513695928269,0.046823586298586156,1.523955613878927,87.31622484053102
584.0,931.0,569.0,931.0,584.0,931.0,225.0,102400.0,102625.0,15.0,320.0,320.3513695928269,0.046823586298586156,1.523955613878927,87.31622484053102
584.0,931.0,569.0,931.0,584.0,931.0,225.0,105625.0,105850.0,15.0,325.0,325.3459696999488,0.04610476660840087,1.5246752107803854,87.35745470593528
583.0,931.0,569.0,931.0,583.0,931.0,196.0,105625.0,105821.0,14.0,325.0,325.3013987058771,0.043037011386041324,1.5277460189103134,87.53339905147462
583.0,931.0,569.0,931.0,583.0,931.0,196.0,105625.0,105821.0,14.0,325.0,325.3013987058771,0.043037011386041324,1.5277460189103134,87.53339905147462
583.0,931.0,569.0,931.0,583.0,931.0,196.0,105625.0,105821.0,14.0,325.0,325.3013987058771,0.043037011386041324,1.5277460189103134,87.53339905147462
585.0,941.0,575.0,941.0,585.0,941.0,100.0,96100.0,96200.0,10.0,310.0,310.16124838541646,0.03224129401095805,1.5385494443596428,88.15238973400541
585.0,941.0,571.0,941.0,585.0,941.0,196.0,96100.0,96296.0,14.0,310.0,310.3159680068043,0.04511530647270146,1.5256657017401476,87.41420565757551
585.0,941.0,570.0,941.0,585.0,941.0,225.0,96100.0,96325.0,15.0,310.0,310.3626910567699,0.04833055142332259,1.5224469401429936,87.2297842027998
585.0,941.0,570.0,941.0,585.0,941.0,225.0,96100.0,96325.0,15.0,310.0,310.3626910567699,0.04833055142332259,1.5224469401429936,87.2297842027998
585.0,940.0,570.0,940.0,585.0,940.0,225.0,96721.0,96946.0,15.0,311.0,311.3615262038648,0.04817550897466603,1.5226021634045401,87.23867784056867
585.0,940.0,570.0,940.0,585.0,940.0,225.0,96721.0,96946.0,15.0,311.0,311.3615262038648,0.04817550897466603,1.5226021634045401,87.23867784056867
585.0,941.0,570.0,941.0,585.0,941.0,225.0,96100.0,96325.0,15.0,310.0,310.3626910567699,0.04833055142332259,1.5224469401429936,87.2297842027998
585.0,940.0,575.0,940.0,585.0,940.0,100.0,96721.0,96821.0,10.0,311.0,311.16073017011644,0.032137731501442494,1.5386530605648465,88.15832650525275
585.0,940.0,571.0,940.0,585.0,940.0,196.0,96721.0,96917.0,14.0,311.0,311.3149530620076,0.04497053502345416,1.5258106202742137,87.42250887795072
585.0,940.0,575.0,940.0,585.0,940.0,100.0,96721.0,96821.0,10.0,311.0,311.16073017011644,0.032137731501442494,1.5386530605648465,88.15832650525275
585.0,940.0,575.0,940.0,585.0,940.0,100.0,96721.0,96821.0,10.0,311.0,311.16073017011644,0.032137731501442494,1.5386530605648465,88.15832650525275
585.0,944.0,571.0,944.0,585.0,944.0,196.0,94249.0,94445.0,14.0,307.0,307.31905245200795,0.04555526215604966,1.525225293237279,87.38897210909947
585.0,944.0,571.0,944.0,585.0,944.0,196.0,94249.0,94445.0,14.0,307.0,307.31905245200795,0.04555526215604966,1.525225293237279,87.38897210909947
585.0,944.0,570.0,944.0,585.0,944.0,225.0,94249.0,94474.0,15.0,307.0,307.3662310664592,0.048801717573055965,1.5219752173413568,87.20275647716592
585.0,944.0,570.0,944.0,585.0,944.0,225.0,94249.0,94474.0,15.0,307.0,307.3662310664592,0.048801717573055965,1.5219752173413568,87.20275647716592
585.0,944.0,571.0,944.0,585.0,944.0,196.0,94249.0,94445.0,14.0,307.0,307.31905245200795,0.04555526215604966,1.525225293237279,87.38897210909947
585.0,944.0,571.0,944.0,585.0,944.0,196.0,94249.0,94445.0,14.0,307.0,307.31905245200795,0.04555526215604966,1.525225293237279,87.38897210909947
585.0,944.0,570.0,944.0,585.0,944.0,225.0,94249.0,94474.0,15.0,307.0,307.3662310664592,0.048801717573055965,1.5219752173413568,87.20275647716592
585.0,944.0,575.0,944.0,585.0,944.0,100.0,94249.0,94349.0,10.0,307.0,307.1628232713067,0.032556023198052626,1.5382345498597119,88.13434760816749
585.0,944.0,570.0,944.0,585.0,944.0,225.0,94249.0,94474.0,15.0,307.0,307.3662310664592,0.048801717573055965,1.5219752173413568,87.20275647716592
585.0,940.0,570.0,940.0,585.0,940.0,225.0,96721.0,96946.0,15.0,311.0,311.3615262038648,0.04817550897466603,1.5226021634045401,87.23867784056867
585.0,940.0,570.0,940.0,585.0,940.0,225.0,96721.0,96946.0,15.0,311.0,311.3615262038648,0.04817550897466603,1.5226021634045401,87.23867784056867
585.0,940.0,570.0,940.0,585.0,940.0,225.0,96721.0,96946.0,15.0,311.0,311.3615262038648,0.04817550897466603,1.5226021634045401,87.23867784056867
585.0,940.0,570.0,940.0,585.0,940.0,225.0,96721.0,96946.0,15.0,311.0,311.3615262038648,0.04817550897466603,1.5226021634045401,87.23867784056867
585.0,940.0,570.0,940.0,585.0,940.0,225.0,96721.0,96946.0,15.0,311.0,311.3615262038648,0.04817550897466603,1.5226021634045401,87.23867784056867
580.0,939.0,571.0,939.0,580.0,939.0,81.0,97344.0,97425.0,9.0,312.0,312.1297807002722,0.028834159879932764,1.5419581699237777,88.34769532234868
580.0,939.0,570.0,939.0,580.0,939.0,100.0,97344.0,97444.0,10.0,312.0,312.1602152741441,0.032034831828962704,1.5387560132474296,88.16422525945431
580.0,939.0,570.0,939.0,580.0,939.0,100.0,97344.0,97444.0,10.0,312.0,312.1602152741441,0.032034831828962704,1.5387560132474296,88.16422525945431
580.0,940.0,570.0,940.0,580.0,940.0,100.0,96721.0,96821.0,10.0,311.0,311.16073017011644,0.032137731501442494,1.5386530605648465,88.15832650525275
580.0,940.0,570.0,940.0,580.0,940.0,100.0,96721.0,96821.0,10.0,311.0,311.16073017011644,0.032137731501442494,1.5386530605648465,88.15832650525275
575.0,939.0,570.0,939.0,575.0,939.0,25.0,97344.0,97369.0,5.0,312.0,312.04006153056696,0.016023583559991728,1.5547720574658543,89.08187699766495
570.0,935.0,570.0,935.0,570.0,935.0,0.0,99856.0,99856.0,0.0,316.0,316.0,nan,nan,nan
569.0,936.0,569.0,936.0,569.0,936.0,0.0,99225.0,99225.0,0.0,315.0,315.0,nan,nan,nan
564.0,936.0,573.0,936.0,564.0,936.0,81.0,99225.0,99306.0,9.0,315.0,315.12854520020875,0.02855977389887699,1.5422326689561365,91.63657704161672
558.0,931.0,568.0,931.0,558.0,931.0,100.0,99225.0,99325.0,10.0,315.0,315.15869018638847,0.031730046834773575,1.5390609532664388,91.81830296445183
558.0,936.0,567.0,936.0,558.0,936.0,81.0,99225.0,99306.0,9.0,315.0,315.12854520020875,0.02855977389887699,1.5422326689561365,91.63657704161672
548.0,935.0,567.0,935.0,548.0,935.0,361.0,99856.0,100217.0,19.0,316.0,316.5706872090339,0.06001819109504022,1.5107420444119497,93.44085692222971
542.0,935.0,567.0,935.0,542.0,935.0,625.0,99856.0,100481.0,25.0,316.0,316.98738145232215,0.07886749272308252,1.4918468439997663,94.52347215890167
537.0,936.0,561.0,936.0,537.0,936.0,576.0,99225.0,99801.0,24.0,315.0,315.91296269700615,0.07597029192821864,1.4947527675157795,94.3569750058463
526.0,938.0,560.0,938.0,526.0,938.0,1156.0,98596.0,99752.0,34.0,314.0,315.8354001691387,0.10765101056370516,1.462936301122813,96.1799242491831
516.0,940.0,559.0,940.0,516.0,940.0,1849.0,97344.0,99193.0,43.0,312.0,314.9492022533158,0.13652995369524643,1.4338386123541318,97.84709900921375
510.0,941.0,558.0,941.0,510.0,941.0,2304.0,93636.0,95940.0,48.0,306.0,309.7418279793674,0.15496776884521193,1.415201498817867,98.91492695714786
500.0,943.0,557.0,943.0,500.0,943.0,3249.0,93025.0,96274.0,57.0,305.0,310.28051824115545,0.18370473377802793,1.386042318523065,100.58562492210105
490.0,949.0,557.0,949.0,490.0,949.0,4489.0,90000.0,94489.0,67.0,300.0,307.3906309567681,0.21796370237914955,1.3510688068632903,102.58945953495771
481.0,954.0,562.0,954.0,481.0,954.0,6561.0,87025.0,93586.0,81.0,295.0,305.91828974417336,0.2647765848447208,1.302824095854422,105.35367785959421
466.0,954.0,557.0,954.0,466.0,954.0,8281.0,84681.0,92962.0,91.0,291.0,304.89670381950674,0.2984617375656194,1.2677158019951082,107.36523492363796
456.0,958.0,555.0,958.0,456.0,958.0,9801.0,82944.0,92745.0,99.0,288.0,304.54063768239536,0.3250797685110479,1.2397002500907646,108.97040780848654
443.0,961.0,550.0,961.0,443.0,961.0,11449.0,81225.0,92674.0,107.0,285.0,304.4240463563941,0.3514834037608625,1.2116411890307726,110.57807358432396
430.0,962.0,549.0,962.0,430.0,962.0,14161.0,81225.0,95386.0,119.0,285.0,308.8462400612965,0.3853049982942391,1.1752580092267177,112.6626762323619
416.0,966.0,548.0,966.0,416.0,966.0,17424.0,79524.0,96948.0,132.0,282.0,311.3647378878989,0.4239401060486308,1.1330050231533502,115.08359400619092
403.0,967.0,548.0,967.0,403.0,967.0,21025.0,78400.0,99425.0,145.0,280.0,315.3173005085512,0.4598542476614526,1.0929652718027818,117.37770277133171
393.0,966.0,547.0,966.0,393.0,966.0,23716.0,78961.0,102677.0,154.0,281.0,320.4325201973108,0.4806004081769614,1.069457079731725,118.72462296098618
381.0,967.0,544.0,967.0,381.0,967.0,26569.0,73441.0,100010.0,163.0,271.0,316.24357700987383,0.5154254879772966,1.0292922282511214,121.02589943559454
367.0,965.0,539.0,965.0,367.0,965.0,29584.0,73984.0,103568.0,172.0,272.0,321.8198253681709,0.5344605473053973,1.0069269680141963,122.30733445488211
356.0,964.0,534.0,964.0,356.0,964.0,31684.0,70225.0,101909.0,178.0,265.0,319.23189063751136,0.5575884027267171,0.9793184983150361,123.88918324745882
348.0,958.0,527.0,958.0,348.0,958.0,32041.0,70756.0,102797.0,179.0,266.0,320.61971243203374,0.5582938074587199,0.9784684907035862,123.93788509614888
340.0,952.0,526.0,952.0,340.0,952.0,34596.0,70225.0,104821.0,186.0,265.0,323.76071410842917,0.5744983622000155,0.9588051808945056,125.0645097594674
332.0,943.0,513.0,943.0,332.0,943.0,32761.0,70756.0,103517.0,181.0,266.0,321.74057872764513,0.562565035208746,0.9733112488497593,124.2333732883014
330.0,931.0,507.0,931.0,330.0,931.0,31329.0,74529.0,105858.0,177.0,273.0,325.35826407208407,0.5440156883821617,0.9955807500596179,122.95742485711502
327.0,920.0,504.0,920.0,327.0,920.0,31329.0,72361.0,103690.0,177.0,269.0,322.0093166354042,0.549673536931879,0.9888229352885575,123.34461912222794
322.0,907.0,501.0,907.0,322.0,907.0,32041.0,72900.0,104941.0,179.0,270.0,323.94598315151245,0.5525612580794993,0.9853622107497854,123.54290403235694
318.0,898.0,493.0,898.0,318.0,898.0,30625.0,72361.0,102986.0,175.0,269.0,320.9143187830671,0.5453168953744852,0.9940292055052918,123.0463218118044
315.0,882.0,488.0,882.0,315.0,882.0,29929.0,74529.0,104458.0,173.0,273.0,323.199628712658,0.5352728921412419,1.0059655407828327,122.36242017754819
310.0,869.0,486.0,869.0,310.0,869.0,30976.0,76729.0,107705.0,176.0,277.0,328.18439938546743,0.5362838706823478,1.0047682075439917,122.43102231880451
306.0,855.0,477.0,855.0,306.0,855.0,29241.0,76729.0,105970.0,171.0,277.0,325.53033652794943,0.5252966645869525,1.0177326110465004,121.68821671420613
306.0,845.0,478.0,845.0,306.0,845.0,29584.0,75076.0,104660.0,172.0,274.0,323.5119781399137,0.5316650128039858,1.0102310899997275,122.11802221011479
300.0,830.0,472.0,830.0,300.0,830.0,29584.0,77284.0,106868.0,172.0,278.0,326.90671452266014,0.5261439804047754,1.0167365392828542,121.74528742235522
298.0,821.0,463.0,821.0,298.0,821.0,27225.0,77841.0,105066.0,165.0,279.0,324.13885913293393,0.5090410956630509,1.0367259475582886,120.59997869320895
297.0,804.0,461.0,804.0,297.0,804.0,26896.0,81225.0,108121.0,164.0,285.0,328.8175786055241,0.4987567899973728,1.048632492550023,119.91778391659994
294.0,785.0,452.0,785.0,294.0,785.0,24964.0,87025.0,111989.0,158.0,295.0,334.647575816709,0.4721384866285084,1.0790812241831549,118.173200102495
297.0,771.0,451.0,771.0,297.0,771.0,23716.0,88804.0,112520.0,154.0,298.0,335.4400095397089,0.4590984844393456,1.0938161744999448,117.32894963800798
290.0,764.0,443.0,764.0,290.0,764.0,23409.0,87616.0,111025.0,153.0,296.0,333.2041416309227,0.45917796594939136,1.0937267050539994,117.33407585965602
288.0,748.0,440.0,748.0,288.0,748.0,23104.0,92416.0,115520.0,152.0,304.0,339.882332579968,0.447213595499958,1.1071487177940904,116.56505117707799
291.0,736.0,431.0,736.0,291.0,736.0,19600.0,94249.0,113849.0,140.0,307.0,337.4151745253909,0.41491909839835855,1.1429424423279977,114.51422182823124
282.0,720.0,425.0,720.0,282.0,720.0,20449.0,100489.0,120938.0,143.0,317.0,347.76141246550054,0.41120145845446904,1.147024608865111,114.2803309143851
287.0,711.0,424.0,711.0,287.0,711.0,18769.0,99225.0,117994.0,137.0,315.0,343.50254729768744,0.3988325591113377,1.160552909643364,113.50521637580766
290.0,694.0,417.0,694.0,290.0,694.0,16129.0,106929.0,123058.0,127.0,327.0,350.7962371519968,0.3620335298664337,1.2003478423813374,111.2251346839148
283.0,683.0,417.0,683.0,283.0,683.0,17956.0,108241.0,126197.0,134.0,329.0,355.24217092006404,0.37720746850787723,1.1840171621194728,112.16081373949724
287.0,671.0,410.0,671.0,287.0,671.0,15129.0,114921.0,130050.0,123.0,339.0,360.62445840513925,0.3410750356311582,1.2227360551453323,109.94238458169697
287.0,659.0,405.0,659.0,287.0,659.0,13924.0,113569.0,127493.0,118.0,337.0,357.0616193320139,0.33047517182259134,1.233989337173676,109.29761901580245
292.0,646.0,399.0,646.0,292.0,646.0,11449.0,116281.0,127730.0,107.0,341.0,357.39334073258834,0.29939002159545103,1.2667430396560246,107.42097010013671
289.0,643.0,392.0,643.0,289.0,643.0,10609.0,116281.0,126890.0,103.0,341.0,356.21622646926124,0.28915021929493184,1.2774573081348464,106.80708773573018
287.0,633.0,390.0,633.0,287.0,633.0,10609.0,117649.0,128258.0,103.0,343.0,358.1312608527773,0.28760404706011367,1.2790720811332488,106.71456805805003
287.0,624.0,384.0,624.0,287.0,624.0,9409.0,123201.0,132610.0,97.0,351.0,364.156559737704,0.266368948756182,1.3011724214439007,105.44831183244683
285.0,618.0,384.0,618.0,285.0,618.0,9801.0,126736.0,136537.0,99.0,356.0,369.50913385192524,0.2679230117209298,1.2995597473612945,105.5407112511103
285.0,610.0,377.0,610.0,285.0,610.0,8464.0,131769.0,140233.0,92.0,363.0,374.4769685841841,0.24567599002905832,1.322579333019061,104.2217861467804
277.0,608.0,377.0,608.0,277.0,608.0,10000.0,128164.0,138164.0,100.0,358.0,371.7041834577599,0.26903113941240836,1.2984093852860954,105.60662214293113
283.0,596.0,368.0,596.0,283.0,596.0,7225.0,135424.0,142649.0,85.0,368.0,377.68902552232043,0.22505287222060605,1.343799026669792,103.00598725803297
287.0,592.0,366.0,592.0,287.0,592.0,6241.0,133956.0,140197.0,79.0,366.0,374.4288984573707,0.2109879881747276,1.3582107357729005,102.18025715085457
288.0,592.0,359.0,592.0,288.0,592.0,5041.0,135424.0,140465.0,71.0,368.0,374.78660595063957,0.18944113496241352,1.3802033830998246,100.92017127870216
287.0,585.0,358.0,585.0,287.0,585.0,5041.0,137641.0,142682.0,71.0,371.0,377.7327097300418,0.1879636001095651,1.381707948642253,100.8339660231202
287.0,582.0,352.0,582.0,287.0,582.0,4225.0,139129.0,143354.0,65.0,373.0,378.6211827143326,0.17167555057013836,1.3982661073749325,99.88525341122997
285.0,583.0,351.0,583.0,285.0,583.0,4356.0,139129.0,143485.0,66.0,373.0,378.7941393422026,0.174237120232675,1.39566534207179,100.03426628660411
292.0,579.0,343.0,579.0,292.0,579.0,2601.0,140625.0,143226.0,51.0,375.0,378.4521105767545,0.13475945456421656,1.4356256281458877,97.74471054642291
291.0,575.0,343.0,575.0,291.0,575.0,2704.0,145924.0,148628.0,52.0,382.0,385.5230213618896,0.13488169867601166,1.4355022576649574,97.75177915429671
290.0,579.0,342.0,579.0,290.0,579.0,2704.0,142884.0,145588.0,52.0,378.0,381.55995597022496,0.13628264493262973,1.4340882545284885,97.83279556623464
289.0,576.0,341.0,576.0,289.0,576.0,2704.0,148996.0,151700.0,52.0,386.0,389.48684188300894,0.13350900315040518,1.436887482810538,97.67241159977955
295.0,576.0,341.0,576.0,295.0,576.0,2116.0,150544.0,152660.0,46.0,388.0,390.7172890978847,0.11773218458340556,1.4527904532821114,96.76123851003722
296.0,575.0,335.0,575.0,296.0,575.0,1521.0,150544.0,152065.0,39.0,388.0,389.95512562344913,0.100011507574488,1.4706173400790925,95.73983313471271
296.0,574.0,335.0,574.0,296.0,574.0,1521.0,156025.0,157546.0,39.0,395.0,396.92064698123227,0.09825641547400796,1.4723811206264856,95.63877595335981
291.0,574.0,338.0,574.0,291.0,574.0,2209.0,154449.0,156658.0,47.0,393.0,395.80045477487766,0.11874670539914498,1.451768765394781,96.81977691396088
296.0,573.0,336.0,573.0,296.0,573.0,1600.0,153664.0,155264.0,40.0,392.0,394.03553139279205,0.10151368801339448,1.4691074750318196,95.82634202955578
297.0,571.0,337.0,571.0,297.0,571.0,1600.0,158404.0,160004.0,40.0,398.0,400.0049999687504,0.09999875002343701,1.4706301619069715,95.7390984980896
297.0,571.0,330.0,571.0,297.0,571.0,1089.0,157609.0,158698.0,33.0,397.0,398.36917551437136,0.08283773451445042,1.4878635585265334,94.75169760511369
297.0,576.0,330.0,576.0,297.0,576.0,1089.0,152881.0,153970.0,33.0,391.0,392.3901120058965,0.08409997854253805,1.4865968942432415,94.82427212260627
297.0,575.0,331.0,575.0,297.0,575.0,1156.0,154449.0,155605.0,34.0,393.0,394.46799616698945,0.08619203669340728,1.4844972106667076,94.9445751298546
296.0,579.0,323.0,579.0,296.0,579.0,729.0,151321.0,152050.0,27.0,389.0,389.9358921669048,0.06924215119044018,1.5014987259212274,93.97046006044333
297.0,575.0,324.0,575.0,297.0,575.0,729.0,157609.0,158338.0,27.0,397.0,397.91707678861934,0.06785333320676479,1.5028908184469076,93.89069903403015
296.0,576.0,317.0,576.0,296.0,576.0,441.0,162409.0,162850.0,21.0,403.0,403.54677547962143,0.05203857712663218,1.5187342341391674,92.98293818179232
297.0,578.0,310.0,578.0,297.0,578.0,169.0,162409.0,162578.0,13.0,403.0,403.20962290104137,0.03224129401095805,1.5385494443596428,91.84761026599459
298.0,575.0,311.0,575.0,298.0,575.0,169.0,169744.0,169913.0,13.0,412.0,412.20504606324266,0.03153770222891806,1.5392533941847004,91.8072769120298
297.0,575.0,311.0,575.0,297.0,575.0,196.0,171396.0,171592.0,14.0,414.0,414.2366473406234,0.033797106291486356,1.5369927831014416,91.93680038622104
297.0,576.0,304.0,576.0,297.0,576.0,49.0,175561.0,175610.0,7.0,419.0,419.0584684742691,0.016704112973747985,1.5540914369060852,90.95711968785966
296.0,575.0,303.0,575.0,296.0,575.0,49.0,176400.0,176449.0,7.0,420.0,420.05832928296996,0.016664352333993333,1.554131203080956,90.95484125387217
302.0,573.0,302.0,573.0,302.0,573.0,0.0,173889.0,173889.0,0.0,417.0,417.0,nan,nan,nan
302.0,573.0,302.0,573.0,302.0,573.0,0.0,174724.0,174724.0,0.0,418.0,418.0,nan,nan,nan
302.0,578.0,295.0,578.0,302.0,578.0,49.0,170569.0,170618.0,7.0,413.0,413.05931777409404,0.016946718543287685,1.5538487969884918,89.02897806892084
303.0,579.0,296.0,579.0,303.0,579.0,49.0,175561.0,175610.0,7.0,419.0,419.0584684742691,0.016704112973747985,1.5540914369060852,89.04288031214034
302.0,577.0,296.0,577.0,302.0,577.0,36.0,174724.0,174760.0,6.0,418.0,418.04305998305966,0.014352588463597837,1.556443245521076,89.17762902000182
302.0,576.0,295.0,576.0,302.0,576.0,49.0,175561.0,175610.0,7.0,419.0,419.0584684742691,0.016704112973747985,1.5540914369060852,89.04288031214034
302.0,571.0,295.0,571.0,302.0,571.0,49.0,186624.0,186673.0,7.0,432.0,432.0567092408125,0.016201576900171356,1.5545940410160477,89.07167740640713
302.0,576.0,295.0,576.0,302.0,576.0,49.0,177241.0,177290.0,7.0,421.0,421.0581907527747,0.016624780502393948,1.5541707803952187,89.04742635919953
302.0,577.0,295.0,577.0,302.0,577.0,49.0,175561.0,175610.0,7.0,419.0,419.0584684742691,0.016704112973747985,1.5540914369060852,89.04288031214034
302.0,574.0,295.0,574.0,302.0,574.0,49.0,179776.0,179825.0,7.0,424.0,424.05777908204914,0.01650718450479268,1.554288392532249,89.0541650382709
302.0,574.0,296.0,574.0,302.0,574.0,36.0,168100.0,168136.0,6.0,410.0,410.0439000887588,0.014632579581603897,1.5561632249935557,89.16158502559789
302.0,576.0,296.0,576.0,302.0,576.0,36.0,167281.0,167317.0,6.0,409.0,409.04400741240545,0.014668348371500998,1.556127452364402,89.1595354049253
303.0,576.0,296.0,576.0,303.0,576.0,49.0,166464.0,166513.0,7.0,408.0,408.0600446012817,0.017154338173049382,1.5536411471721316,89.01708061082674
303.0,575.0,289.0,575.0,303.0,575.0,196.0,167281.0,167477.0,14.0,409.0,409.23953865676276,0.03420979323247179,1.5365798573689615,88.0395407120555
303.0,577.0,290.0,577.0,303.0,577.0,169.0,165649.0,165818.0,13.0,407.0,407.20756378043865,0.03192475080597825,1.5388661506040024,88.17053566515266
303.0,576.0,290.0,576.0,303.0,576.0,169.0,165649.0,165818.0,13.0,407.0,407.20756378043865,0.03192475080597825,1.5388661506040024,88.17053566515266
297.0,576.0,290.0,576.0,297.0,576.0,49.0,166464.0,166513.0,7.0,408.0,408.0600446012817,0.017154338173049382,1.5536411471721316,89.01708061082674
297.0,579.0,291.0,579.0,297.0,579.0,36.0,164025.0,164061.0,6.0,405.0,405.0444420060594,0.014813189313952469,1.5559825956829954,89.15123572844642
297.0,580.0,291.0,580.0,297.0,580.0,36.0,164025.0,164061.0,6.0,405.0,405.0444420060594,0.014813189313952469,1.5559825956829954,89.15123572844642
297.0,579.0,291.0,579.0,297.0,579.0,36.0,164025.0,164061.0,6.0,405.0,405.0444420060594,0.014813189313952469,1.5559825956829954,89.15123572844642
298.0,577.0,291.0,577.0,298.0,577.0,49.0,165649.0,165698.0,7.0,407.0,407.060192109226,0.017196473975332124,1.5535990051535538,89.01466605102206
298.0,579.0,292.0,579.0,298.0,579.0,36.0,169744.0,169780.0,6.0,412.0,412.0436870041816,0.014561562740164272,1.556234249402158,89.16565442445321
298.0,579.0,291.0,579.0,298.0,579.0,49.0,164836.0,164885.0,7.0,406.0,406.06034034364893,0.017238817250844786,1.5535566556003668,89.01223960036019
298.0,580.0,292.0,580.0,298.0,580.0,36.0,164025.0,164061.0,6.0,405.0,405.0444420060594,0.014813189313952469,1.5559825956829954,89.15123572844642
298.0,582.0,292.0,582.0,298.0,582.0,36.0,167281.0,167317.0,6.0,409.0,409.04400741240545,0.014668348371500998,1.556127452364402,89.1595354049253
298.0,580.0,292.0,580.0,298.0,580.0,36.0,168921.0,168957.0,6.0,411.0,411.04379328728464,0.014596984793312548,1.5561988235838364,89.16362467457759
298.0,579.0,292.0,579.0,298.0,579.0,36.0,168921.0,168957.0,6.0,411.0,411.04379328728464,0.014596984793312548,1.5561988235838364,89.16362467457759
298.0,578.0,291.0,578.0,298.0,578.0,49.0,169744.0,169793.0,7.0,412.0,412.0594617285229,0.01698783949927064,1.553807670112101,89.0266216724791
297.0,583.0,291.0,583.0,297.0,583.0,36.0,165649.0,165685.0,6.0,407.0,407.04422364160877,0.014740413084163639,1.5560553798595866,89.15540595458043
303.0,581.0,290.0,581.0,303.0,581.0,169.0,166464.0,166633.0,13.0,408.0,408.2070553040454,0.0318465833235469,1.5389443578530533,88.1750166104506
303.0,582.0,290.0,582.0,303.0,582.0,169.0,160801.0,160970.0,13.0,401.0,401.21066785418355,0.03240193006215063,1.5383887243353114,88.14318115492799
303.0,582.0,290.0,582.0,303.0,582.0,169.0,160801.0,160970.0,13.0,401.0,401.21066785418355,0.03240193006215063,1.5383887243353114,88.14318115492799
303.0,581.0,290.0,581.0,303.0,581.0,169.0,161604.0,161773.0,13.0,402.0,402.2101440789379,0.03232141255355463,1.5384692840391732,88.14779688595809
303.0,582.0,284.0,582.0,303.0,582.0,361.0,155236.0,155597.0,19.0,394.0,394.45785579704204,0.048167376364221665,1.52261030546725,87.23914434639848
303.0,582.0,290.0,582.0,303.0,582.0,169.0,160000.0,160169.0,13.0,400.0,400.21119424623794,0.03248284952269848,1.5383077622568804,88.13854236953328
303.0,578.0,283.0,578.0,303.0,578.0,400.0,163216.0,163616.0,20.0,404.0,404.4947465666272,0.04944439988346216,1.5213317581933052,87.16588898369349
303.0,578.0,284.0,578.0,303.0,578.0,361.0,168921.0,169282.0,19.0,411.0,411.4389383614536,0.04617939195465328,1.524600505864941,87.35317442957144
303.0,579.0,284.0,579.0,303.0,579.0,361.0,168100.0,168461.0,19.0,410.0,410.440007796511,0.04629178354713381,1.524487993948035,87.34672797158778
303.0,580.0,284.0,580.0,303.0,580.0,361.0,167281.0,167642.0,19.0,409.0,409.4410824526528,0.0464047229608356,1.5243749330324854,87.34025005829892
303.0,582.0,284.0,582.0,303.0,582.0,361.0,160801.0,161162.0,19.0,401.0,401.44987233775527,0.04732844947579051,1.5234501903381223,87.28726620477636
303.0,584.0,284.0,584.0,303.0,584.0,361.0,159201.0,159562.0,19.0,399.0,399.45212479094414,0.047565149415449405,1.5232132235179132,87.27368900609373
303.0,579.0,284.0,579.0,303.0,579.0,361.0,163216.0,163577.0,19.0,404.0,404.4465354036303,0.046977779105063525,1.5238012512050478,87.30738051080338
304.0,579.0,284.0,579.0,304.0,579.0,400.0,164025.0,164425.0,20.0,405.0,405.493526458808,0.04932261231063499,1.5214536945419266,87.17287542183873
303.0,584.0,284.0,584.0,303.0,584.0,361.0,159201.0,159562.0,19.0,399.0,399.45212479094414,0.047565149415449405,1.5232132235179132,87.27368900609373
303.0,583.0,284.0,583.0,303.0,583.0,361.0,160000.0,160361.0,19.0,400.0,400.4509957535379,0.04744650456979701,1.5233320024697243,87.2804945387275
303.0,584.0,283.0,584.0,303.0,584.0,400.0,159201.0,159601.0,20.0,399.0,399.50093867223893,0.05006246059513899,1.520712931073605,87.13043280148642
303.0,580.0,283.0,580.0,303.0,580.0,400.0,162409.0,162809.0,20.0,403.0,403.49597271843993,0.04956678963920175,1.5212092181846055,87.1588679583735
302.0,580.0,283.0,580.0,302.0,580.0,361.0,162409.0,162770.0,19.0,403.0,403.44764220404113,0.04709409106024932,1.5236848103728382,87.30070894255479
302.0,580.0,283.0,580.0,302.0,580.0,361.0,162409.0,162770.0,19.0,403.0,403.44764220404113,0.04709409106024932,1.5236848103728382,87.30070894255479
302.0,585.0,283.0,585.0,302.0,585.0,361.0,158404.0,158765.0,19.0,398.0,398.45325949225213,0.04768438843796045,1.5230938490407435,87.26684935237033
302.0,584.0,282.0,584.0,302.0,584.0,400.0,159201.0,159601.0,20.0,399.0,399.50093867223893,0.05006246059513899,1.520712931073605,87.13043280148642
302.0,584.0,282.0,584.0,302.0,584.0,400.0,159201.0,159601.0,20.0,399.0,399.50093867223893,0.05006246059513899,1.520712931073605,87.13043280148642
301.0,583.0,282.0,583.0,301.0,583.0,361.0,160000.0,160361.0,19.0,400.0,400.4509957535379,0.04744650456979701,1.5233320024697243,87.2804945387275
301.0,584.0,282.0,584.0,301.0,584.0,361.0,159201.0,159562.0,19.0,399.0,399.45212479094414,0.047565149415449405,1.5232132235179132,87.27368900609373
301.0,585.0,282.0,585.0,301.0,585.0,361.0,159201.0,159562.0,19.0,399.0,399.45212479094414,0.047565149415449405,1.5232132235179132,87.27368900609373
301.0,584.0,282.0,584.0,301.0,584.0,361.0,159201.0,159562.0,19.0,399.0,399.45212479094414,0.047565149415449405,1.5232132235179132,87.27368900609373
301.0,584.0,282.0,584.0,301.0,584.0,361.0,159201.0,159562.0,19.0,399.0,399.45212479094414,0.047565149415449405,1.5232132235179132,87.27368900609373
301.0,583.0,282.0,583.0,301.0,583.0,361.0,160000.0,160361.0,19.0,400.0,400.4509957535379,0.04744650456979701,1.5233320024697243,87.2804945387275
301.0,582.0,282.0,582.0,301.0,582.0,361.0,161604.0,161965.0,19.0,402.0,402.44875450173777,0.047210979752002086,1.5235677915210195,87.29400425622211
301.0,581.0,281.0,581.0,301.0,581.0,400.0,162409.0,162809.0,20.0,403.0,403.49597271843993,0.04956678963920175,1.5212092181846055,87.1588679583735
301.0,587.0,281.0,587.0,301.0,587.0,400.0,157609.0,158009.0,20.0,397.0,397.50345910444605,0.05031402756861268,1.5204610466686879,87.1160008881595
301.0,587.0,281.0,587.0,301.0,587.0,400.0,157609.0,158009.0,20.0,397.0,397.50345910444605,0.05031402756861268,1.5204610466686879,87.1160008881595
301.0,582.0,281.0,582.0,301.0,582.0,400.0,162409.0,162809.0,20.0,403.0,403.49597271843993,0.04956678963920175,1.5212092181846055,87.1588679583735
301.0,582.0,281.0,582.0,301.0,582.0,400.0,161604.0,162004.0,20.0,402.0,402.4972049592394,0.049689786049633276,1.5210860700256774,87.15181208861212
301.0,581.0,281.0,581.0,301.0,581.0,400.0,162409.0,162809.0,20.0,403.0,403.49597271843993,0.04956678963920175,1.5212092181846055,87.1588679583735
300.0,581.0,281.0,581.0,300.0,581.0,361.0,162409.0,162770.0,19.0,403.0,403.44764220404113,0.04709409106024932,1.5236848103728382,87.30070894255479
300.0,581.0,281.0,581.0,300.0,581.0,361.0,162409.0,162770.0,19.0,403.0,403.44764220404113,0.04709409106024932,1.5236848103728382,87.30070894255479
300.0,586.0,281.0,586.0,300.0,586.0,361.0,158404.0,158765.0,19.0,398.0,398.45325949225213,0.04768438843796045,1.5230938490407435,87.26684935237033
300.0,586.0,281.0,586.0,300.0,586.0,361.0,157609.0,157970.0,19.0,397.0,397.4543999001647,0.047804226106875534,1.5229738745516843,87.259975320498
300.0,586.0,280.0,586.0,300.0,586.0,400.0,157609.0,158009.0,20.0,397.0,397.50345910444605,0.05031402756861268,1.5204610466686879,87.1160008881595
300.0,586.0,280.0,586.0,300.0,586.0,400.0,157609.0,158009.0,20.0,397.0,397.50345910444605,0.05031402756861268,1.5204610466686879,87.1160008881595
300.0,585.0,280.0,585.0,300.0,585.0,400.0,158404.0,158804.0,20.0,398.0,398.5021957279533,0.050187929237041046,1.5205873045117855,87.12323492969944
300.0,585.0,280.0,585.0,300.0,585.0,400.0,157609.0,158009.0,20.0,397.0,397.50345910444605,0.05031402756861268,1.5204610466686879,87.1160008881595
300.0,585.0,280.0,585.0,300.0,585.0,400.0,157609.0,158009.0,20.0,397.0,397.50345910444605,0.05031402756861268,1.5204610466686879,87.1160008881595
300.0,586.0,280.0,586.0,300.0,586.0,400.0,157609.0,158009.0,20.0,397.0,397.50345910444605,0.05031402756861268,1.5204610466686879,87.1160008881595
300.0,586.0,280.0,586.0,300.0,586.0,400.0,157609.0,158009.0,20.0,397.0,397.50345910444605,0.05031402756861268,1.5204610466686879,87.1160008881595
300.0,586.0,280.0,586.0,300.0,586.0,400.0,157609.0,158009.0,20.0,397.0,397.50345910444605,0.05031402756861268,1.5204610466686879,87.1160008881595
293.0,587.0,280.0,587.0,293.0,587.0,169.0,156816.0,156985.0,13.0,396.0,396.2133263786063,0.03281060765628488,1.5379798293183111,88.11975319618993
293.0,588.0,280.0,588.0,293.0,588.0,169.0,156025.0,156194.0,13.0,395.0,395.2138661535043,0.03289358272401984,1.5378968094384338,88.11499650745728
293.0,582.0,280.0,582.0,293.0,582.0,169.0,160801.0,160970.0,13.0,401.0,401.21066785418355,0.03240193006215063,1.5383887243353114,88.14318115492799
293.0,587.0,280.0,587.0,293.0,587.0,169.0,156816.0,156985.0,13.0,396.0,396.2133263786063,0.03281060765628488,1.5379798293183111,88.11975319618993
300.0,582.0,280.0,582.0,300.0,582.0,400.0,160801.0,161201.0,20.0,401.0,401.49844333446674,0.049813393630866655,1.5209623091817652,87.14472111458697
293.0,581.0,280.0,581.0,293.0,581.0,169.0,161604.0,161773.0,13.0,402.0,402.2101440789379,0.03232141255355463,1.5384692840391732,88.14779688595809
300.0,584.0,280.0,584.0,300.0,584.0,400.0,159201.0,159601.0,20.0,399.0,399.50093867223893,0.05006246059513899,1.520712931073605,87.13043280148642
300.0,584.0,280.0,584.0,300.0,584.0,400.0,159201.0,159601.0,20.0,399.0,399.50093867223893,0.05006246059513899,1.520712931073605,87.13043280148642
300.0,584.0,280.0,584.0,300.0,584.0,400.0,160000.0,160400.0,20.0,400.0,400.4996878900157,0.04993761694389224,1.5208379310729538,87.13759477388825
293.0,585.0,280.0,585.0,293.0,585.0,169.0,159201.0,159370.0,13.0,399.0,399.21172327475557,0.03256417395100598,1.5382263947827688,88.13388035667704
293.0,584.0,280.0,584.0,293.0,584.0,169.0,160000.0,160169.0,13.0,400.0,400.21119424623794,0.03248284952269848,1.5383077622568804,88.13854236953328
293.0,584.0,280.0,584.0,293.0,584.0,169.0,160000.0,160169.0,13.0,400.0,400.21119424623794,0.03248284952269848,1.5383077622568804,88.13854236953328
293.0,584.0,280.0,584.0,293.0,584.0,169.0,160000.0,160169.0,13.0,400.0,400.21119424623794,0.03248284952269848,1.5383077622568804,88.13854236953328
293.0,584.0,280.0,584.0,293.0,584.0,169.0,159201.0,159370.0,13.0,399.0,399.21172327475557,0.03256417395100598,1.5382263947827688,88.13388035667704
292.0,584.0,280.0,584.0,292.0,584.0,144.0,160000.0,160144.0,12.0,400.0,400.17995951821473,0.029986509105671005,1.5408053219380187,88.28164199834454
292.0,584.0,279.0,584.0,292.0,584.0,169.0,160000.0,160169.0,13.0,400.0,400.21119424623794,0.03248284952269848,1.5383077622568804,88.13854236953328
292.0,585.0,279.0,585.0,292.0,585.0,169.0,159201.0,159370.0,13.0,399.0,399.21172327475557,0.03256417395100598,1.5382263947827688,88.13388035667704
292.0,585.0,279.0,585.0,292.0,585.0,169.0,159201.0,159370.0,13.0,399.0,399.21172327475557,0.03256417395100598,1.5382263947827688,88.13388035667704
292.0,585.0,279.0,585.0,292.0,585.0,169.0,159201.0,159370.0,13.0,399.0,399.21172327475557,0.03256417395100598,1.5382263947827688,88.13388035667704
292.0,585.0,279.0,585.0,292.0,585.0,169.0,158404.0,158573.0,13.0,398.0,398.2122549595881,0.03264590639311008,1.5381446188615566,88.1291949415258
292.0,585.0,279.0,585.0,292.0,585.0,169.0,159201.0,159370.0,13.0,399.0,399.21172327475557,0.03256417395100598,1.5382263947827688,88.13388035667704
292.0,586.0,279.0,586.0,292.0,586.0,169.0,158404.0,158573.0,13.0,398.0,398.2122549595881,0.03264590639311008,1.5381446188615566,88.1291949415258
291.0,584.0,278.0,584.0,291.0,584.0,169.0,163216.0,163385.0,13.0,404.0,404.2091043012267,0.032161571477895445,1.5386292082583328,88.15695986875787
292.0,586.0,279.0,586.0,292.0,586.0,169.0,164025.0,164194.0,13.0,405.0,405.20858826041683,0.03208224202702546,1.5387085786676564,88.16150745823033
292.0,587.0,279.0,587.0,292.0,587.0,169.0,157609.0,157778.0,13.0,397.0,397.2127893207871,0.032728049925656505,1.5380624314111333,88.1244859474876
291.0,585.0,278.0,585.0,291.0,585.0,169.0,156816.0,156985.0,13.0,396.0,396.2133263786063,0.03281060765628488,1.5379798293183111,88.11975319618993
290.0,584.0,278.0,584.0,290.0,584.0,144.0,163216.0,163360.0,12.0,404.0,404.1781785302121,0.029689875993894128,1.541102087187987,88.29864539467387
291.0,585.0,278.0,585.0,291.0,585.0,169.0,162409.0,162578.0,13.0,403.0,403.20962290104137,0.03224129401095805,1.5385494443596428,88.15238973400541
292.0,587.0,279.0,587.0,292.0,587.0,169.0,157609.0,157778.0,13.0,397.0,397.2127893207871,0.032728049925656505,1.5380624314111333,88.1244859474876
292.0,588.0,279.0,588.0,292.0,588.0,169.0,156816.0,156985.0,13.0,396.0,396.2133263786063,0.03281060765628488,1.5379798293183111,88.11975319618993
292.0,587.0,279.0,587.0,292.0,587.0,169.0,157609.0,157778.0,13.0,397.0,397.2127893207871,0.032728049925656505,1.5380624314111333,88.1244859474876
292.0,588.0,279.0,588.0,292.0,588.0,169.0,156816.0,156985.0,13.0,396.0,396.2133263786063,0.03281060765628488,1.5379798293183111,88.11975319618993
292.0,587.0,279.0,587.0,292.0,587.0,169.0,157609.0,157778.0,13.0,397.0,397.2127893207871,0.032728049925656505,1.5380624314111333,88.1244859474876
292.0,586.0,279.0,586.0,292.0,586.0,169.0,158404.0,158573.0,13.0,398.0,398.2122549595881,0.03264590639311008,1.5381446188615566,88.1291949415258
292.0,587.0,279.0,587.0,292.0,587.0,169.0,157609.0,157778.0,13.0,397.0,397.2127893207871,0.032728049925656505,1.5380624314111333,88.1244859474876
292.0,587.0,279.0,587.0,292.0,587.0,169.0,157609.0,157778.0,13.0,397.0,397.2127893207871,0.032728049925656505,1.5380624314111333,88.1244859474876
292.0,587.0,279.0,587.0,292.0,587.0,169.0,157609.0,157778.0,13.0,397.0,397.2127893207871,0.032728049925656505,1.5380624314111333,88.1244859474876
292.0,587.0,279.0,587.0,292.0,587.0,169.0,157609.0,157778.0,13.0,397.0,397.2127893207871,0.032728049925656505,1.5380624314111333,88.1244859474876
292.0,588.0,279.0,588.0,292.0,588.0,169.0,156816.0,156985.0,13.0,396.0,396.2133263786063,0.03281060765628488,1.5379798293183111,88.11975319618993
292.0,588.0,279.0,588.0,292.0,588.0,169.0,156816.0,156985.0,13.0,396.0,396.2133263786063,0.03281060765628488,1.5379798293183111,88.11975319618993
292.0,587.0,279.0,587.0,292.0,587.0,169.0,157609.0,157778.0,13.0,397.0,397.2127893207871,0.032728049925656505,1.5380624314111333,88.1244859474876
292.0,588.0,279.0,588.0,292.0,588.0,169.0,156816.0,156985.0,13.0,396.0,396.2133263786063,0.03281060765628488,1.5379798293183111,88.11975319618993
292.0,587.0,279.0,587.0,292.0,587.0,169.0,157609.0,157778.0,13.0,397.0,397.2127893207871,0.032728049925656505,1.5380624314111333,88.1244859474876
292.0,588.0,279.0,588.0,292.0,588.0,169.0,156816.0,156985.0,13.0,396.0,396.2133263786063,0.03281060765628488,1.5379798293183111,88.11975319618993
298.0,587.0,279.0,587.0,298.0,587.0,361.0,157609.0,157970.0,19.0,397.0,397.4543999001647,0.047804226106875534,1.5229738745516843,87.259975320498
292.0,586.0,279.0,586.0,292.0,586.0,169.0,158404.0,158573.0,13.0,398.0,398.2122549595881,0.03264590639311008,1.5381446188615566,88.1291949415258
292.0,589.0,279.0,589.0,292.0,589.0,169.0,151321.0,151490.0,13.0,389.0,389.21716303369766,0.03340037705088171,1.537389736463379,88.08594336608151
290.0,585.0,278.0,585.0,290.0,585.0,144.0,157609.0,157753.0,12.0,397.0,397.1813187953331,0.030212901342884107,1.5405788270757754,88.2686647986566
292.0,588.0,279.0,588.0,292.0,588.0,169.0,152100.0,152269.0,13.0,390.0,390.2166065148945,0.033314830232638475,1.5374753309166493,88.09084756700362
292.0,588.0,279.0,588.0,292.0,588.0,169.0,156816.0,156985.0,13.0,396.0,396.2133263786063,0.03281060765628488,1.5379798293183111,88.11975319618993
292.0,589.0,279.0,589.0,292.0,589.0,169.0,156816.0,156985.0,13.0,396.0,396.2133263786063,0.03281060765628488,1.5379798293183111,88.11975319618993
292.0,589.0,279.0,589.0,292.0,589.0,169.0,151321.0,151490.0,13.0,389.0,389.21716303369766,0.03340037705088171,1.537389736463379,88.08594336608151
292.0,589.0,279.0,589.0,292.0,589.0,169.0,151321.0,151490.0,13.0,389.0,389.21716303369766,0.03340037705088171,1.537389736463379,88.08594336608151
292.0,588.0,279.0,588.0,292.0,588.0,169.0,152100.0,152269.0,13.0,390.0,390.2166065148945,0.033314830232638475,1.5374753309166493,88.09084756700362
292.0,588.0,279.0,588.0,292.0,588.0,169.0,157609.0,157778.0,13.0,397.0,397.2127893207871,0.032728049925656505,1.5380624314111333,88.1244859474876
292.0,588.0,279.0,588.0,292.0,588.0,169.0,156816.0,156985.0,13.0,396.0,396.2133263786063,0.03281060765628488,1.5379798293183111,88.11975319618993
292.0,588.0,279.0,588.0,292.0,588.0,169.0,156816.0,156985.0,13.0,396.0,396.2133263786063,0.03281060765628488,1.5379798293183111,88.11975319618993
292.0,588.0,279.0,588.0,292.0,588.0,169.0,156816.0,156985.0,13.0,396.0,396.2133263786063,0.03281060765628488,1.5379798293183111,88.11975319618993
292.0,588.0,279.0,588.0,292.0,588.0,169.0,152100.0,152269.0,13.0,390.0,390.2166065148945,0.033314830232638475,1.5374753309166493,88.09084756700362
292.0,589.0,279.0,589.0,292.0,589.0,169.0,151321.0,151490.0,13.0,389.0,389.21716303369766,0.03340037705088171,1.537389736463379,88.08594336608151
292.0,589.0,279.0,589.0,292.0,589.0,169.0,151321.0,151490.0,13.0,389.0,389.21716303369766,0.03340037705088171,1.537389736463379,88.08594336608151
292.0,589.0,279.0,589.0,292.0,589.0,169.0,151321.0,151490.0,13.0,389.0,389.21716303369766,0.03340037705088171,1.537389736463379,88.08594336608151
292.0,590.0,279.0,590.0,292.0,590.0,169.0,150544.0,150713.0,13.0,388.0,388.2177224187479,0.033486364092306056,1.5373037012950617,88.08101391404722
292.0,589.0,279.0,589.0,292.0,589.0,169.0,151321.0,151490.0,13.0,389.0,389.21716303369766,0.03340037705088171,1.537389736463379,88.08594336608151
292.0,589.0,279.0,589.0,292.0,589.0,169.0,151321.0,151490.0,13.0,389.0,389.21716303369766,0.03340037705088171,1.537389736463379,88.08594336608151
292.0,588.0,279.0,588.0,292.0,588.0,169.0,152100.0,152269.0,13.0,390.0,390.2166065148945,0.033314830232638475,1.5374753309166493,88.09084756700362
292.0,588.0,279.0,588.0,292.0,588.0,169.0,152100.0,152269.0,13.0,390.0,390.2166065148945,0.033314830232638475,1.5374753309166493,88.09084756700362
292.0,588.0,285.0,588.0,292.0,588.0,49.0,152100.0,152149.0,7.0,390.0,390.06281545412656,0.01794582749922041,1.5528495359056114,88.97172462624012
292.0,588.0,279.0,588.0,292.0,588.0,169.0,152100.0,152269.0,13.0,390.0,390.2166065148945,0.033314830232638475,1.5374753309166493,88.09084756700362
292.0,589.0,279.0,589.0,292.0,589.0,169.0,151321.0,151490.0,13.0,389.0,389.21716303369766,0.03340037705088171,1.537389736463379,88.08594336608151
292.0,589.0,279.0,589.0,292.0,589.0,169.0,151321.0,151490.0,13.0,389.0,389.21716303369766,0.03340037705088171,1.537389736463379,88.08594336608151
292.0,589.0,279.0,589.0,292.0,589.0,169.0,151321.0,151490.0,13.0,389.0,389.21716303369766,0.03340037705088171,1.537389736463379,88.08594336608151
292.0,590.0,279.0,590.0,292.0,590.0,169.0,150544.0,150713.0,13.0,388.0,388.2177224187479,0.033486364092306056,1.5373037012950617,88.08101391404722
292.0,590.0,279.0,590.0,292.0,590.0,169.0,150544.0,150713.0,13.0,388.0,388.2177224187479,0.033486364092306056,1.5373037012950617,88.08101391404722
292.0,590.0,279.0,590.0,292.0,590.0,169.0,150544.0,150713.0,13.0,388.0,388.2177224187479,0.033486364092306056,1.5373037012950617,88.08101391404722
292.0,590.0,279.0,590.0,292.0,590.0,169.0,151321.0,151490.0,13.0,389.0,389.21716303369766,0.03340037705088171,1.537389736463379,88.08594336608151
292.0,590.0,279.0,590.0,292.0,590.0,169.0,151321.0,151490.0,13.0,389.0,389.21716303369766,0.03340037705088171,1.537389736463379,88.08594336608151
292.0,589.0,279.0,589.0,292.0,589.0,169.0,152100.0,152269.0,13.0,390.0,390.2166065148945,0.033314830232638475,1.5374753309166493,88.09084756700362
292.0,589.0,279.0,589.0,292.0,589.0,169.0,152100.0,152269.0,13.0,390.0,390.2166065148945,0.033314830232638475,1.5374753309166493,88.09084756700362
292.0,589.0,279.0,589.0,292.0,589.0,169.0,151321.0,151490.0,13.0,389.0,389.21716303369766,0.03340037705088171,1.537389736463379,88.08594336608151
292.0,589.0,285.0,589.0,292.0,589.0,49.0,151321.0,151370.0,7.0,389.0,389.0629769073382,0.01799194581721192,1.5528034101404504,88.96908181456959
292.0,589.0,285.0,589.0,292.0,589.0,49.0,151321.0,151370.0,7.0,389.0,389.0629769073382,0.01799194581721192,1.5528034101404504,88.96908181456959
290.0,585.0,278.0,585.0,290.0,585.0,144.0,156816.0,156960.0,12.0,396.0,396.18177646126026,0.030289126640769132,1.5405025668761214,88.26429541107161
290.0,586.0,278.0,586.0,290.0,586.0,144.0,156816.0,156960.0,12.0,396.0,396.18177646126026,0.030289126640769132,1.5405025668761214,88.26429541107161
290.0,586.0,277.0,586.0,290.0,586.0,169.0,156816.0,156985.0,13.0,396.0,396.2133263786063,0.03281060765628488,1.5379798293183111,88.11975319618993
290.0,585.0,283.0,585.0,290.0,585.0,49.0,158404.0,158453.0,7.0,398.0,398.06155302917665,0.017585220041300805,1.5532102002853128,88.99238917301771
290.0,587.0,283.0,587.0,290.0,587.0,49.0,156816.0,156865.0,7.0,396.0,396.06186385462564,0.01767400661066764,1.5531213999151217,88.98730128658657
296.0,586.0,283.0,586.0,296.0,586.0,169.0,157609.0,157778.0,13.0,397.0,397.2127893207871,0.032728049925656505,1.5380624314111333,88.1244859474876
295.0,586.0,283.0,586.0,295.0,586.0,144.0,158404.0,158548.0,12.0,398.0,398.180863427664,0.030137058563538915,1.540654704407277,88.27301224951236
295.0,585.0,282.0,585.0,295.0,585.0,169.0,159201.0,159370.0,13.0,399.0,399.21172327475557,0.03256417395100598,1.5382263947827688,88.13388035667704
295.0,585.0,282.0,585.0,295.0,585.0,169.0,159201.0,159370.0,13.0,399.0,399.21172327475557,0.03256417395100598,1.5382263947827688,88.13388035667704
295.0,584.0,282.0,584.0,295.0,584.0,169.0,155236.0,155405.0,13.0,394.0,394.21440866614705,0.032976978299668044,1.5378133685949762,88.11021569928815
294.0,588.0,287.0,588.0,294.0,588.0,49.0,153664.0,153713.0,7.0,392.0,392.0624950183325,0.01785429641688294,1.5529410816553442,88.97696981133217
294.0,583.0,288.0,583.0,294.0,583.0,36.0,164025.0,164061.0,6.0,405.0,405.0444420060594,0.014813189313952469,1.5559825956829954,89.15123572844642
295.0,583.0,288.0,583.0,295.0,583.0,49.0,164025.0,164074.0,7.0,405.0,405.0604893099301,0.01728136953551148,1.5535140969758874,89.00980117079564
295.0,588.0,288.0,588.0,295.0,588.0,49.0,160000.0,160049.0,7.0,400.0,400.0612453112648,0.017497320927833685,1.55329811292504,88.99742619623994
295.0,587.0,288.0,587.0,295.0,587.0,49.0,156025.0,156074.0,7.0,395.0,395.0620204474229,0.01771873690129016,1.5530766626189458,88.98473802832886
296.0,583.0,289.0,583.0,296.0,583.0,49.0,164025.0,164074.0,7.0,405.0,405.0604893099301,0.01728136953551148,1.5535140969758874,89.00980117079564
296.0,583.0,289.0,583.0,296.0,583.0,49.0,164025.0,164074.0,7.0,405.0,405.0604893099301,0.01728136953551148,1.5535140969758874,89.00980117079564
296.0,580.0,296.0,580.0,296.0,580.0,0.0,164025.0,164025.0,0.0,405.0,405.0,nan,nan,nan
295.0,583.0,295.0,583.0,295.0,583.0,0.0,164025.0,164025.0,0.0,405.0,405.0,nan,nan,nan
289.0,586.0,295.0,586.0,289.0,586.0,36.0,156816.0,156852.0,6.0,396.0,396.045451937022,0.015149776296267384,1.555645970920127,90.86805144974554
290.0,585.0,297.0,585.0,290.0,585.0,49.0,167281.0,167330.0,7.0,409.0,409.05989781448875,0.01711240832308266,1.5536830831777624,90.98051663304098
290.0,582.0,303.0,582.0,290.0,582.0,169.0,166464.0,166633.0,13.0,408.0,408.2070553040454,0.0318465833235469,1.5389443578530533,91.8249833895494
291.0,587.0,305.0,587.0,291.0,587.0,196.0,159201.0,159397.0,14.0,399.0,399.24553848477757,0.035066140133044446,1.5357229962616712,92.00955381302114
286.0,584.0,307.0,584.0,286.0,584.0,441.0,159201.0,159642.0,21.0,399.0,399.55224939924943,0.05255883312276367,1.5182132651839548,93.01278750418334
286.0,586.0,314.0,586.0,286.0,586.0,784.0,157609.0,158393.0,28.0,397.0,397.9861806646055,0.07035420162891638,1.5003839566506152,94.03433163478029
292.0,585.0,327.0,585.0,292.0,585.0,1225.0,152100.0,153325.0,35.0,390.0,391.56736329781114,0.08938436468562458,1.4812925084432862,95.12819104185284
286.0,590.0,341.0,590.0,286.0,590.0,3025.0,148996.0,152021.0,55.0,386.0,389.8987047939503,0.14106227931448462,1.4292619852687691,98.10932042561029
287.0,590.0,341.0,590.0,287.0,590.0,2916.0,144400.0,147316.0,54.0,380.0,383.8176650442238,0.14069180477604665,1.429636191733093,98.08787997453801
288.0,591.0,349.0,591.0,288.0,591.0,3721.0,145924.0,149645.0,61.0,382.0,386.83976010746363,0.15768803078322216,1.4124473745846209,99.07272665196757
279.0,596.0,358.0,596.0,279.0,596.0,6241.0,144400.0,150641.0,79.0,380.0,388.124979871175,0.2035426836639615,1.3658213264400598,101.7442024260247
278.0,593.0,363.0,593.0,278.0,593.0,7225.0,142884.0,150109.0,85.0,378.0,387.43902746109615,0.2193893592935345,1.349607789388209,102.67316967007473
279.0,597.0,368.0,597.0,279.0,597.0,7921.0,145924.0,153845.0,89.0,382.0,392.23079940259663,0.2269072192585466,1.3418954371208045,103.11505490511516
279.0,606.0,381.0,606.0,279.0,606.0,10404.0,131044.0,141448.0,102.0,362.0,376.09573249373625,0.27120754421668103,1.296148952499798,105.73613540145897
274.0,611.0,387.0,611.0,274.0,611.0,12769.0,128881.0,141650.0,113.0,359.0,376.36418533117626,0.3002411079592158,1.2658509129132964,107.4720851972858
274.0,615.0,387.0,615.0,274.0,615.0,12769.0,126736.0,139505.0,113.0,356.0,373.503681374093,0.3025405253953085,1.2634393591808022,107.61025704822674
263.0,625.0,393.0,625.0,263.0,625.0,16900.0,125316.0,142216.0,130.0,354.0,377.11536696347974,0.34472209670678666,1.2188536075212917,110.1648324447351
262.0,634.0,398.0,634.0,262.0,634.0,18496.0,120409.0,138905.0,136.0,347.0,372.6996109469394,0.364905130044158,1.1972654219955685,111.40174436270445
264.0,637.0,398.0,637.0,264.0,637.0,17956.0,120409.0,138365.0,134.0,347.0,371.9744614889576,0.360239784913239,1.2022714032757256,111.11492276302995
260.0,651.0,404.0,651.0,260.0,651.0,20736.0,116964.0,137700.0,144.0,342.0,371.07950630558946,0.38805700005813276,1.1722738811284763,112.83365417791755
261.0,657.0,414.0,657.0,261.0,657.0,23409.0,111556.0,134965.0,153.0,334.0,367.375829362793,0.4164672462676051,1.1412402545207314,114.61175000552622
258.0,667.0,421.0,667.0,258.0,667.0,26569.0,103041.0,129610.0,163.0,321.0,360.0138886209808,0.4527603105101449,1.1009376175412242,116.92092100769986
261.0,680.0,426.0,680.0,261.0,680.0,27225.0,94864.0,122089.0,165.0,308.0,349.412363833909,0.47222141251541894,1.0789871508061981,118.17859010995917
258.0,693.0,435.0,693.0,258.0,693.0,31329.0,84100.0,115429.0,177.0,290.0,339.7484363466593,0.5209737001391218,1.0228050378625322,121.39758806575854
259.0,699.0,439.0,699.0,259.0,699.0,32400.0,84681.0,117081.0,180.0,291.0,342.1710098766405,0.5260527479078184,1.0168438181538688,121.73914079581516
259.0,713.0,452.0,713.0,259.0,713.0,37249.0,76176.0,113425.0,193.0,276.0,336.7862823809782,0.5730637205160132,0.9605568620024314,124.96414582493045
259.0,727.0,448.0,727.0,259.0,727.0,35721.0,66564.0,102285.0,189.0,258.0,319.82026202228025,0.5909569293856477,0.9385517781846608,126.22494425552033
256.0,733.0,456.0,733.0,256.0,733.0,40000.0,66049.0,106049.0,200.0,257.0,325.6516543793383,0.6141531827350343,0.9094838339539536,127.8904147790615
262.0,748.0,461.0,748.0,262.0,748.0,39601.0,59536.0,99137.0,199.0,244.0,314.8602864763989,0.6320263575537225,0.8866310604228353,129.19978225256284
261.0,757.0,468.0,757.0,261.0,757.0,42849.0,59049.0,101898.0,207.0,243.0,319.2146613174276,0.648466455599791,0.8652281491096857,130.42607874009911
264.0,768.0,470.0,768.0,264.0,768.0,42436.0,58564.0,101000.0,206.0,242.0,317.80497164141406,0.6481962787933792,0.8655830106987646,130.4057466687336
265.0,777.0,478.0,777.0,265.0,777.0,45369.0,54289.0,99658.0,213.0,233.0,315.6865534038471,0.6747199008109679,0.8302111906571878,132.43240267081222
266.0,785.0,482.0,785.0,266.0,785.0,46656.0,57600.0,104256.0,216.0,240.0,322.88697712976904,0.6689647316224497,0.83798122500839,131.98721249581666
268.0,795.0,484.0,795.0,268.0,795.0,46656.0,53361.0,100017.0,216.0,231.0,316.25464423467366,0.6829939225800565,0.8189426229591267,133.07804404106855
274.0,803.0,487.0,803.0,274.0,803.0,45369.0,56169.0,101538.0,213.0,237.0,318.65027851862925,0.6684444180943886,0.8386810149571408,131.94711748520757
274.0,813.0,490.0,813.0,274.0,813.0,46656.0,55225.0,101881.0,216.0,235.0,319.18803235710453,0.6767171012174455,0.8275018694577266,132.58763534088666
278.0,821.0,493.0,821.0,278.0,821.0,46225.0,54289.0,100514.0,215.0,233.0,317.0394297244429,0.6781490875973023,0.8255551354181183,132.69917498519067
279.0,834.0,494.0,834.0,279.0,834.0,46225.0,50176.0,96401.0,215.0,224.0,310.4851043125902,0.6924647817678955,0.8058964308866927,133.82553578553606
286.0,844.0,496.0,844.0,286.0,844.0,44100.0,47961.0,92061.0,210.0,219.0,303.41555662160766,0.6921200822339275,0.8063741074314711,133.79816693554787
288.0,851.0,498.0,851.0,288.0,851.0,44100.0,49729.0,93829.0,210.0,223.0,306.31519714176767,0.6855683360130793,0.815412242160042,133.28031996093014
291.0,860.0,504.0,860.0,291.0,860.0,45369.0,49284.0,94653.0,213.0,222.0,307.6572768520192,0.6923288217962462,0.8060848671772924,133.8147391813776
291.0,875.0,509.0,875.0,291.0,875.0,47524.0,45369.0,92893.0,218.0,213.0,304.78352973873115,0.7152617472042392,0.773797755704741,135.6646544014232
294.0,880.0,518.0,880.0,294.0,880.0,50176.0,46656.0,96832.0,224.0,216.0,311.17840542042757,0.7198442954206852,0.7672183483244699,136.04162667600997
296.0,888.0,518.0,888.0,296.0,888.0,49284.0,47524.0,96808.0,222.0,218.0,311.13983994339264,0.7135055415609575,0.7763075047323885,135.52085637450196
302.0,890.0,524.0,890.0,302.0,890.0,49284.0,51076.0,100360.0,222.0,226.0,316.79646462673793,0.700765396045594,0.7943264975772851,134.48844413341294
305.0,900.0,526.0,900.0,305.0,900.0,48841.0,50625.0,99466.0,221.0,225.0,315.38230768386484,0.7007368346785247,0.7943665328082669,134.48615028364588
309.0,908.0,532.0,908.0,309.0,908.0,49729.0,48400.0,98129.0,223.0,220.0,313.2554867835518,0.7118789914574901,0.7786262578869392,135.38800160501356
312.0,914.0,531.0,914.0,312.0,914.0,47961.0,49729.0,97690.0,219.0,223.0,312.553995335206,0.7006789331396266,0.7944476901112316,134.48150031270933
318.0,920.0,534.0,920.0,318.0,920.0,46656.0,49729.0,96385.0,216.0,223.0,310.4593371119638,0.6957432880239061,0.8013421425140401,134.08647728797456
321.0,925.0,534.0,925.0,321.0,925.0,45369.0,50176.0,95545.0,213.0,224.0,309.1035425225664,0.6890894819959876,0.8105644737947449,133.5580766283187
327.0,930.0,530.0,930.0,327.0,930.0,41209.0,51076.0,92285.0,203.0,226.0,303.78446306550967,0.6682369399393018,0.8389599376883089,131.93113638990138
334.0,935.0,533.0,935.0,334.0,935.0,39601.0,54289.0,93890.0,199.0,233.0,306.41475160311717,0.649446539237622,0.8639399643235207,130.49988629157934
338.0,938.0,535.0,938.0,338.0,938.0,38809.0,54756.0,93565.0,197.0,234.0,305.88396492787916,0.6440350675016533,0.8710350706574147,130.09336664345068
344.0,941.0,537.0,941.0,344.0,941.0,37249.0,57121.0,94370.0,193.0,239.0,307.19700519373555,0.6282613330760938,0.8914799208218234,128.92196301625273
352.0,945.0,542.0,945.0,352.0,945.0,36100.0,57121.0,93221.0,190.0,239.0,305.32114240582814,0.6222955885166148,0.8991244286439399,128.4839649815907
354.0,945.0,542.0,945.0,354.0,945.0,35344.0,66564.0,101908.0,188.0,258.0,319.2303243741108,0.5889164833215531,0.9410788061859038,126.08015621633773
364.0,947.0,547.0,947.0,364.0,947.0,33489.0,68121.0,101610.0,183.0,261.0,318.76323501934786,0.5740938097484565,0.9592993525353349,125.03619581009282
372.0,950.0,551.0,950.0,372.0,950.0,32041.0,69169.0,101210.0,179.0,263.0,318.1351913888182,0.5626538806303573,0.9732037818474276,124.23953069397191
378.0,950.0,556.0,950.0,378.0,950.0,31684.0,71289.0,102973.0,178.0,267.0,320.89406351629503,0.5547001962252291,0.982793723247329,123.69006752597979
389.0,952.0,562.0,952.0,389.0,952.0,29929.0,73441.0,103370.0,173.0,271.0,321.51205265121865,0.5380824717873738,1.0026358125388573,122.5531995528535
397.0,954.0,563.0,954.0,397.0,954.0,27556.0,72900.0,100456.0,166.0,270.0,316.9479452528443,0.5237453105038241,1.019554738207249,121.5838165181591
407.0,953.0,567.0,953.0,407.0,953.0,25600.0,76176.0,101776.0,160.0,276.0,319.02351010544663,0.5015304356318921,1.0454294529795805,120.10130456559969
417.0,952.0,566.0,952.0,417.0,952.0,22201.0,76729.0,98930.0,149.0,277.0,314.5313974788527,0.4737205925841407,1.0772856210700512,118.2760805825564
426.0,953.0,572.0,953.0,426.0,953.0,21316.0,78400.0,99716.0,146.0,280.0,315.77840331472953,0.4623495415374716,1.09015318721971,117.53882334957554
442.0,951.0,576.0,951.0,442.0,951.0,17956.0,81796.0,99752.0,134.0,286.0,315.8354001691387,0.4242716298687203,1.132638946293559,115.10456866523435
451.0,955.0,576.0,955.0,451.0,955.0,15625.0,78961.0,94586.0,125.0,281.0,307.54837017939144,0.40644013144042385,1.1522418552666187,113.9814047148989
459.0,955.0,578.0,955.0,459.0,955.0,14161.0,80656.0,94817.0,119.0,284.0,307.92369184588574,0.3864593831239166,1.1740067086316475,112.73437047536164
469.0,953.0,584.0,953.0,469.0,953.0,13225.0,81225.0,94450.0,115.0,285.0,307.3271872125862,0.37419403419213776,1.1872688108379048,111.97450799147197
478.0,951.0,589.0,951.0,478.0,951.0,12321.0,84681.0,97002.0,111.0,291.0,311.4514408378937,0.35639584681765535,1.206388737649694,110.87901688055742
486.0,948.0,590.0,948.0,486.0,948.0,10816.0,88209.0,99025.0,104.0,297.0,314.6823795511913,0.3304919714549244,1.233971537403295,109.2986388675216
496.0,947.0,591.0,947.0,496.0,947.0,9025.0,89401.0,98426.0,95.0,299.0,313.72918257631056,0.3028089361017363,1.263157738761379,107.62639270968438
506.0,944.0,589.0,944.0,506.0,944.0,6889.0,89401.0,96290.0,83.0,299.0,310.3063002905355,0.2674776500583077,1.300021979473568,105.51422730192162
517.0,944.0,592.0,944.0,517.0,944.0,5625.0,90601.0,96226.0,75.0,301.0,310.20315923600776,0.24177703471723427,1.3265995243374862,103.9914461513995
522.0,942.0,593.0,942.0,522.0,942.0,5041.0,91204.0,96245.0,71.0,302.0,310.2337828154761,0.22885966626732612,1.3398902295489155,103.22994483603208
532.0,938.0,595.0,938.0,532.0,938.0,3969.0,93636.0,97605.0,63.0,306.0,312.41798923877604,0.20165292067048712,1.3677511095414314,101.63363399894044
537.0,937.0,592.0,937.0,537.0,937.0,3025.0,96721.0,99746.0,55.0,311.0,315.8259014077218,0.17414657808257672,1.3957572899454451,100.02899806150846
543.0,934.0,594.0,934.0,543.0,934.0,2601.0,98596.0,101197.0,51.0,314.0,318.1147591671911,0.16031950272761789,1.4097819927493453,99.22544178191968
553.0,932.0,594.0,932.0,553.0,932.0,1681.0,99225.0,100906.0,41.0,315.0,317.6570477732235,0.1290700152488669,1.4413652337148366,97.41585537125235
558.0,931.0,590.0,931.0,558.0,931.0,1024.0,99856.0,100880.0,32.0,316.0,317.6161204976851,0.10075055368681525,1.4698745421276027,95.78239232236405
563.0,933.0,591.0,933.0,563.0,933.0,784.0,101761.0,102545.0,28.0,319.0,320.2264823527249,0.08743811503121844,1.4832464097768743,95.01624074185325
564.0,935.0,592.0,935.0,564.0,935.0,784.0,100489.0,101273.0,28.0,317.0,318.2341904949875,0.08798551769829718,1.4826968891908185,95.04772595218981
570.0,932.0,594.0,932.0,570.0,932.0,576.0,102400.0,102976.0,24.0,320.0,320.8987379221053,0.07478994824163422,1.4959364790841299,94.28915332881901
575.0,931.0,599.0,931.0,575.0,931.0,576.0,103041.0,103617.0,24.0,321.0,321.895945920417,0.07455825493973003,1.4961688210873838,94.27584111262894
580.0,936.0,595.0,936.0,580.0,936.0,225.0,99856.0,100081.0,15.0,316.0,316.3558123379433,0.047414965728451455,1.5233635768471065,92.71769638270774
586.0,935.0,595.0,935.0,586.0,935.0,81.0,100489.0,100570.0,9.0,317.0,317.1277345171816,0.028379731636219888,1.542412784227964,91.62625719671516
590.0,935.0,595.0,935.0,590.0,935.0,25.0,100489.0,100514.0,5.0,317.0,317.0394297244429,0.01577090901389075,1.555024763946945,90.90364398751295
595.0,935.0,595.0,935.0,595.0,935.0,0.0,100489.0,100489.0,0.0,317.0,317.0,nan,nan,nan
601.0,933.0,596.0,933.0,601.0,933.0,25.0,101761.0,101786.0,5.0,319.0,319.03918254659567,0.015672056203534655,1.5551236289760848,89.10202056139819
606.0,932.0,602.0,932.0,606.0,932.0,16.0,102400.0,102416.0,4.0,320.0,320.0249990235138,0.01249902355192602,1.5582969777755349,89.28384005452959
607.0,937.0,602.0,937.0,607.0,937.0,25.0,99225.0,99250.0,5.0,315.0,315.03968004046726,0.015871016626723793,1.5549246438031066,89.09061955080087
613.0,936.0,603.0,936.0,613.0,936.0,100.0,99856.0,99956.0,10.0,316.0,316.15818825391824,0.03162973590919187,1.5391613145667842,88.18744731448442
613.0,940.0,603.0,940.0,613.0,940.0,100.0,97344.0,97444.0,10.0,312.0,312.1602152741441,0.032034831828962704,1.5387560132474296,88.16422525945431
618.0,935.0,603.0,935.0,618.0,935.0,225.0,100489.0,100714.0,15.0,317.0,317.35469115801646,0.04726572638729716,1.5235129837007813,87.29086399943814
623.0,940.0,604.0,940.0,623.0,940.0,361.0,97344.0,97705.0,19.0,312.0,312.57799026802894,0.060784829999412,1.5099740031695803,86.51513755609054
623.0,936.0,603.0,936.0,623.0,936.0,400.0,99856.0,100256.0,20.0,316.0,316.6322788346128,0.06316475399669104,1.5075894948974364,86.37851529588266
623.0,935.0,604.0,935.0,623.0,935.0,361.0,100489.0,100850.0,19.0,317.0,317.56889016400834,0.05982953805767138,1.5109310370787734,86.56997155993821
623.0,935.0,604.0,935.0,623.0,935.0,361.0,100489.0,100850.0,19.0,317.0,317.56889016400834,0.05982953805767138,1.5109310370787734,86.56997155993821
629.0,935.0,604.0,935.0,629.0,935.0,625.0,100489.0,101114.0,25.0,317.0,317.9842763408279,0.078620239615886,1.4920948672493408,85.49073852652008
629.0,934.0,605.0,934.0,629.0,934.0,576.0,101124.0,101700.0,24.0,318.0,318.90437438203946,0.0752576694706878,1.4954674359665565,85.68397248013439
629.0,934.0,605.0,934.0,629.0,934.0,576.0,101124.0,101700.0,24.0,318.0,318.90437438203946,0.0752576694706878,1.4954674359665565,85.68397248013439
634.0,934.0,610.0,934.0,634.0,934.0,576.0,101124.0,101700.0,24.0,318.0,318.90437438203946,0.0752576694706878,1.4954674359665565,85.68397248013439
634.0,934.0,610.0,934.0,634.0,934.0,576.0,101124.0,101700.0,24.0,318.0,318.90437438203946,0.0752576694706878,1.4954674359665565,85.68397248013439
634.0,934.0,605.0,934.0,634.0,934.0,841.0,104329.0,105170.0,29.0,323.0,324.29924452579286,0.0894235817366929,1.4812531337140078,84.86955295234004
634.0,934.0,605.0,934.0,634.0,934.0,841.0,104329.0,105170.0,29.0,323.0,324.29924452579286,0.0894235817366929,1.4812531337140078,84.86955295234004
639.0,935.0,605.0,935.0,639.0,935.0,1156.0,103684.0,104840.0,34.0,322.0,323.7900554371613,0.10500631328561127,1.4655960773743437,83.97246970447874
639.0,934.0,610.0,934.0,639.0,934.0,841.0,104329.0,105170.0,29.0,323.0,324.29924452579286,0.0894235817366929,1.4812531337140078,84.86955295234004
639.0,935.0,610.0,935.0,639.0,935.0,841.0,103684.0,104525.0,29.0,322.0,323.3032632065442,0.08969906369758222,1.48097654020861,84.85370531184002
639.0,935.0,609.0,935.0,639.0,935.0,900.0,103684.0,104584.0,30.0,322.0,323.39449593337235,0.09276595729749457,1.4778968016814824,84.67724929223176
639.0,935.0,610.0,935.0,639.0,935.0,841.0,103684.0,104525.0,29.0,322.0,323.3032632065442,0.08969906369758222,1.48097654020861,84.85370531184002
634.0,934.0,605.0,934.0,634.0,934.0,841.0,101124.0,101965.0,29.0,318.0,319.3195891266303,0.09081810508186415,1.4798529125249131,84.78932618782012
635.0,934.0,605.0,934.0,635.0,934.0,900.0,104329.0,105229.0,30.0,323.0,324.39019713918606,0.09248121633937016,1.4781827719709053,84.69363418288184
634.0,934.0,605.0,934.0,634.0,934.0,841.0,101124.0,101965.0,29.0,318.0,319.3195891266303,0.09081810508186415,1.4798529125249131,84.78932618782012
635.0,934.0,605.0,934.0,635.0,934.0,900.0,101124.0,102024.0,30.0,318.0,319.41195970094793,0.09392259459566807,1.4767350921669102,84.61068824002659
635.0,933.0,605.0,933.0,635.0,933.0,900.0,101761.0,102661.0,30.0,319.0,320.4075529696515,0.09363075159105738,1.4770282269418875,84.62748362546131
634.0,933.0,605.0,933.0,634.0,933.0,841.0,101761.0,102602.0,29.0,319.0,320.31546949843056,0.09053574604251854,1.4801364395941514,84.8055710922652
634.0,933.0,605.0,933.0,634.0,933.0,841.0,101761.0,102602.0,29.0,319.0,320.31546949843056,0.09053574604251854,1.4801364395941514,84.8055710922652
634.0,933.0,605.0,933.0,634.0,933.0,841.0,101761.0,102602.0,29.0,319.0,320.31546949843056,0.09053574604251854,1.4801364395941514,84.8055710922652
634.0,933.0,605.0,933.0,634.0,933.0,841.0,101761.0,102602.0,29.0,319.0,320.31546949843056,0.09053574604251854,1.4801364395941514,84.8055710922652
634.0,937.0,605.0,937.0,634.0,937.0,841.0,99225.0,100066.0,29.0,315.0,316.3321039667014,0.09167580411962446,1.4789916204033906,84.73997778432901
634.0,933.0,604.0,933.0,634.0,933.0,900.0,101761.0,102661.0,30.0,319.0,320.4075529696515,0.09363075159105738,1.4770282269418875,84.62748362546131
629.0,938.0,604.0,938.0,629.0,938.0,625.0,98596.0,99221.0,25.0,314.0,314.9936507296615,0.07936667911270336,1.4913460878998481,85.44783663000759
629.0,934.0,604.0,934.0,629.0,934.0,625.0,103684.0,104309.0,25.0,322.0,322.96903876377996,0.0774068006508978,1.4933120157928796,85.56047600110534
629.0,933.0,600.0,933.0,629.0,933.0,841.0,104329.0,105170.0,29.0,323.0,324.29924452579286,0.0894235817366929,1.4812531337140078,84.86955295234004
628.0,934.0,604.0,934.0,628.0,934.0,576.0,103684.0,104260.0,24.0,322.0,322.893171188243,0.0743279887638388,1.496399727970078,85.73738887720995
628.0,935.0,599.0,935.0,628.0,935.0,841.0,103041.0,103882.0,29.0,321.0,322.3073067741406,0.08997624127808551,1.4806982372878563,84.83775972905467
628.0,934.0,599.0,934.0,628.0,934.0,841.0,103684.0,104525.0,29.0,322.0,323.3032632065442,0.08969906369758222,1.48097654020861,84.85370531184002
628.0,935.0,603.0,935.0,628.0,935.0,625.0,103041.0,103666.0,25.0,321.0,321.97204847626136,0.0776464917321642,1.4930716011302936,85.5467012556061
627.0,935.0,603.0,935.0,627.0,935.0,576.0,103041.0,103617.0,24.0,321.0,321.895945920417,0.07455825493973003,1.4961688210873838,85.72415888737106
627.0,935.0,603.0,935.0,627.0,935.0,576.0,103041.0,103617.0,24.0,321.0,321.895945920417,0.07455825493973003,1.4961688210873838,85.72415888737106
627.0,935.0,603.0,935.0,627.0,935.0,576.0,103041.0,103617.0,24.0,321.0,321.895945920417,0.07455825493973003,1.4961688210873838,85.72415888737106
627.0,935.0,603.0,935.0,627.0,935.0,576.0,103041.0,103617.0,24.0,321.0,321.895945920417,0.07455825493973003,1.4961688210873838,85.72415888737106
627.0,936.0,603.0,936.0,627.0,936.0,576.0,102400.0,102976.0,24.0,320.0,320.8987379221053,0.07478994824163422,1.4959364790841299,85.71084667118099
627.0,936.0,603.0,936.0,627.0,936.0,576.0,102400.0,102976.0,24.0,320.0,320.8987379221053,0.07478994824163422,1.4959364790841299,85.71084667118099
627.0,936.0,603.0,936.0,627.0,936.0,576.0,102400.0,102976.0,24.0,320.0,320.8987379221053,0.07478994824163422,1.4959364790841299,85.71084667118099
627.0,936.0,607.0,936.0,627.0,936.0,400.0,101761.0,102161.0,20.0,319.0,319.62634434601915,0.0625730649359382,1.5081823567701913,86.41248377902573
612.0,944.0,602.0,944.0,612.0,944.0,100.0,97344.0,97444.0,10.0,312.0,312.1602152741441,0.032034831828962704,1.5387560132474296,88.16422525945431
612.0,944.0,602.0,944.0,612.0,944.0,100.0,97344.0,97444.0,10.0,312.0,312.1602152741441,0.032034831828962704,1.5387560132474296,88.16422525945431
612.0,944.0,602.0,944.0,612.0,944.0,100.0,97344.0,97444.0,10.0,312.0,312.1602152741441,0.032034831828962704,1.5387560132474296,88.16422525945431
612.0,944.0,603.0,944.0,612.0,944.0,81.0,97344.0,97425.0,9.0,312.0,312.1297807002722,0.028834159879932764,1.5419581699237777,88.34769532234868
612.0,944.0,603.0,944.0,612.0,944.0,81.0,97344.0,97425.0,9.0,312.0,312.1297807002722,0.028834159879932764,1.5419581699237777,88.34769532234868
613.0,943.0,603.0,943.0,613.0,943.0,100.0,97969.0,98069.0,10.0,313.0,313.15970366571753,0.031932588653470255,1.5388583087583458,88.17008636049295
613.0,943.0,603.0,943.0,613.0,943.0,100.0,97969.0,98069.0,10.0,313.0,313.15970366571753,0.031932588653470255,1.5388583087583458,88.17008636049295
613.0,943.0,603.0,943.0,613.0,943.0,100.0,97969.0,98069.0,10.0,313.0,313.15970366571753,0.031932588653470255,1.5388583087583458,88.17008636049295
613.0,943.0,603.0,943.0,613.0,943.0,100.0,97969.0,98069.0,10.0,313.0,313.15970366571753,0.031932588653470255,1.5388583087583458,88.17008636049295
613.0,943.0,603.0,943.0,613.0,943.0,100.0,97969.0,98069.0,10.0,313.0,313.15970366571753,0.031932588653470255,1.5388583087583458,88.17008636049295
612.0,944.0,603.0,944.0,612.0,944.0,81.0,94249.0,94330.0,9.0,307.0,307.13189349203054,0.029303371583041186,1.5414887598502909,88.32080010627698
612.0,944.0,603.0,944.0,612.0,944.0,81.0,97344.0,97425.0,9.0,312.0,312.1297807002722,0.028834159879932764,1.5419581699237777,88.34769532234868
612.0,944.0,602.0,944.0,612.0,944.0,100.0,97344.0,97444.0,10.0,312.0,312.1602152741441,0.032034831828962704,1.5387560132474296,88.16422525945431
612.0,944.0,602.0,944.0,612.0,944.0,100.0,97344.0,97444.0,10.0,312.0,312.1602152741441,0.032034831828962704,1.5387560132474296,88.16422525945431
612.0,944.0,602.0,944.0,612.0,944.0,100.0,97344.0,97444.0,10.0,312.0,312.1602152741441,0.032034831828962704,1.5387560132474296,88.16422525945431
612.0,944.0,602.0,944.0,612.0,944.0,100.0,97344.0,97444.0,10.0,312.0,312.1602152741441,0.032034831828962704,1.5387560132474296,88.16422525945431
612.0,944.0,602.0,944.0,612.0,944.0,100.0,97344.0,97444.0,10.0,312.0,312.1602152741441,0.032034831828962704,1.5387560132474296,88.16422525945431
612.0,943.0,603.0,943.0,612.0,943.0,81.0,97969.0,98050.0,9.0,313.0,313.12936623702353,0.028742114187998078,1.5420502537812173,88.35297133874127
612.0,943.0,603.0,943.0,612.0,943.0,81.0,97969.0,98050.0,9.0,313.0,313.12936623702353,0.028742114187998078,1.5420502537812173,88.35297133874127
612.0,944.0,602.0,944.0,612.0,944.0,100.0,97344.0,97444.0,10.0,312.0,312.1602152741441,0.032034831828962704,1.5387560132474296,88.16422525945431
612.0,944.0,602.0,944.0,612.0,944.0,100.0,97344.0,97444.0,10.0,312.0,312.1602152741441,0.032034831828962704,1.5387560132474296,88.16422525945431
612.0,944.0,602.0,944.0,612.0,944.0,100.0,97344.0,97444.0,10.0,312.0,312.1602152741441,0.032034831828962704,1.5387560132474296,88.16422525945431
612.0,944.0,607.0,944.0,612.0,944.0,25.0,97344.0,97369.0,5.0,312.0,312.04006153056696,0.016023583559991728,1.5547720574658543,89.08187699766495
617.0,944.0,607.0,944.0,617.0,944.0,100.0,97344.0,97444.0,10.0,312.0,312.1602152741441,0.032034831828962704,1.5387560132474296,88.16422525945431
616.0,944.0,607.0,944.0,616.0,944.0,81.0,97344.0,97425.0,9.0,312.0,312.1297807002722,0.028834159879932764,1.5419581699237777,88.34769532234868
617.0,944.0,607.0,944.0,617.0,944.0,100.0,97344.0,97444.0,10.0,312.0,312.1602152741441,0.032034831828962704,1.5387560132474296,88.16422525945431
617.0,944.0,607.0,944.0,617.0,944.0,100.0,97344.0,97444.0,10.0,312.0,312.1602152741441,0.032034831828962704,1.5387560132474296,88.16422525945431
612.0,944.0,602.0,944.0,612.0,944.0,100.0,97344.0,97444.0,10.0,312.0,312.1602152741441,0.032034831828962704,1.5387560132474296,88.16422525945431
617.0,944.0,602.0,944.0,617.0,944.0,225.0,97344.0,97569.0,15.0,312.0,312.360368805007,0.048021456938936606,1.522756393947134,87.24751459973132
617.0,944.0,602.0,944.0,617.0,944.0,225.0,97344.0,97569.0,15.0,312.0,312.360368805007,0.048021456938936606,1.522756393947134,87.24751459973132
617.0,944.0,607.0,944.0,617.0,944.0,100.0,97344.0,97444.0,10.0,312.0,312.1602152741441,0.032034831828962704,1.5387560132474296,88.16422525945431
617.0,944.0,602.0,944.0,617.0,944.0,225.0,97344.0,97569.0,15.0,312.0,312.360368805007,0.048021456938936606,1.522756393947134,87.24751459973132
617.0,944.0,607.0,944.0,617.0,944.0,100.0,97344.0,97444.0,10.0,312.0,312.1602152741441,0.032034831828962704,1.5387560132474296,88.16422525945431
612.0,944.0,602.0,944.0,612.0,944.0,100.0,97344.0,97444.0,10.0,312.0,312.1602152741441,0.032034831828962704,1.5387560132474296,88.16422525945431
612.0,943.0,602.0,943.0,612.0,943.0,100.0,97969.0,98069.0,10.0,313.0,313.15970366571753,0.031932588653470255,1.5388583087583458,88.17008636049295
612.0,943.0,607.0,943.0,612.0,943.0,25.0,94864.0,94889.0,5.0,308.0,308.0405817420815,0.01623162757232564,1.554563986391777,89.06995540328157
612.0,943.0,607.0,943.0,612.0,943.0,25.0,94864.0,94889.0,5.0,308.0,308.0405817420815,0.01623162757232564,1.554563986391777,89.06995540328157
612.0,943.0,602.0,943.0,612.0,943.0,100.0,97969.0,98069.0,10.0,313.0,313.15970366571753,0.031932588653470255,1.5388583087583458,88.17008636049295
612.0,942.0,607.0,942.0,612.0,942.0,25.0,95481.0,95506.0,5.0,309.0,309.04045042680093,0.01617911180589706,1.5546165090552582,89.07296473022782
612.0,942.0,607.0,942.0,612.0,942.0,25.0,95481.0,95506.0,5.0,309.0,309.04045042680093,0.01617911180589706,1.5546165090552582,89.07296473022782
612.0,942.0,607.0,942.0,612.0,942.0,25.0,95481.0,95506.0,5.0,309.0,309.04045042680093,0.01617911180589706,1.5546165090552582,89.07296473022782
612.0,943.0,602.0,943.0,612.0,943.0,100.0,94864.0,94964.0,10.0,308.0,308.162294903189,0.03245043331190651,1.5383401955658773,88.14040066125445
607.0,943.0,607.0,943.0,607.0,943.0,0.0,94864.0,94864.0,0.0,308.0,308.0,nan,nan,nan
607.0,943.0,607.0,943.0,607.0,943.0,0.0,94864.0,94864.0,0.0,308.0,308.0,nan,nan,nan
607.0,943.0,602.0,943.0,607.0,943.0,25.0,95481.0,95506.0,5.0,309.0,309.04045042680093,0.01617911180589706,1.5546165090552582,89.07296473022782
607.0,943.0,602.0,943.0,607.0,943.0,25.0,95481.0,95506.0,5.0,309.0,309.04045042680093,0.01617911180589706,1.5546165090552582,89.07296473022782
607.0,938.0,602.0,938.0,607.0,938.0,25.0,98596.0,98621.0,5.0,314.0,314.0398063940302,0.0159215484731462,1.554874105570977,89.08772392339579
606.0,938.0,602.0,938.0,606.0,938.0,16.0,98596.0,98612.0,4.0,314.0,314.02547667346994,0.012737820008658982,1.5580581623048322,89.27015693597589
602.0,938.0,602.0,938.0,602.0,938.0,0.0,98596.0,98596.0,0.0,314.0,314.0,nan,nan,nan
602.0,938.0,597.0,938.0,602.0,938.0,25.0,98596.0,98621.0,5.0,314.0,314.0398063940302,0.0159215484731462,1.554874105570977,89.08772392339579
596.0,939.0,596.0,939.0,596.0,939.0,0.0,97969.0,97969.0,0.0,313.0,313.0,nan,nan,nan
591.0,935.0,596.0,935.0,591.0,935.0,25.0,100489.0,100514.0,5.0,317.0,317.0394297244429,0.01577090901389075,1.555024763946945,90.90364398751295
585.0,937.0,600.0,937.0,585.0,937.0,225.0,99225.0,99450.0,15.0,315.0,315.35694062442957,0.04756514941544941,1.5232132235179132,92.72631099390627
580.0,937.0,594.0,937.0,580.0,937.0,196.0,99225.0,99421.0,14.0,315.0,315.3109576275458,0.04440061362072038,1.5263811115479857,92.5448043798131
574.0,938.0,594.0,938.0,574.0,938.0,400.0,98596.0,98996.0,20.0,314.0,314.6362979695763,0.06356545677998632,1.507187985242629,93.64448951277154
569.0,939.0,593.0,939.0,569.0,939.0,576.0,98596.0,99172.0,24.0,314.0,314.91586177898375,0.07621083252022355,1.4945115275469958,94.37079703790747
563.0,941.0,587.0,941.0,563.0,941.0,576.0,96721.0,97297.0,24.0,311.0,311.9246703933499,0.07694165379652404,1.4937785540449495,94.41279332606965
558.0,941.0,591.0,941.0,558.0,941.0,1089.0,96721.0,97810.0,33.0,311.0,312.7459032505462,0.10551696970931422,1.4650825681763133,96.05695220530956
548.0,943.0,586.0,943.0,548.0,943.0,1444.0,93025.0,94469.0,38.0,305.0,307.35809733924367,0.12363428954356732,1.4468448834772374,97.10189456665692
538.0,943.0,581.0,943.0,538.0,943.0,1849.0,93025.0,94874.0,43.0,305.0,308.01623333843946,0.13960303174265762,1.4307358174169957,98.0248760638062
528.0,943.0,580.0,943.0,528.0,943.0,2704.0,93025.0,95729.0,52.0,305.0,309.40103425812913,0.16806666507978477,1.4019282191357105,99.67542986323217
513.0,946.0,576.0,946.0,513.0,946.0,3969.0,91204.0,95173.0,63.0,302.0,308.5012155567624,0.20421313376772862,1.3651364922853646,101.78344053275514
504.0,948.0,575.0,948.0,504.0,948.0,5041.0,90000.0,95041.0,71.0,300.0,308.28720375649715,0.23030472603098978,1.3384055117431732,103.31501290006904
489.0,950.0,574.0,950.0,489.0,950.0,7225.0,89401.0,96626.0,85.0,299.0,310.8472293587318,0.27344622043230804,1.2938223408974259,105.86944042684105
479.0,954.0,569.0,954.0,479.0,954.0,8100.0,87025.0,95125.0,90.0,295.0,308.4234102658227,0.2918066430898717,1.2746811809199319,106.96614810853619
460.0,953.0,568.0,953.0,460.0,953.0,11664.0,85264.0,96928.0,108.0,292.0,311.33261955664074,0.3468958702554184,1.2165369041162306,110.29756977222868
452.0,953.0,567.0,953.0,452.0,953.0,13225.0,84681.0,97906.0,115.0,291.0,312.8993448379207,0.3675303317096079,1.1944442284547645,111.56338684578208
437.0,957.0,565.0,957.0,437.0,957.0,16384.0,82944.0,99328.0,128.0,288.0,315.1634496574753,0.40613846605344767,1.1525719972156674,113.96248897457819
425.0,957.0,562.0,957.0,425.0,957.0,18769.0,82944.0,101713.0,137.0,288.0,318.92475601621146,0.4295684088977905,1.126781538548751,115.4401734078991
412.0,956.0,561.0,956.0,412.0,956.0,22201.0,81796.0,103997.0,149.0,286.0,322.48565859585136,0.4620360503743556,1.0905067037122402,117.51856834656529
399.0,956.0,558.0,956.0,399.0,956.0,25281.0,81796.0,107077.0,159.0,286.0,327.22622144320894,0.4859023806183421,1.063400998427899,119.0716108600835
390.0,953.0,553.0,953.0,390.0,953.0,26569.0,78400.0,104969.0,163.0,280.0,323.9891973507759,0.5031031939732347,1.043610569536493,120.20551891031482
376.0,949.0,552.0,949.0,376.0,949.0,30976.0,80656.0,111632.0,176.0,284.0,334.11375308418536,0.5267667025836376,1.016004099657001,121.78725312166475
370.0,948.0,542.0,948.0,370.0,948.0,29584.0,76729.0,106313.0,172.0,277.0,326.0567435278712,0.5275155426598238,1.0151228808654598,121.83774323924769
362.0,940.0,537.0,940.0,362.0,940.0,30625.0,77284.0,107909.0,175.0,278.0,328.49505323520475,0.532732527557116,1.0089701752810416,122.19026730182142
354.0,935.0,532.0,935.0,354.0,935.0,31684.0,76176.0,107860.0,178.0,276.0,328.42046221269464,0.541988153846279,0.9979952548852128,122.81908392099444
346.0,926.0,525.0,926.0,346.0,926.0,32041.0,75625.0,107666.0,179.0,275.0,328.1249761904753,0.545523849108308,0.9937822919300626,123.06046891756952
341.0,919.0,520.0,919.0,341.0,919.0,32041.0,70225.0,102266.0,179.0,265.0,319.79055645844204,0.5597413569129635,0.976722679015956,124.0379127376747
338.0,903.0,514.0,903.0,338.0,903.0,30976.0,75076.0,106052.0,176.0,274.0,325.65626049563366,0.5404471565574578,0.9998278506345585,122.71408391900333
336.0,894.0,508.0,894.0,336.0,894.0,29584.0,75625.0,105209.0,172.0,275.0,324.3593686021725,0.53027603531612,1.0118702140773468,122.02410731836892
332.0,879.0,505.0,879.0,332.0,879.0,29929.0,76729.0,106658.0,173.0,277.0,326.58536403213174,0.5297236773383974,1.01252158138476,121.98678672074135
328.0,862.0,503.0,862.0,328.0,862.0,30625.0,78961.0,109586.0,175.0,281.0,331.03776219639957,0.5286405962839225,1.0137980347391577,121.91365133078904
327.0,849.0,502.0,849.0,327.0,849.0,30625.0,78400.0,109025.0,175.0,280.0,330.1893396219811,0.52999894000318,1.0121970114513341,122.0053832080835
324.0,837.0,500.0,837.0,324.0,837.0,30976.0,78961.0,109937.0,176.0,281.0,331.5674893592555,0.5308119934801656,1.0112379324615108,122.06033438642004
321.0,820.0,494.0,820.0,321.0,820.0,29929.0,80656.0,110585.0,173.0,284.0,332.54323027239633,0.5202331133257183,1.023672440128595,121.34788957677306
320.0,806.0,491.0,806.0,320.0,806.0,29241.0,81225.0,110466.0,171.0,285.0,332.3642580061821,0.5144957554275266,1.0303768265243125,120.96375653207352
319.0,795.0,482.0,795.0,319.0,795.0,26569.0,80656.0,107225.0,163.0,284.0,327.4522866006588,0.4977824454736059,1.0497562754189536,119.85339590112112
316.0,777.0,480.0,777.0,316.0,777.0,26896.0,87025.0,113921.0,164.0,295.0,337.52185114448514,0.48589446711050266,1.0634100526263304,119.0710920927265
316.0,763.0,473.0,763.0,316.0,763.0,24649.0,88804.0,113453.0,157.0,298.0,336.8278492049017,0.46611347716825086,1.0859035747728178,117.78230820734873
312.0,747.0,466.0,747.0,312.0,747.0,23716.0,90601.0,114317.0,154.0,301.0,338.10797092053303,0.45547580431398726,1.0978897231319675,117.0955524937518
310.0,732.0,460.0,732.0,310.0,732.0,22500.0,97344.0,119844.0,150.0,312.0,346.18492168203977,0.43329443486787794,1.122651351719107,115.6768156818382
309.0,722.0,454.0,722.0,309.0,722.0,21025.0,94249.0,115274.0,145.0,307.0,339.52024976428135,0.4270732013795028,1.1295428654671265,115.28196102962032
308.0,706.0,447.0,706.0,308.0,706.0,19321.0,100489.0,119810.0,139.0,317.0,346.13581149600805,0.4015764777392965,1.1575587555267466,113.67676876990157
304.0,695.0,438.0,695.0,304.0,695.0,17956.0,103041.0,120997.0,134.0,321.0,347.8462303949836,0.3852276905454499,1.1753417839284235,112.6578762955242
309.0,678.0,428.0,678.0,309.0,678.0,14161.0,108900.0,123061.0,119.0,330.0,350.8005131125096,0.3392241332378953,1.224704323134071,109.82961113299153
304.0,663.0,423.0,663.0,304.0,663.0,14161.0,114921.0,129082.0,119.0,339.0,359.2798352259698,0.3312181434428534,1.2332020278301712,109.3427285183565
311.0,650.0,421.0,650.0,311.0,650.0,12100.0,118336.0,130436.0,110.0,344.0,361.1592446553182,0.30457478696130674,1.2613043527134453,107.73258390803942
309.0,640.0,414.0,640.0,309.0,640.0,11025.0,120409.0,131434.0,105.0,347.0,362.5382738415353,0.28962459297716875,1.2769617296649405,106.83548229047334
310.0,629.0,413.0,629.0,310.0,629.0,10609.0,126025.0,136634.0,103.0,355.0,369.64036576110027,0.2786492210825514,1.2884089908172023,106.17960253946467
310.0,614.0,405.0,614.0,310.0,614.0,9025.0,132496.0,141521.0,95.0,364.0,376.19276973381614,0.25253010595397524,1.3155021043695792,104.62728147904478
309.0,608.0,399.0,608.0,309.0,608.0,8100.0,133956.0,142056.0,90.0,366.0,376.90317058894584,0.23878812125503407,1.3296786483434282,103.81502534126162
308.0,597.0,394.0,597.0,308.0,597.0,7396.0,136161.0,143557.0,86.0,369.0,378.88916585196785,0.2269793062217045,1.341821418872077,103.1192958383742
311.0,592.0,390.0,592.0,311.0,592.0,6241.0,139129.0,145370.0,79.0,373.0,381.2741795611132,0.20719997375887697,1.3620843776032365,101.958313822631
310.0,587.0,384.0,587.0,310.0,587.0,5476.0,135424.0,140900.0,74.0,368.0,375.3664875824692,0.1971406677154203,1.3723558352459153,101.36980265025811
314.0,583.0,376.0,583.0,314.0,583.0,3844.0,142129.0,145973.0,62.0,377.0,382.06413074247104,0.16227642170835155,1.4077991090555566,99.33905264883909
315.0,582.0,371.0,582.0,315.0,582.0,3136.0,142129.0,145265.0,56.0,377.0,381.13645850272576,0.1469290033810804,1.4233334669555786,98.44899950372212
314.0,579.0,369.0,579.0,314.0,579.0,3025.0,150544.0,153569.0,55.0,388.0,391.8788077964921,0.14034951343570035,1.4299819134133556,98.0680715813728
314.0,575.0,363.0,575.0,314.0,575.0,2401.0,152100.0,154501.0,49.0,390.0,393.0661521932409,0.12466095013927937,1.4458102184158652,97.1611765078832
313.0,580.0,362.0,580.0,313.0,580.0,2401.0,146689.0,149090.0,49.0,383.0,386.1217424595512,0.12690298061920993,1.4435502384721262,97.29066382044365
312.0,578.0,361.0,578.0,312.0,578.0,2401.0,147456.0,149857.0,49.0,384.0,387.1136783943445,0.12657780578366631,1.4438780568623688,97.27188121023597
316.0,575.0,358.0,575.0,316.0,575.0,1764.0,146689.0,148453.0,42.0,383.0,385.2959901166894,0.1090071038301749,1.4615721800197292,96.25808263113453
311.0,575.0,359.0,575.0,311.0,575.0,2304.0,150544.0,152848.0,48.0,388.0,390.9577982340293,0.12277539984319984,1.4477103670998908,97.0523060078412
310.0,578.0,351.0,578.0,310.0,578.0,1681.0,148996.0,150677.0,41.0,386.0,388.171353914737,0.1056234562043591,1.46497548327487,96.06308771821183
308.0,575.0,350.0,575.0,308.0,575.0,1764.0,151321.0,153085.0,42.0,389.0,391.26078259902306,0.10734528444432158,1.4632438091649755,96.16230533620086
315.0,578.0,350.0,578.0,315.0,578.0,1225.0,148996.0,150221.0,35.0,386.0,387.5835393821569,0.09030311260326782,1.480370029872547,95.18104517064745
315.0,575.0,356.0,575.0,315.0,575.0,1681.0,151321.0,153002.0,41.0,389.0,391.15470085376705,0.10481786339397164,1.4657855729978848,96.01667299605616
314.0,571.0,355.0,571.0,314.0,571.0,1681.0,152881.0,154562.0,41.0,391.0,393.14373961694974,0.10428755660702464,1.4663188022359406,95.98612121120259
310.0,577.0,351.0,577.0,310.0,577.0,1681.0,148225.0,149906.0,41.0,385.0,387.17696212455616,0.1058947303450616,1.4647026791882456,96.07871824100933
305.0,572.0,347.0,572.0,305.0,572.0,1764.0,152100.0,153864.0,42.0,390.0,392.2550190883477,0.1070731997199514,1.4635174711464938,96.14662565964667
311.0,573.0,353.0,573.0,311.0,573.0,1764.0,151321.0,153085.0,42.0,389.0,391.26078259902306,0.10734528444432158,1.4632438091649755,96.16230533620086
310.0,573.0,351.0,573.0,310.0,573.0,1681.0,151321.0,153002.0,41.0,389.0,391.15470085376705,0.10481786339397164,1.4657855729978848,96.01667299605616
305.0,575.0,346.0,575.0,305.0,575.0,1681.0,148996.0,150677.0,41.0,386.0,388.171353914737,0.1056234562043591,1.46497548327487,96.06308771821183
303.0,574.0,344.0,574.0,303.0,574.0,1681.0,149769.0,151450.0,41.0,387.0,389.16577444580093,0.10535356059609005,1.4652468932097533,96.0475370744251
302.0,577.0,343.0,577.0,302.0,577.0,1681.0,147456.0,149137.0,41.0,384.0,386.18259929727543,0.10616739354545346,1.4644284702211279,96.09442925752981
301.0,578.0,336.0,578.0,301.0,578.0,1225.0,151321.0,152546.0,35.0,389.0,390.5713763193611,0.0896123016741025,1.4810636530511985,95.14130348993828
300.0,578.0,334.0,578.0,300.0,578.0,1156.0,151321.0,152477.0,34.0,389.0,390.4830342025118,0.08707164466041042,1.483614283211812,94.99516314663634
300.0,576.0,334.0,576.0,300.0,576.0,1156.0,152881.0,154037.0,34.0,391.0,392.4754769409167,0.086629616364842,1.4840579881189115,94.9697407281103
298.0,574.0,332.0,574.0,298.0,574.0,1156.0,156816.0,157972.0,34.0,396.0,397.4569159041015,0.08554386309434235,1.48514778716437,94.90729984228815
303.0,574.0,330.0,574.0,303.0,574.0,729.0,155236.0,155965.0,27.0,394.0,394.9240433298535,0.06836757714811685,1.5023753775359985,93.92023162281362
302.0,572.0,329.0,572.0,302.0,572.0,729.0,156025.0,156754.0,27.0,395.0,395.9217094325594,0.06819530062823982,1.5025480570730358,93.9103378141331
303.0,573.0,330.0,573.0,303.0,573.0,729.0,154449.0,155178.0,27.0,393.0,393.92638906272833,0.06854072423084241,1.502201823340622,93.93017554572548
303.0,574.0,330.0,574.0,303.0,574.0,729.0,153664.0,154393.0,27.0,392.0,392.9287467213362,0.06871474847613608,1.5020273878350747,93.94016996399057
296.0,577.0,323.0,577.0,296.0,577.0,729.0,152100.0,152829.0,27.0,390.0,390.9334981809566,0.06906545518773158,1.5016758459477144,93.96031183045838
295.0,572.0,323.0,572.0,295.0,572.0,784.0,160801.0,161585.0,28.0,401.0,401.9763674645563,0.06965583617914768,1.5010840396711134,93.99421983239696
296.0,574.0,316.0,574.0,296.0,574.0,400.0,160000.0,160400.0,20.0,400.0,400.4996878900157,0.04993761694389224,1.5208379310729538,92.86240522611175
295.0,571.0,315.0,571.0,295.0,571.0,400.0,161604.0,162004.0,20.0,402.0,402.4972049592394,0.049689786049633276,1.5210860700256774,92.84818791138788
294.0,577.0,314.0,577.0,294.0,577.0,400.0,156816.0,157216.0,20.0,396.0,396.50472884948044,0.05044076033603201,1.5203341527780407,92.89126959622057
299.0,577.0,313.0,577.0,299.0,577.0,196.0,160801.0,160997.0,14.0,401.0,401.2443146014657,0.034891460116775595,1.5358977832382614,91.99953925694867
292.0,572.0,306.0,572.0,292.0,572.0,196.0,166464.0,166660.0,14.0,408.0,408.24012541640246,0.03429354227666887,1.5364960591552566,91.96526057192052
292.0,573.0,306.0,573.0,292.0,573.0,196.0,166464.0,166660.0,14.0,408.0,408.24012541640246,0.03429354227666887,1.5364960591552566,91.96526057192052
292.0,574.0,305.0,574.0,292.0,574.0,169.0,172225.0,172394.0,13.0,415.0,415.2035645319052,0.031309943147178956,1.539481265801391,91.79422083012263
292.0,574.0,306.0,574.0,292.0,574.0,196.0,172225.0,172421.0,14.0,415.0,415.2360774306587,0.03371576016859444,1.5370741756108255,91.93213693894937
291.0,573.0,298.0,573.0,291.0,573.0,49.0,178084.0,178133.0,7.0,422.0,422.0580528789849,0.016585396137452885,1.5542101701909903,90.95031677174687
292.0,575.0,298.0,575.0,292.0,575.0,36.0,177241.0,177277.0,6.0,421.0,421.042753173594,0.014250334330124969,1.5565455101133086,90.81651165046962
291.0,574.0,298.0,574.0,291.0,574.0,49.0,183184.0,183233.0,7.0,428.0,428.05723916317544,0.01635295320243749,1.554442644656124,90.93699696605015
291.0,575.0,298.0,575.0,291.0,575.0,49.0,180625.0,180674.0,7.0,425.0,425.05764314972623,0.01646835461686841,1.5543272276991373,90.94360987056973
291.0,571.0,298.0,571.0,291.0,571.0,49.0,178084.0,178133.0,7.0,422.0,422.0580528789849,0.016585396137452885,1.5542101701909903,90.95031677174687
290.0,573.0,297.0,573.0,290.0,573.0,49.0,176400.0,176449.0,7.0,420.0,420.05832928296996,0.016664352333993333,1.554131203080956,90.95484125387217
291.0,573.0,297.0,573.0,291.0,573.0,36.0,175561.0,175597.0,6.0,419.0,419.0429572251513,0.014318341106914743,1.556477496397314,90.8204085493451
291.0,569.0,297.0,569.0,291.0,569.0,36.0,178084.0,178120.0,6.0,422.0,422.0426518730068,0.014216572598461942,1.5565792752654077,90.81457704975972
291.0,568.0,297.0,568.0,291.0,568.0,36.0,179776.0,179812.0,6.0,424.0,424.04245070511513,0.014149526751444238,1.55664632785689,90.81073521926237
291.0,569.0,297.0,569.0,291.0,569.0,36.0,168921.0,168957.0,6.0,411.0,411.04379328728464,0.014596984793312548,1.5561988235838364,90.83637532542241
291.0,571.0,298.0,571.0,291.0,571.0,49.0,166464.0,166513.0,7.0,408.0,408.0600446012817,0.017154338173049382,1.5536411471721316,90.98291938917326
291.0,570.0,298.0,570.0,291.0,570.0,49.0,168100.0,168149.0,7.0,410.0,410.0597517435721,0.01707068291934537,1.5537248146772702,90.97812559424644
291.0,571.0,298.0,571.0,291.0,571.0,49.0,165649.0,165698.0,7.0,407.0,407.060192109226,0.017196473975332124,1.5535990051535538,90.98533394897794
291.0,571.0,298.0,571.0,291.0,571.0,49.0,167281.0,167330.0,7.0,409.0,409.05989781448875,0.01711240832308266,1.5536830831777624,90.98051663304098
292.0,568.0,298.0,568.0,292.0,568.0,36.0,170569.0,170605.0,6.0,413.0,413.0435812356851,0.014526312167955866,1.5562695037031682,90.83232565288922
292.0,568.0,298.0,568.0,292.0,568.0,36.0,166464.0,166500.0,6.0,408.0,408.0441152620633,0.014704292441876154,1.5560915044170451,90.84252426074042
292.0,567.0,292.0,567.0,292.0,567.0,0.0,172225.0,172225.0,0.0,415.0,415.0,nan,nan,nan
293.0,568.0,293.0,568.0,293.0,568.0,0.0,166464.0,166464.0,0.0,408.0,408.0,nan,nan,nan
293.0,567.0,293.0,567.0,293.0,567.0,0.0,172225.0,172225.0,0.0,415.0,415.0,nan,nan,nan
288.0,571.0,295.0,571.0,288.0,571.0,49.0,172225.0,172274.0,7.0,415.0,415.05903194605946,0.01686507089649289,1.5539304563056382,90.96634319684875
290.0,571.0,290.0,571.0,290.0,571.0,0.0,171396.0,171396.0,0.0,414.0,414.0,nan,nan,nan
287.0,570.0,294.0,570.0,287.0,570.0,49.0,172225.0,172274.0,7.0,415.0,415.05903194605946,0.01686507089649289,1.5539304563056382,90.96634319684875
288.0,572.0,294.0,572.0,288.0,572.0,36.0,169744.0,169780.0,6.0,412.0,412.0436870041816,0.014561562740164272,1.556234249402158,90.83434557554679
288.0,569.0,288.0,569.0,288.0,569.0,0.0,173056.0,173056.0,0.0,416.0,416.0,nan,nan,nan
287.0,568.0,294.0,568.0,287.0,568.0,49.0,173889.0,173938.0,7.0,417.0,417.0587488591985,0.016784206108006242,1.554011332541713,90.96170932985875
293.0,567.0,293.0,567.0,293.0,567.0,0.0,171396.0,171396.0,0.0,414.0,414.0,nan,nan,nan
293.0,573.0,293.0,573.0,293.0,573.0,0.0,166464.0,166464.0,0.0,408.0,408.0,nan,nan,nan
292.0,571.0,292.0,571.0,292.0,571.0,0.0,166464.0,166464.0,0.0,408.0,408.0,nan,nan,nan
292.0,572.0,292.0,572.0,292.0,572.0,0.0,166464.0,166464.0,0.0,408.0,408.0,nan,nan,nan
296.0,570.0,290.0,570.0,296.0,570.0,36.0,168100.0,168136.0,6.0,410.0,410.0439000887588,0.014632579581603897,1.5561632249935557,89.16158502559789
291.0,570.0,291.0,570.0,291.0,570.0,0.0,172225.0,172225.0,0.0,415.0,415.0,nan,nan,nan
296.0,576.0,290.0,576.0,296.0,576.0,36.0,165649.0,165685.0,6.0,407.0,407.04422364160877,0.014740413084163639,1.5560553798595866,89.15540595458043
293.0,571.0,293.0,571.0,293.0,571.0,0.0,168100.0,168100.0,0.0,410.0,410.0,nan,nan,nan
292.0,571.0,292.0,571.0,292.0,571.0,0.0,173056.0,173056.0,0.0,416.0,416.0,nan,nan,nan
291.0,570.0,291.0,570.0,291.0,570.0,0.0,169744.0,169744.0,0.0,412.0,412.0,nan,nan,nan
292.0,571.0,292.0,571.0,292.0,571.0,0.0,168100.0,168100.0,0.0,410.0,410.0,nan,nan,nan
292.0,571.0,286.0,571.0,292.0,571.0,36.0,168921.0,168957.0,6.0,411.0,411.04379328728464,0.014596984793312548,1.5561988235838364,89.16362467457759
292.0,573.0,286.0,573.0,292.0,573.0,36.0,167281.0,167317.0,6.0,409.0,409.04400741240545,0.014668348371500998,1.556127452364402,89.1595354049253
293.0,576.0,287.0,576.0,293.0,576.0,36.0,164836.0,164872.0,6.0,406.0,406.0443325549564,0.014776711602514302,1.5560190773874043,89.1533259761385
293.0,575.0,286.0,575.0,293.0,575.0,49.0,166464.0,166513.0,7.0,408.0,408.0600446012817,0.017154338173049382,1.5536411471721316,89.01708061082674
292.0,572.0,286.0,572.0,292.0,572.0,36.0,168100.0,168136.0,6.0,410.0,410.0439000887588,0.014632579581603897,1.5561632249935557,89.16158502559789
292.0,574.0,286.0,574.0,292.0,574.0,36.0,166464.0,166500.0,6.0,408.0,408.0441152620633,0.014704292441876154,1.5560915044170451,89.15747573925958
292.0,573.0,285.0,573.0,292.0,573.0,49.0,173056.0,173105.0,7.0,416.0,416.0588900624526,0.016824541350262373,1.553970991603174,89.03597930462136
292.0,578.0,285.0,578.0,292.0,578.0,49.0,164025.0,164074.0,7.0,405.0,405.0604893099301,0.01728136953551148,1.5535140969758874,89.00980117079564
298.0,579.0,285.0,579.0,298.0,579.0,169.0,168100.0,168269.0,13.0,410.0,410.2060457867485,0.03169139054268897,1.5390996290089938,88.1839129923661
298.0,578.0,285.0,578.0,298.0,578.0,169.0,168100.0,168269.0,13.0,410.0,410.2060457867485,0.03169139054268897,1.5390996290089938,88.1839129923661
297.0,574.0,285.0,574.0,297.0,574.0,144.0,167281.0,167425.0,12.0,409.0,409.1760012512953,0.029327233179128224,1.5414648879944177,88.3194323496863
297.0,579.0,285.0,579.0,297.0,579.0,144.0,168100.0,168244.0,12.0,410.0,410.17557216392106,0.02925576463925639,1.5415363872137628,88.32352895319325
297.0,574.0,285.0,574.0,297.0,574.0,144.0,172225.0,172369.0,12.0,415.0,415.17345772580404,0.028903581808269747,1.5418887190488084,88.34371608032946
297.0,575.0,285.0,575.0,297.0,575.0,144.0,171396.0,171540.0,12.0,414.0,414.1738765301356,0.028973338686962967,1.5418189329433354,88.33971763101721
297.0,576.0,285.0,576.0,297.0,576.0,144.0,165649.0,165793.0,12.0,407.0,407.17686574755203,0.02947122248207478,1.541320836424952,88.31117880272367
297.0,575.0,285.0,575.0,297.0,575.0,144.0,171396.0,171540.0,12.0,414.0,414.1738765301356,0.028973338686962967,1.5418189329433354,88.33971763101721
297.0,580.0,284.0,580.0,297.0,580.0,169.0,173056.0,173225.0,13.0,416.0,416.20307543313515,0.031234752377721213,1.5395564933646284,88.21008939175394
297.0,581.0,284.0,581.0,297.0,581.0,169.0,172225.0,172394.0,13.0,415.0,415.2035645319052,0.031309943147178956,1.539481265801391,88.20577916987737
297.0,580.0,284.0,580.0,297.0,580.0,169.0,173056.0,173225.0,13.0,416.0,416.20307543313515,0.031234752377721213,1.5395564933646284,88.21008939175394
297.0,580.0,284.0,580.0,297.0,580.0,169.0,173056.0,173225.0,13.0,416.0,416.20307543313515,0.031234752377721213,1.5395564933646284,88.21008939175394
297.0,580.0,284.0,580.0,297.0,580.0,169.0,173056.0,173225.0,13.0,416.0,416.20307543313515,0.031234752377721213,1.5395564933646284,88.21008939175394
297.0,580.0,284.0,580.0,297.0,580.0,169.0,173056.0,173225.0,13.0,416.0,416.20307543313515,0.031234752377721213,1.5395564933646284,88.21008939175394
297.0,579.0,284.0,579.0,297.0,579.0,169.0,173056.0,173225.0,13.0,416.0,416.20307543313515,0.031234752377721213,1.5395564933646284,88.21008939175394
297.0,578.0,284.0,578.0,297.0,578.0,169.0,169744.0,169913.0,13.0,412.0,412.20504606324266,0.03153770222891806,1.5392533941847004,88.1927230879702
296.0,578.0,284.0,578.0,296.0,578.0,144.0,169744.0,169888.0,12.0,412.0,412.1747202340289,0.02911386703480144,1.5416783452878577,88.3316625517067
296.0,579.0,284.0,579.0,296.0,579.0,144.0,168921.0,169065.0,12.0,411.0,411.17514516322603,0.029184643432754932,1.541607538802102,88.32760563891074
296.0,580.0,283.0,580.0,296.0,580.0,169.0,168100.0,168269.0,13.0,410.0,410.2060457867485,0.03169139054268897,1.5390996290089938,88.1839129923661
296.0,579.0,283.0,579.0,296.0,579.0,169.0,173889.0,174058.0,13.0,417.0,417.20258867845007,0.031159921708969716,1.5396313604753666,88.21437896122357
290.0,578.0,283.0,578.0,290.0,578.0,49.0,174724.0,174773.0,7.0,418.0,418.05860833141566,0.016744063775983187,1.5540514805156527,89.04059097960399
290.0,576.0,283.0,576.0,290.0,576.0,49.0,175561.0,175610.0,7.0,419.0,419.0584684742691,0.016704112973747985,1.5540914369060852,89.04288031214034
290.0,581.0,283.0,581.0,290.0,581.0,49.0,171396.0,171445.0,7.0,414.0,414.0591745149478,0.01690579615389562,1.5538897252412418,89.03132308506626
290.0,581.0,284.0,581.0,290.0,581.0,36.0,171396.0,171432.0,6.0,414.0,414.04347597806685,0.014491231834595646,1.5563045877293966,89.169684513742
290.0,575.0,284.0,575.0,290.0,575.0,36.0,176400.0,176436.0,6.0,420.0,420.04285495649134,0.014284256782850141,1.5565115842075,89.18154453831139
290.0,575.0,284.0,575.0,290.0,575.0,36.0,176400.0,176436.0,6.0,420.0,420.04285495649134,0.014284256782850141,1.5565115842075,89.18154453831139
290.0,575.0,284.0,575.0,290.0,575.0,36.0,177241.0,177277.0,6.0,421.0,421.042753173594,0.014250334330124969,1.5565455101133086,89.18348834953038
290.0,580.0,284.0,580.0,290.0,580.0,36.0,173056.0,173092.0,6.0,416.0,416.04326698073123,0.014421576975737685,1.5563742498679116,89.17367586027076
290.0,579.0,283.0,579.0,290.0,579.0,49.0,173889.0,173938.0,7.0,417.0,417.0587488591985,0.016784206108006242,1.554011332541713,89.03829067014125
290.0,574.0,283.0,574.0,290.0,574.0,49.0,178084.0,178133.0,7.0,422.0,422.0580528789849,0.016585396137452885,1.5542101701909903,89.04968322825313
288.0,578.0,282.0,578.0,288.0,578.0,36.0,177241.0,177277.0,6.0,421.0,421.042753173594,0.014250334330124969,1.5565455101133086,89.18348834953038
289.0,580.0,283.0,580.0,289.0,580.0,36.0,172225.0,172261.0,6.0,415.0,415.04337122763445,0.014456320509957606,1.556339502711401,89.17168499485263
289.0,574.0,283.0,574.0,289.0,574.0,36.0,182329.0,182365.0,6.0,427.0,427.0421524861451,0.01405013525027758,1.5567457292393463,89.19496006043013
289.0,574.0,283.0,574.0,289.0,574.0,36.0,182329.0,182365.0,6.0,427.0,427.0421524861451,0.01405013525027758,1.5567457292393463,89.19496006043013
288.0,578.0,281.0,578.0,288.0,578.0,49.0,171396.0,171445.0,7.0,414.0,414.0591745149478,0.01690579615389562,1.5538897252412418,89.03132308506626
287.0,577.0,281.0,577.0,287.0,577.0,36.0,173056.0,173092.0,6.0,416.0,416.04326698073123,0.014421576975737685,1.5563742498679116,89.17367586027076
287.0,577.0,281.0,577.0,287.0,577.0,36.0,173056.0,173092.0,6.0,416.0,416.04326698073123,0.014421576975737685,1.5563742498679116,89.17367586027076
287.0,578.0,275.0,578.0,287.0,578.0,144.0,172225.0,172369.0,12.0,415.0,415.17345772580404,0.028903581808269747,1.5418887190488084,88.34371608032946
288.0,579.0,275.0,579.0,288.0,579.0,169.0,171396.0,171565.0,13.0,414.0,414.2040559917298,0.03138549662164478,1.5394056751770984,88.20144814613465
287.0,579.0,274.0,579.0,287.0,579.0,169.0,171396.0,171565.0,13.0,414.0,414.2040559917298,0.03138549662164478,1.5394056751770984,88.20144814613465
287.0,579.0,274.0,579.0,287.0,579.0,169.0,171396.0,171565.0,13.0,414.0,414.2040559917298,0.03138549662164478,1.5394056751770984,88.20144814613465
287.0,580.0,274.0,580.0,287.0,580.0,169.0,170569.0,170738.0,13.0,413.0,413.2045498297423,0.03146141543058165,1.5393297188579707,88.19709616962129
287.0,582.0,274.0,582.0,287.0,582.0,169.0,168921.0,169090.0,13.0,411.0,411.2055447096987,0.03161435969735693,1.5391766984721411,88.18832874733378
287.0,581.0,274.0,581.0,287.0,581.0,169.0,169744.0,169913.0,13.0,412.0,412.20504606324266,0.03153770222891806,1.5392533941847004,88.1927230879702
287.0,582.0,274.0,582.0,287.0,582.0,169.0,168921.0,169090.0,13.0,411.0,411.2055447096987,0.03161435969735693,1.5391766984721411,88.18832874733378
286.0,576.0,274.0,576.0,286.0,576.0,144.0,173889.0,174033.0,12.0,417.0,417.17262613934776,0.028765070496240212,1.5420272879773034,88.35165549510387
286.0,577.0,274.0,577.0,286.0,577.0,144.0,168100.0,168244.0,12.0,410.0,410.17557216392106,0.02925576463925639,1.5415363872137628,88.32352895319325
286.0,582.0,273.0,582.0,286.0,582.0,169.0,164025.0,164194.0,13.0,405.0,405.20858826041683,0.03208224202702546,1.5387085786676564,88.16150745823033
286.0,581.0,273.0,581.0,286.0,581.0,169.0,164836.0,165005.0,13.0,406.0,406.20807475972214,0.03200330275977327,1.538787558491185,88.1660326687852
286.0,581.0,273.0,581.0,286.0,581.0,169.0,169744.0,169913.0,13.0,412.0,412.20504606324266,0.03153770222891806,1.5392533941847004,88.1927230879702
286.0,582.0,273.0,582.0,286.0,582.0,169.0,169744.0,169913.0,13.0,412.0,412.20504606324266,0.03153770222891806,1.5392533941847004,88.1927230879702
286.0,580.0,273.0,580.0,286.0,580.0,169.0,170569.0,170738.0,13.0,413.0,413.2045498297423,0.03146141543058165,1.5393297188579707,88.19709616962129
285.0,579.0,273.0,579.0,285.0,579.0,144.0,171396.0,171540.0,12.0,414.0,414.1738765301356,0.028973338686962967,1.5418189329433354,88.33971763101721
285.0,579.0,273.0,579.0,285.0,579.0,144.0,171396.0,171540.0,12.0,414.0,414.1738765301356,0.028973338686962967,1.5418189329433354,88.33971763101721
285.0,578.0,273.0,578.0,285.0,578.0,144.0,177241.0,177385.0,12.0,421.0,421.17098665506387,0.02849199109203578,1.5423004793581483,88.36730820822564
285.0,584.0,272.0,584.0,285.0,584.0,169.0,173056.0,173225.0,13.0,416.0,416.20307543313515,0.031234752377721213,1.5395564933646284,88.21008939175394
285.0,583.0,272.0,583.0,285.0,583.0,169.0,173056.0,173225.0,13.0,416.0,416.20307543313515,0.031234752377721213,1.5395564933646284,88.21008939175394
285.0,578.0,272.0,578.0,285.0,578.0,169.0,172225.0,172394.0,13.0,415.0,415.2035645319052,0.031309943147178956,1.539481265801391,88.20577916987737
285.0,578.0,272.0,578.0,285.0,578.0,169.0,172225.0,172394.0,13.0,415.0,415.2035645319052,0.031309943147178956,1.539481265801391,88.20577916987737
285.0,579.0,272.0,579.0,285.0,579.0,169.0,171396.0,171565.0,13.0,414.0,414.2040559917298,0.03138549662164478,1.5394056751770984,88.20144814613465
285.0,579.0,272.0,579.0,285.0,579.0,169.0,171396.0,171565.0,13.0,414.0,414.2040559917298,0.03138549662164478,1.5394056751770984,88.20144814613465
285.0,579.0,272.0,579.0,285.0,579.0,169.0,170569.0,170738.0,13.0,413.0,413.2045498297423,0.03146141543058165,1.5393297188579707,88.19709616962129
285.0,580.0,272.0,580.0,285.0,580.0,169.0,170569.0,170738.0,13.0,413.0,413.2045498297423,0.03146141543058165,1.5393297188579707,88.19709616962129
285.0,580.0,272.0,580.0,285.0,580.0,169.0,170569.0,170738.0,13.0,413.0,413.2045498297423,0.03146141543058165,1.5393297188579707,88.19709616962129
285.0,576.0,278.0,576.0,285.0,576.0,49.0,174724.0,174773.0,7.0,418.0,418.05860833141566,0.016744063775983187,1.5540514805156527,89.04059097960399
285.0,576.0,272.0,576.0,285.0,576.0,169.0,174724.0,174893.0,13.0,418.0,418.2021042510427,0.03108544856148362,1.5397058697172405,88.21864802631767
285.0,581.0,279.0,581.0,285.0,581.0,36.0,169744.0,169780.0,6.0,412.0,412.0436870041816,0.014561562740164272,1.556234249402158,89.16565442445321
285.0,581.0,278.0,581.0,285.0,581.0,49.0,170569.0,170618.0,7.0,413.0,413.05931777409404,0.016946718543287685,1.5538487969884918,89.02897806892084
285.0,582.0,278.0,582.0,285.0,582.0,49.0,169744.0,169793.0,7.0,412.0,412.0594617285229,0.01698783949927064,1.553807670112101,89.0266216724791
285.0,576.0,278.0,576.0,285.0,576.0,49.0,174724.0,174773.0,7.0,418.0,418.05860833141566,0.016744063775983187,1.5540514805156527,89.04059097960399
285.0,577.0,279.0,577.0,285.0,577.0,36.0,174724.0,174760.0,6.0,418.0,418.04305998305966,0.014352588463597837,1.556443245521076,89.17762902000182
285.0,578.0,279.0,578.0,285.0,578.0,36.0,173889.0,173925.0,6.0,417.0,417.0431632337353,0.01438700002531213,1.5564088304059709,89.17565717915484
285.0,579.0,273.0,579.0,285.0,579.0,144.0,173056.0,173200.0,12.0,416.0,416.17304093369626,0.028834159879932764,1.5419581699237777,88.34769532234868
285.0,578.0,273.0,578.0,285.0,578.0,144.0,173056.0,173200.0,12.0,416.0,416.17304093369626,0.028834159879932764,1.5419581699237777,88.34769532234868
279.0,579.0,272.0,579.0,279.0,579.0,49.0,168100.0,168149.0,7.0,410.0,410.0597517435721,0.01707068291934537,1.5537248146772702,89.02187440575356
279.0,580.0,279.0,580.0,279.0,580.0,0.0,172225.0,172225.0,0.0,415.0,415.0,nan,nan,nan
278.0,581.0,278.0,581.0,278.0,581.0,0.0,171396.0,171396.0,0.0,414.0,414.0,nan,nan,nan
278.0,580.0,278.0,580.0,278.0,580.0,0.0,167281.0,167281.0,0.0,409.0,409.0,nan,nan,nan
278.0,580.0,278.0,580.0,278.0,580.0,0.0,167281.0,167281.0,0.0,409.0,409.0,nan,nan,nan
285.0,580.0,278.0,580.0,285.0,580.0,49.0,167281.0,167330.0,7.0,409.0,409.05989781448875,0.01711240832308266,1.5536830831777624,89.01948336695902
278.0,580.0,278.0,580.0,278.0,580.0,0.0,173056.0,173056.0,0.0,416.0,416.0,nan,nan,nan
278.0,575.0,278.0,575.0,278.0,575.0,0.0,172225.0,172225.0,0.0,415.0,415.0,nan,nan,nan
278.0,581.0,278.0,581.0,278.0,581.0,0.0,172225.0,172225.0,0.0,415.0,415.0,nan,nan,nan
278.0,581.0,278.0,581.0,278.0,581.0,0.0,172225.0,172225.0,0.0,415.0,415.0,nan,nan,nan
278.0,580.0,278.0,580.0,278.0,580.0,0.0,168100.0,168100.0,0.0,410.0,410.0,nan,nan,nan
278.0,578.0,278.0,578.0,278.0,578.0,0.0,169744.0,169744.0,0.0,412.0,412.0,nan,nan,nan
279.0,578.0,279.0,578.0,279.0,578.0,0.0,168921.0,168921.0,0.0,411.0,411.0,nan,nan,nan
279.0,578.0,279.0,578.0,279.0,578.0,0.0,168921.0,168921.0,0.0,411.0,411.0,nan,nan,nan
279.0,579.0,279.0,579.0,279.0,579.0,0.0,168921.0,168921.0,0.0,411.0,411.0,nan,nan,nan
279.0,579.0,279.0,579.0,279.0,579.0,0.0,168921.0,168921.0,0.0,411.0,411.0,nan,nan,nan
279.0,581.0,279.0,581.0,279.0,581.0,0.0,167281.0,167281.0,0.0,409.0,409.0,nan,nan,nan
279.0,581.0,279.0,581.0,279.0,581.0,0.0,167281.0,167281.0,0.0,409.0,409.0,nan,nan,nan
279.0,580.0,279.0,580.0,279.0,580.0,0.0,168100.0,168100.0,0.0,410.0,410.0,nan,nan,nan
278.0,580.0,285.0,580.0,278.0,580.0,49.0,173056.0,173105.0,7.0,416.0,416.0588900624526,0.016824541350262373,1.553970991603174,90.96402069537864
278.0,579.0,285.0,579.0,278.0,579.0,49.0,174724.0,174773.0,7.0,418.0,418.05860833141566,0.016744063775983187,1.5540514805156527,90.95940902039601
278.0,578.0,285.0,578.0,278.0,578.0,49.0,170569.0,170618.0,7.0,413.0,413.05931777409404,0.016946718543287685,1.5538487969884918,90.97102193107916
278.0,577.0,284.0,577.0,278.0,577.0,36.0,172225.0,172261.0,6.0,415.0,415.04337122763445,0.014456320509957606,1.556339502711401,90.82831500514737
278.0,579.0,285.0,579.0,278.0,579.0,49.0,170569.0,170618.0,7.0,413.0,413.05931777409404,0.016946718543287685,1.5538487969884918,90.97102193107916
279.0,580.0,285.0,580.0,279.0,580.0,36.0,169744.0,169780.0,6.0,412.0,412.0436870041816,0.014561562740164272,1.556234249402158,90.83434557554679
279.0,580.0,286.0,580.0,279.0,580.0,49.0,168921.0,168970.0,7.0,411.0,411.0596063833079,0.017029160470398028,1.553766343162821,90.9757461872948
280.0,579.0,286.0,579.0,280.0,579.0,36.0,169744.0,169780.0,6.0,412.0,412.0436870041816,0.014561562740164272,1.556234249402158,90.83434557554679
280.0,581.0,286.0,581.0,280.0,581.0,36.0,166464.0,166500.0,6.0,408.0,408.0441152620633,0.014704292441876154,1.5560915044170451,90.84252426074042
280.0,581.0,292.0,581.0,280.0,581.0,144.0,171396.0,171540.0,12.0,414.0,414.1738765301356,0.028973338686962967,1.5418189329433354,91.66028236898279
280.0,581.0,293.0,581.0,280.0,581.0,169.0,165649.0,165818.0,13.0,407.0,407.20756378043865,0.03192475080597825,1.5388661506040024,91.82946433484734
280.0,580.0,292.0,580.0,280.0,580.0,144.0,167281.0,167425.0,12.0,409.0,409.1760012512953,0.029327233179128224,1.5414648879944177,91.6805676503137
280.0,580.0,292.0,580.0,280.0,580.0,144.0,166464.0,166608.0,12.0,408.0,408.17643244067875,0.02939905160189274,1.5413930385908916,91.68468431789628
280.0,580.0,292.0,580.0,280.0,580.0,144.0,167281.0,167425.0,12.0,409.0,409.1760012512953,0.029327233179128224,1.5414648879944177,91.6805676503137
280.0,580.0,292.0,580.0,280.0,580.0,144.0,167281.0,167425.0,12.0,409.0,409.1760012512953,0.029327233179128224,1.5414648879944177,91.6805676503137
280.0,579.0,293.0,579.0,280.0,579.0,169.0,167281.0,167450.0,13.0,409.0,409.20654931220247,0.03176879749811067,1.5390221830574866,91.82052433379563
280.0,579.0,299.0,579.0,280.0,579.0,361.0,160801.0,161162.0,19.0,401.0,401.44987233775527,0.04732844947579051,1.5234501903381223,92.71273379522364
274.0,580.0,299.0,580.0,274.0,580.0,625.0,160801.0,161426.0,25.0,401.0,401.77854596780054,0.062223332357829675,1.5085327721928168,93.56743889618153
274.0,582.0,299.0,582.0,274.0,582.0,625.0,159201.0,159826.0,25.0,399.0,399.78244083501215,0.06253401211864969,1.5082214862182115,93.58527426874802
276.0,581.0,301.0,581.0,276.0,581.0,625.0,158404.0,159029.0,25.0,398.0,398.78440290462714,0.06269051602296234,1.5080646746380206,93.59425891047174
276.0,576.0,302.0,576.0,276.0,576.0,676.0,162409.0,163085.0,26.0,403.0,403.83783874223576,0.06438227799796503,1.5063694873693432,93.69138598645127
274.0,574.0,300.0,574.0,274.0,574.0,676.0,167281.0,167957.0,26.0,409.0,409.82557265256156,0.06344162427863441,1.5073120681914438,93.63738008349493
275.0,580.0,300.0,580.0,275.0,580.0,625.0,162409.0,163034.0,25.0,403.0,403.77468964758054,0.06191571844639471,1.5088409803838614,93.54977986762331
275.0,581.0,300.0,581.0,275.0,581.0,625.0,161604.0,162229.0,25.0,402.0,402.7766130251358,0.06206914500877399,1.5086872581549933,93.5585875025548
276.0,574.0,302.0,574.0,276.0,574.0,676.0,166464.0,167140.0,26.0,408.0,408.8275920238261,0.06359649032319897,1.5071568887814164,93.64627120875683
276.0,574.0,302.0,574.0,276.0,574.0,676.0,167281.0,167957.0,26.0,409.0,409.82557265256156,0.06344162427863441,1.5073120681914438,93.63738008349493
276.0,577.0,302.0,577.0,276.0,577.0,676.0,164836.0,165512.0,26.0,406.0,406.831660518205,0.06390849710880982,1.5068442459980191,93.66418432074072
276.0,580.0,309.0,580.0,276.0,580.0,1089.0,163216.0,164305.0,33.0,404.0,405.34553161469535,0.08141202363461214,1.4892941018387265,94.66973351091436
277.0,580.0,310.0,580.0,277.0,580.0,1089.0,162409.0,163498.0,33.0,403.0,404.3488592787174,0.08161269468860581,1.4890927607880065,94.68126950336334
277.0,580.0,310.0,580.0,277.0,580.0,1089.0,163216.0,164305.0,33.0,404.0,405.34553161469535,0.08141202363461214,1.4892941018387265,94.66973351091436
277.0,583.0,311.0,583.0,277.0,583.0,1156.0,161604.0,162760.0,34.0,402.0,403.43524883182926,0.08427622548711106,1.4864200193714252,94.83440630626326
277.0,579.0,317.0,579.0,277.0,579.0,1600.0,160000.0,161600.0,40.0,400.0,401.9950248448356,0.09950371902099892,1.4711276743037347,95.71059313749963
278.0,584.0,319.0,584.0,278.0,584.0,1681.0,154449.0,156130.0,41.0,393.0,395.1328890386119,0.1037625597296041,1.4668466629346733,95.95587702099438
278.0,582.0,325.0,582.0,278.0,582.0,2209.0,158404.0,160613.0,47.0,398.0,400.7655174787372,0.11727555877482301,1.4532502644716543,96.73489326950352
279.0,580.0,327.0,580.0,279.0,580.0,2304.0,157609.0,159913.0,48.0,397.0,399.89123521277634,0.12003263831091446,1.4504735684592287,96.89398623200631
280.0,586.0,335.0,586.0,280.0,586.0,3025.0,149769.0,152794.0,55.0,387.0,390.88873097084803,0.14070500283647683,1.429622861065894,98.0886437655066
279.0,584.0,347.0,584.0,279.0,584.0,4624.0,151321.0,155945.0,68.0,389.0,394.89872119316874,0.172196050153166,1.397737739412437,99.9155266655109
273.0,584.0,348.0,584.0,273.0,584.0,5625.0,152100.0,157725.0,75.0,390.0,397.1460688462118,0.18884739365012448,1.380808038876181,100.88552705465872
269.0,591.0,357.0,591.0,269.0,591.0,7744.0,148996.0,156740.0,88.0,386.0,395.9040287746514,0.22227609118393088,1.3466479837042495,102.84275404394444
269.0,591.0,363.0,591.0,269.0,591.0,8836.0,150544.0,159380.0,94.0,388.0,399.2242477605788,0.23545664003949304,1.3331079354827313,103.61854166144106
274.0,595.0,367.0,595.0,274.0,595.0,8649.0,142884.0,151533.0,93.0,378.0,389.27239819951274,0.2389072547402525,1.3295559640108332,103.82205463573169
274.0,594.0,373.0,594.0,274.0,594.0,9801.0,145161.0,154962.0,99.0,381.0,393.6521306940939,0.2514910812890599,1.316575782623213,104.56576424655658
272.0,598.0,375.0,598.0,272.0,598.0,10609.0,145924.0,156533.0,103.0,382.0,395.6425154100605,0.2603360255488379,1.3074261140464827,105.0900016399467
275.0,599.0,378.0,599.0,275.0,599.0,10609.0,147456.0,158065.0,103.0,384.0,397.57389250301634,0.2590713372840963,1.3087357377661264,105.0149657280609
275.0,605.0,378.0,605.0,275.0,605.0,10609.0,143641.0,154250.0,103.0,379.0,392.7467377331096,0.26225552017186576,1.3054375333242136,105.2039389225538
276.0,610.0,384.0,610.0,276.0,610.0,11664.0,142129.0,153793.0,108.0,377.0,392.16450629805854,0.2753946322666852,1.2917961425103308,105.98553304287782
277.0,614.0,385.0,614.0,277.0,614.0,11664.0,141376.0,153040.0,108.0,376.0,391.2032719699568,0.2760713105904034,1.2910921743312656,106.02586744844976
270.0,617.0,397.0,617.0,270.0,617.0,16129.0,130321.0,146450.0,127.0,361.0,382.6878623630491,0.3318631513834567,1.2325183517955336,109.38190026969548
272.0,624.0,403.0,624.0,272.0,624.0,17161.0,126025.0,143186.0,131.0,355.0,378.3992600415598,0.3461951801533973,1.2172838821112113,110.25477108572714
266.0,627.0,403.0,627.0,266.0,627.0,18769.0,125316.0,144085.0,137.0,354.0,379.5853000314949,0.36092019366564737,1.2015419209835239,111.15671901960263
268.0,636.0,408.0,636.0,268.0,636.0,19600.0,121801.0,141401.0,140.0,349.0,376.03324321128844,0.372307508784099,1.1893022956826833,111.85799789216235
269.0,641.0,414.0,641.0,269.0,641.0,21025.0,123201.0,144226.0,145.0,351.0,379.7709836203919,0.38180905401908694,1.1790434801039373,112.44578472762754
270.0,650.0,418.0,650.0,270.0,650.0,21904.0,114921.0,136825.0,148.0,339.0,369.8986347636336,0.4001096140691962,1.159159878851001,113.58503116094184
271.0,655.0,422.0,655.0,271.0,655.0,22801.0,113569.0,136370.0,151.0,337.0,369.2830892418444,0.4089003921355027,1.1495475357200302,114.13577785357802
273.0,665.0,425.0,665.0,273.0,665.0,23104.0,103041.0,126145.0,152.0,321.0,355.1689738701848,0.42796530998666676,1.1285560264100924,115.33850274264704
269.0,672.0,430.0,672.0,269.0,672.0,25921.0,99856.0,125777.0,161.0,316.0,354.6505322144604,0.4539680202781758,1.0995826578835761,116.9985544774936
275.0,684.0,437.0,684.0,275.0,684.0,26244.0,94864.0,121108.0,162.0,308.0,348.0057470789814,0.46550955367766783,1.0865860637043718,117.74320447200628
269.0,692.0,443.0,692.0,269.0,692.0,30276.0,85849.0,116125.0,174.0,293.0,340.77118422777477,0.510606553762177,1.0349062369184947,120.7042404328042
268.0,706.0,446.0,706.0,268.0,706.0,31684.0,81796.0,113480.0,178.0,286.0,336.8679266418814,0.5283969945563526,1.0140849890696726,121.89721005873754
275.0,716.0,445.0,716.0,275.0,716.0,28900.0,81225.0,110125.0,170.0,285.0,331.85087012090236,0.5122783012082034,1.032960800101468,120.81570575172918
270.0,727.0,447.0,727.0,270.0,727.0,31329.0,74529.0,105858.0,177.0,273.0,325.35826407208407,0.5440156883821617,0.9955807500596179,122.95742485711502
272.0,739.0,451.0,739.0,272.0,739.0,32041.0,69696.0,101737.0,179.0,264.0,318.96238022688505,0.5611947085191467,0.9749677960613805,124.13846012451134
274.0,747.0,451.0,747.0,274.0,747.0,31329.0,70225.0,101554.0,177.0,265.0,318.67538342332,0.5554241375615696,0.9819234014479267,123.73993329190378
273.0,755.0,458.0,755.0,273.0,755.0,34225.0,70756.0,104981.0,185.0,266.0,324.00771595750615,0.5709740567544475,0.96310448710261,124.81817765890862
271.0,768.0,458.0,768.0,271.0,768.0,34969.0,66049.0,101018.0,187.0,257.0,317.83328963467625,0.5883587594456875,0.9417687195415817,126.04062709282766
278.0,774.0,463.0,774.0,278.0,774.0,34225.0,67081.0,101306.0,185.0,259.0,318.2860348805772,0.5812381937190965,0.9505468408120751,125.53767779197437
274.0,785.0,472.0,785.0,274.0,785.0,39204.0,64009.0,103213.0,198.0,253.0,321.26780106322514,0.6163082616581106,0.9067501639682121,128.0470425318261
281.0,796.0,474.0,796.0,281.0,796.0,37249.0,61009.0,98258.0,193.0,247.0,313.4613213779333,0.6157059478713299,0.9075147733222119,128.00323364286567
281.0,799.0,476.0,799.0,281.0,799.0,38025.0,64009.0,102034.0,195.0,253.0,319.4276130831522,0.6104669477940166,0.9141463202361376,127.62327399305471
283.0,812.0,480.0,812.0,283.0,812.0,38809.0,62001.0,100810.0,197.0,249.0,317.5059054568907,0.620460900456378,0.9014660548403209,128.3497996833408
285.0,819.0,484.0,819.0,285.0,819.0,39601.0,63001.0,102602.0,199.0,251.0,320.31546949843056,0.6212625331883168,0.900443459770912,128.4083900649688
289.0,833.0,486.0,833.0,289.0,833.0,38809.0,59049.0,97858.0,197.0,243.0,312.8226334522488,0.629749829243322,0.8895652110969073,129.03166780248307
290.0,838.0,489.0,838.0,290.0,838.0,39601.0,62500.0,102101.0,199.0,250.0,319.53247096343745,0.6227849063351393,0.8984991724728577,128.5197895213082
291.0,848.0,487.0,848.0,291.0,848.0,38416.0,58564.0,96980.0,196.0,242.0,311.4161203277698,0.6293829612728695,0.8900374030591852,129.00461319592455
291.0,856.0,486.0,856.0,291.0,856.0,38025.0,60025.0,98050.0,195.0,245.0,313.12936623702353,0.622745807406625,0.8985491449879329,128.51692630710275
294.0,868.0,495.0,868.0,294.0,868.0,40401.0,56169.0,96570.0,201.0,237.0,310.75713990188547,0.6468073430700939,0.8674056089236339,130.30131948270056
298.0,875.0,496.0,875.0,298.0,875.0,39204.0,56644.0,95848.0,198.0,238.0,309.5932815808508,0.6395487621338836,0.8768851802689561,129.75818005302045
301.0,883.0,500.0,883.0,301.0,883.0,39601.0,54756.0,94357.0,199.0,234.0,307.17584540455,0.6478373966478952,0.8660542159249992,130.37874859798586
300.0,888.0,502.0,888.0,300.0,888.0,40804.0,55696.0,96500.0,202.0,236.0,310.64449134018133,0.650261007779447,0.8628683785760587,130.5612836322953
307.0,896.0,505.0,896.0,307.0,896.0,39204.0,53824.0,93028.0,198.0,232.0,305.00491799313664,0.6491698602855167,0.8643037640891914,130.47904210041855
308.0,903.0,506.0,903.0,308.0,903.0,39204.0,53361.0,92565.0,198.0,231.0,304.2449670906653,0.6507913734559685,0.8621700546672264,130.60129464500446
313.0,909.0,506.0,909.0,313.0,909.0,37249.0,59536.0,96785.0,193.0,244.0,311.1028768751585,0.620373562400223,0.9015774167965914,128.34341911324816
313.0,917.0,513.0,917.0,313.0,917.0,40000.0,58564.0,98564.0,200.0,242.0,313.94904045083496,0.6370460623571181,0.88013633141332,129.57190281388927
318.0,920.0,514.0,920.0,318.0,920.0,38416.0,58564.0,96980.0,196.0,242.0,311.4161203277698,0.6293829612728695,0.8900374030591852,129.00461319592455
322.0,928.0,518.0,928.0,322.0,928.0,38416.0,58564.0,96980.0,196.0,242.0,311.4161203277698,0.6293829612728695,0.8900374030591852,129.00461319592455
326.0,931.0,521.0,931.0,326.0,931.0,38025.0,58564.0,96589.0,195.0,242.0,310.787708894673,0.6274379404948931,0.8925378111397412,128.8613503658483
330.0,936.0,521.0,936.0,330.0,936.0,36481.0,60516.0,96997.0,191.0,246.0,311.4434138009664,0.6132735242944068,0.9105979901847783,127.82657832931704
336.0,937.0,527.0,937.0,336.0,937.0,36481.0,62001.0,98482.0,191.0,249.0,313.8184188348415,0.6086322170290481,0.9164607152578822,127.49066892618266
341.0,940.0,531.0,940.0,341.0,940.0,36100.0,61504.0,97604.0,190.0,248.0,312.4163888146715,0.6081627174581736,0.917052298387907,127.4567737096011
348.0,943.0,538.0,943.0,348.0,943.0,36100.0,63504.0,99604.0,190.0,252.0,315.6010139400696,0.602025949245143,0.924760369184934,127.01513378474341
356.0,945.0,541.0,945.0,356.0,945.0,34225.0,65536.0,99761.0,185.0,256.0,315.8496477756466,0.5857217233036418,0.9450261019063336,125.85399283106705
360.0,948.0,541.0,948.0,360.0,948.0,32761.0,67081.0,99842.0,181.0,259.0,315.97784732477686,0.5728249671058734,0.9608481688342639,124.94745517292311
366.0,950.0,547.0,950.0,366.0,950.0,32761.0,67600.0,100361.0,181.0,260.0,316.79804292324786,0.5713419133837633,0.9626563406081824,124.8438545616429
374.0,949.0,556.0,949.0,374.0,949.0,33124.0,72361.0,105485.0,182.0,269.0,324.7845439672276,0.5603714935965818,0.9759620618109344,124.08149289334747
384.0,951.0,558.0,951.0,384.0,951.0,30276.0,72361.0,102637.0,174.0,269.0,320.3700984798675,0.5431218482174747,0.9966456510817454,122.89641052294795
395.0,951.0,559.0,951.0,395.0,951.0,26896.0,74529.0,101425.0,164.0,273.0,318.47291878588356,0.5149574432426415,1.0298383236145987,120.99461047605564
401.0,952.0,562.0,952.0,401.0,952.0,25921.0,75076.0,100997.0,161.0,274.0,317.8002517305485,0.5066075282297328,1.0395508810694223,120.43812192561592
407.0,953.0,563.0,953.0,407.0,953.0,24336.0,74529.0,98865.0,156.0,273.0,314.42805218364344,0.4961389383568338,1.0516502125483738,119.74488129694222
419.0,950.0,569.0,950.0,419.0,950.0,22500.0,78400.0,100900.0,150.0,280.0,317.6476034853718,0.472221412515419,1.0789871508061981,118.17859010995917
434.0,952.0,565.0,952.0,434.0,952.0,17161.0,80089.0,97250.0,131.0,283.0,311.8493225902535,0.42007466590563713,1.1372687308637757,114.83930154930614
439.0,950.0,570.0,950.0,439.0,950.0,17161.0,82369.0,99530.0,131.0,287.0,315.48375552474965,0.4152353257685341,1.1425948580528054,114.53413694022487
453.0,951.0,567.0,951.0,453.0,951.0,12996.0,83521.0,96517.0,114.0,289.0,310.67185260335384,0.36694666428486516,1.195071742285719,111.5274329516823
462.0,949.0,569.0,949.0,462.0,949.0,11449.0,87025.0,98474.0,107.0,295.0,313.8056723515367,0.34097535330761847,1.222842094061217,109.93630899935263
472.0,949.0,571.0,949.0,472.0,949.0,9801.0,88804.0,98605.0,99.0,298.0,314.0143308831621,0.31527223525615383,1.25005282140324,108.37724916517348
481.0,946.0,572.0,946.0,481.0,946.0,8281.0,91809.0,100090.0,91.0,303.0,316.3700365078842,0.28763785914894063,1.2790367772551323,106.71659082126655
491.0,943.0,573.0,943.0,491.0,943.0,6724.0,92416.0,99140.0,82.0,304.0,314.8650504581288,0.26042903104263226,1.3073297857599793,105.09552084421108
500.0,942.0,574.0,942.0,500.0,942.0,5476.0,91809.0,97285.0,74.0,303.0,311.9054343867705,0.23725139687126504,1.3312608447468424,103.7243721649852
511.0,937.0,577.0,937.0,511.0,937.0,4356.0,96100.0,100456.0,66.0,310.0,316.9479452528443,0.20823608730874935,1.3610251611578146,102.01900245454452
520.0,937.0,579.0,937.0,520.0,937.0,3481.0,95481.0,98962.0,59.0,309.0,314.58226269133485,0.18755030717637838,1.3821287248654421,100.80985732141201
529.0,936.0,583.0,936.0,529.0,936.0,2916.0,95481.0,98397.0,54.0,309.0,313.68296096536704,0.17214833675955385,1.3977861761177344,99.91275144672383
535.0,933.0,585.0,933.0,535.0,933.0,2500.0,99225.0,101725.0,50.0,315.0,318.9435686763412,0.15676754420070843,1.4133794540683058,99.01932243138168
541.0,933.0,582.0,933.0,541.0,933.0,1681.0,101761.0,103442.0,41.0,319.0,321.62400407929755,0.12747804728496354,1.4429704630390447,97.32388250582459
546.0,934.0,583.0,934.0,546.0,934.0,1369.0,101124.0,102493.0,37.0,318.0,320.1452795216572,0.11557253024402948,1.4549649537960525,96.63664880803937
555.0,933.0,583.0,933.0,555.0,933.0,784.0,101761.0,102545.0,28.0,319.0,320.2264823527249,0.08743811503121844,1.4832464097768743,95.01624074185325
560.0,931.0,584.0,931.0,560.0,931.0,576.0,103041.0,103617.0,24.0,321.0,321.895945920417,0.07455825493973003,1.4961688210873838,94.27584111262894
562.0,929.0,581.0,929.0,562.0,929.0,361.0,107584.0,107945.0,19.0,328.0,328.54984401152893,0.057829885925416186,1.5129341588904284,93.31525801440335
567.0,931.0,582.0,931.0,567.0,931.0,225.0,106276.0,106501.0,15.0,326.0,326.3449095665505,0.04596364018646075,1.5248164869744067,92.63445076440162
569.0,933.0,583.0,933.0,569.0,933.0,196.0,104976.0,105172.0,14.0,324.0,324.3023280829171,0.04316959450386833,1.527613312457767,92.47420446817044
573.0,932.0,588.0,932.0,573.0,932.0,225.0,102400.0,102625.0,15.0,320.0,320.3513695928269,0.046823586298586156,1.523955613878927,92.68377515946898
579.0,932.0,588.0,932.0,579.0,932.0,81.0,102400.0,102481.0,9.0,320.0,320.1265374816652,0.028113882937666368,1.5426787390487737,91.6110191079416
584.0,929.0,589.0,929.0,584.0,929.0,25.0,107584.0,107609.0,5.0,328.0,328.03810754240124,0.015242131584830324,1.55555360496648,90.8733436290602
585.0,934.0,589.0,934.0,585.0,934.0,16.0,101124.0,101140.0,4.0,318.0,318.0251562376788,0.012577621365935486,1.558218373782614,90.72066362251765
590.0,933.0,590.0,933.0,590.0,933.0,0.0,101761.0,101761.0,0.0,319.0,319.0,nan,nan,nan
590.0,933.0,590.0,933.0,590.0,933.0,0.0,104976.0,104976.0,0.0,324.0,324.0,nan,nan,nan
596.0,931.0,586.0,931.0,596.0,931.0,100.0,106276.0,106376.0,10.0,326.0,326.15333817086713,0.03066042511194885,1.540131095867948,88.2430116900918
596.0,930.0,587.0,930.0,596.0,930.0,81.0,106929.0,107010.0,9.0,327.0,327.1238297648155,0.027512517221599284,1.5432803375094422,88.42344994481627
601.0,930.0,587.0,930.0,601.0,930.0,196.0,106929.0,107125.0,14.0,327.0,327.29955698106284,0.04277427115738511,1.528009001312606,87.54846683321219
602.0,934.0,582.0,934.0,602.0,934.0,400.0,104329.0,104729.0,20.0,323.0,323.6186026791414,0.061801144416377775,1.508955774251834,86.45679733652551
602.0,934.0,582.0,934.0,602.0,934.0,400.0,104329.0,104729.0,20.0,323.0,323.6186026791414,0.061801144416377775,1.508955774251834,86.45679733652551
602.0,934.0,587.0,934.0,602.0,934.0,225.0,104329.0,104554.0,15.0,323.0,323.34810962799827,0.04638963257665871,1.5243900396854542,87.3411156057566
607.0,934.0,587.0,934.0,607.0,934.0,400.0,104329.0,104729.0,20.0,323.0,323.6186026791414,0.061801144416377775,1.508955774251834,86.45679733652551
607.0,934.0,587.0,934.0,607.0,934.0,400.0,104329.0,104729.0,20.0,323.0,323.6186026791414,0.061801144416377775,1.508955774251834,86.45679733652551
607.0,934.0,588.0,934.0,607.0,934.0,361.0,104329.0,104690.0,19.0,323.0,323.5583409526016,0.05872202195147035,1.512040504079174,86.63353933657021
607.0,933.0,588.0,933.0,607.0,933.0,361.0,104976.0,105337.0,19.0,324.0,324.5566206380637,0.0585414032308041,1.5122214340572973,86.64390586070407
607.0,933.0,588.0,933.0,607.0,933.0,361.0,104976.0,105337.0,19.0,324.0,324.5566206380637,0.0585414032308041,1.5122214340572973,86.64390586070407
612.0,933.0,588.0,933.0,612.0,933.0,576.0,104976.0,105552.0,24.0,324.0,324.8876728963412,0.07387168551531179,1.4968572891369563,85.76360520094116
612.0,934.0,583.0,934.0,612.0,934.0,841.0,104329.0,105170.0,29.0,323.0,324.29924452579286,0.0894235817366929,1.4812531337140078,84.86955295234004
612.0,934.0,583.0,934.0,612.0,934.0,841.0,104329.0,105170.0,29.0,323.0,324.29924452579286,0.0894235817366929,1.4812531337140078,84.86955295234004
612.0,934.0,583.0,934.0,612.0,934.0,841.0,104329.0,105170.0,29.0,323.0,324.29924452579286,0.0894235817366929,1.4812531337140078,84.86955295234004
612.0,934.0,582.0,934.0,612.0,934.0,900.0,104329.0,105229.0,30.0,323.0,324.39019713918606,0.09248121633937016,1.4781827719709053,84.69363418288184
612.0,934.0,583.0,934.0,612.0,934.0,841.0,104329.0,105170.0,29.0,323.0,324.29924452579286,0.0894235817366929,1.4812531337140078,84.86955295234004
612.0,934.0,583.0,934.0,612.0,934.0,841.0,104329.0,105170.0,29.0,323.0,324.29924452579286,0.0894235817366929,1.4812531337140078,84.86955295234004
612.0,934.0,583.0,934.0,612.0,934.0,841.0,104329.0,105170.0,29.0,323.0,324.29924452579286,0.0894235817366929,1.4812531337140078,84.86955295234004
612.0,933.0,583.0,933.0,612.0,933.0,841.0,104976.0,105817.0,29.0,324.0,325.2952505032928,0.08914977994646882,1.481528033463465,84.88530354777315
595.0,934.0,576.0,934.0,595.0,934.0,361.0,103684.0,104045.0,19.0,322.0,322.56007192459515,0.05890375670687979,1.5118584541995175,86.62310864680502
595.0,929.0,576.0,929.0,595.0,929.0,361.0,106276.0,106637.0,19.0,326.0,326.553211590393,0.05818347309299275,1.5125799753449483,86.66444876326766
595.0,933.0,576.0,933.0,595.0,933.0,361.0,104329.0,104690.0,19.0,323.0,323.5583409526016,0.05872202195147035,1.512040504079174,86.63353933657021
596.0,933.0,576.0,933.0,596.0,933.0,400.0,104329.0,104729.0,20.0,323.0,323.6186026791414,0.061801144416377775,1.508955774251834,86.45679733652551
595.0,933.0,576.0,933.0,595.0,933.0,361.0,103684.0,104045.0,19.0,322.0,322.56007192459515,0.05890375670687979,1.5118584541995175,86.62310864680502
595.0,933.0,576.0,933.0,595.0,933.0,361.0,103684.0,104045.0,19.0,322.0,322.56007192459515,0.05890375670687979,1.5118584541995175,86.62310864680502
595.0,929.0,576.0,929.0,595.0,929.0,361.0,106276.0,106637.0,19.0,326.0,326.553211590393,0.05818347309299275,1.5125799753449483,86.66444876326766
595.0,928.0,576.0,928.0,595.0,928.0,361.0,106929.0,107290.0,19.0,327.0,327.55152266475574,0.058006141584773595,1.5127576068605206,86.67462629941846
595.0,929.0,575.0,929.0,595.0,929.0,400.0,106276.0,106676.0,20.0,326.0,326.6129207487052,0.061234564615978336,1.5095234292079862,86.48932156973271
595.0,928.0,575.0,928.0,595.0,928.0,400.0,106929.0,107329.0,20.0,327.0,327.61104987469514,0.06104800191461677,1.5097103415999702,86.50003086093209
595.0,933.0,575.0,933.0,595.0,933.0,400.0,103684.0,104084.0,20.0,322.0,322.6205201161265,0.06199233698092436,1.5087642143821391,86.44582176446791
595.0,933.0,575.0,933.0,595.0,933.0,400.0,103684.0,104084.0,20.0,322.0,322.6205201161265,0.06199233698092436,1.5087642143821391,86.44582176446791
595.0,933.0,575.0,933.0,595.0,933.0,400.0,103684.0,104084.0,20.0,322.0,322.6205201161265,0.06199233698092436,1.5087642143821391,86.44582176446791
595.0,933.0,575.0,933.0,595.0,933.0,400.0,103684.0,104084.0,20.0,322.0,322.6205201161265,0.06199233698092436,1.5087642143821391,86.44582176446791
595.0,933.0,575.0,933.0,595.0,933.0,400.0,103684.0,104084.0,20.0,322.0,322.6205201161265,0.06199233698092436,1.5087642143821391,86.44582176446791
594.0,934.0,575.0,934.0,594.0,934.0,361.0,103041.0,103402.0,19.0,321.0,321.5618136533006,0.05908661785470987,1.5116752740004538,86.6126131945083
594.0,928.0,575.0,928.0,594.0,928.0,361.0,106929.0,107290.0,19.0,327.0,327.55152266475574,0.058006141584773595,1.5127576068605206,86.67462629941846
590.0,933.0,575.0,933.0,590.0,933.0,225.0,103684.0,103909.0,15.0,322.0,322.3491895445062,0.046533388283667376,1.5242461285659556,87.33287010598433
590.0,933.0,575.0,933.0,590.0,933.0,225.0,104329.0,104554.0,15.0,323.0,323.34810962799827,0.04638963257665871,1.5243900396854542,87.3411156057566
590.0,933.0,575.0,933.0,590.0,933.0,225.0,104329.0,104554.0,15.0,323.0,323.34810962799827,0.04638963257665871,1.5243900396854542,87.3411156057566
590.0,933.0,575.0,933.0,590.0,933.0,225.0,104329.0,104554.0,15.0,323.0,323.34810962799827,0.04638963257665871,1.5243900396854542,87.3411156057566
585.0,933.0,576.0,933.0,585.0,933.0,81.0,104329.0,104410.0,9.0,323.0,323.12536266904215,0.02785296680415074,1.5429397574011372,88.40393614202429
585.0,934.0,575.0,934.0,585.0,934.0,100.0,103684.0,103784.0,10.0,322.0,322.1552420805845,0.031040935219357944,1.5397504045508734,88.22119968432615
580.0,934.0,576.0,934.0,580.0,934.0,16.0,100489.0,100505.0,4.0,317.0,317.02523558858843,0.012617292098446383,1.5581786999019342,89.2770632315625
580.0,929.0,575.0,929.0,580.0,929.0,25.0,106929.0,106954.0,5.0,327.0,327.0382240656281,0.015288732729286804,1.5555069983912582,89.12398601088202
580.0,929.0,575.0,929.0,580.0,929.0,25.0,106929.0,106954.0,5.0,327.0,327.0382240656281,0.015288732729286804,1.5555069983912582,89.12398601088202
575.0,930.0,575.0,930.0,575.0,930.0,0.0,103041.0,103041.0,0.0,321.0,321.0,nan,nan,nan
570.0,930.0,575.0,930.0,570.0,930.0,25.0,103041.0,103066.0,5.0,321.0,321.0389384482823,0.015574434752890493,1.555221262342954,90.89238545874055
569.0,931.0,574.0,931.0,569.0,931.0,25.0,103041.0,103066.0,5.0,321.0,321.0389384482823,0.015574434752890493,1.555221262342954,90.89238545874055
564.0,931.0,573.0,931.0,564.0,931.0,81.0,102400.0,102481.0,9.0,320.0,320.1265374816652,0.028113882937666368,1.5426787390487737,91.6110191079416
558.0,932.0,573.0,932.0,558.0,932.0,225.0,101761.0,101986.0,15.0,319.0,319.35246985110354,0.046970045376488474,1.5238089934801926,92.69217588950698
553.0,932.0,577.0,932.0,553.0,932.0,576.0,101761.0,102337.0,24.0,319.0,319.9015473548073,0.07502308194021101,1.4957026885646985,94.3025485388726
543.0,933.0,572.0,933.0,543.0,933.0,841.0,101124.0,101965.0,29.0,318.0,319.3195891266303,0.09081810508186415,1.4798529125249131,95.21067381217988
538.0,935.0,572.0,935.0,538.0,935.0,1156.0,97344.0,98500.0,34.0,312.0,313.8470965295043,0.10833300793911824,1.4622502917877087,96.21922968879115
528.0,940.0,571.0,940.0,528.0,940.0,1849.0,94249.0,96098.0,43.0,307.0,309.99677417676463,0.13871112083082768,1.4316364916319972,97.97327123257035
517.0,942.0,570.0,942.0,517.0,942.0,2809.0,93025.0,95834.0,53.0,305.0,309.57067044537666,0.17120484936040403,1.3987438822724583,99.85787892604445
507.0,942.0,564.0,942.0,507.0,942.0,3249.0,93025.0,96274.0,57.0,305.0,310.28051824115545,0.18370473377802793,1.386042318523065,100.58562492210105
498.0,947.0,564.0,947.0,498.0,947.0,4356.0,90601.0,94957.0,66.0,301.0,308.1509370422229,0.21418075386529384,1.3549432833690966,102.36746838335242
483.0,948.0,564.0,948.0,483.0,948.0,6561.0,90000.0,96561.0,81.0,300.0,310.7426588030681,0.2606658522907646,1.3070844923326304,105.10957512234047
469.0,952.0,565.0,952.0,469.0,952.0,9216.0,87616.0,96832.0,96.0,296.0,311.17840542042757,0.3085046980374365,1.2571756745781983,107.96913974015702
458.0,951.0,562.0,951.0,458.0,951.0,10816.0,85849.0,96665.0,104.0,293.0,310.90995481007036,0.33450199451970536,1.2297195929136042,109.54225734150478
443.0,952.0,561.0,952.0,443.0,952.0,13924.0,85264.0,99188.0,118.0,292.0,314.94126436527813,0.374673037011562,1.1867522285922971,112.00410597391668
432.0,954.0,558.0,954.0,432.0,954.0,15876.0,84681.0,100557.0,126.0,291.0,317.1072373819305,0.39734192458131445,1.1621778496877477,113.41211416930268
417.0,956.0,556.0,956.0,417.0,956.0,19321.0,84100.0,103421.0,139.0,290.0,321.59135560521526,0.43222554828443854,1.1238370154049495,115.60888215671751
408.0,952.0,552.0,952.0,408.0,952.0,20736.0,85264.0,106000.0,144.0,292.0,325.5764119219941,0.4422924841204449,1.112643167997307,116.25024236968889
398.0,953.0,552.0,953.0,398.0,953.0,23716.0,80656.0,104372.0,154.0,284.0,323.066556610244,0.476681961809466,1.0739199558207653,118.46891899659433
389.0,950.0,548.0,950.0,389.0,950.0,25281.0,78961.0,104242.0,159.0,281.0,322.8652969893172,0.4924654383195011,1.055876080593219,119.50275689319338
380.0,942.0,543.0,942.0,380.0,942.0,26569.0,80656.0,107225.0,163.0,284.0,327.4522866006588,0.4977824454736059,1.0497562754189536,119.85339590112112
375.0,933.0,539.0,933.0,375.0,933.0,26896.0,82369.0,109265.0,164.0,287.0,330.55256768024054,0.4961389383568338,1.0516502125483738,119.74488129694222
366.0,926.0,534.0,926.0,366.0,926.0,28224.0,80089.0,108313.0,168.0,283.0,329.1094043019737,0.5104685487682142,1.035066734817269,120.6950445805837
363.0,915.0,524.0,915.0,363.0,915.0,25921.0,82369.0,108290.0,161.0,287.0,329.07445965920846,0.4892509742832446,1.059565614517107,119.29136217098426
362.0,899.0,516.0,899.0,362.0,899.0,23716.0,87025.0,110741.0,154.0,295.0,332.77770358003255,0.4627713886575433,1.0896773774272894,117.56608524253224
360.0,887.0,512.0,887.0,360.0,887.0,23104.0,80656.0,103760.0,152.0,284.0,322.11799080461185,0.47187677912780457,1.0793780812006695,118.15619144827258
357.0,870.0,506.0,870.0,357.0,870.0,22201.0,83521.0,105722.0,149.0,289.0,325.1491965236882,0.45825117082565153,1.0947697077863365,117.2743162050725
359.0,858.0,504.0,858.0,359.0,858.0,21025.0,84100.0,105125.0,145.0,290.0,324.2298567374695,0.4472135954999579,1.1071487177940904,116.56505117707799
353.0,840.0,495.0,840.0,353.0,840.0,20164.0,86436.0,106600.0,142.0,294.0,326.49655434629017,0.4349203632004991,1.1208464911669562,115.7802265740861
350.0,824.0,491.0,824.0,350.0,824.0,19881.0,91204.0,111085.0,141.0,302.0,333.29416436535456,0.42304971126178154,1.1339879090533058,115.02727879238054
348.0,806.0,485.0,806.0,348.0,806.0,18769.0,90601.0,109370.0,137.0,301.0,330.71135450721977,0.4142585312927595,1.143668333209312,114.47263134434489
348.0,788.0,480.0,788.0,348.0,788.0,17424.0,91204.0,108628.0,132.0,302.0,329.587621126765,0.40050047859422055,1.1587333486998568,113.60946953843747
347.0,776.0,476.0,776.0,347.0,776.0,16641.0,93636.0,110277.0,129.0,306.0,332.07980968435885,0.38846083452834496,1.1718356690618725,112.85876187986565
345.0,758.0,475.0,758.0,345.0,758.0,16900.0,91204.0,108104.0,130.0,302.0,328.79172738984784,0.39538707689521396,1.164307097779155,113.29011724012875
340.0,745.0,466.0,745.0,340.0,745.0,15876.0,94249.0,110125.0,126.0,307.0,331.85087012090236,0.3796886232484331,1.181336635486713,112.3143966024268
340.0,728.0,462.0,728.0,340.0,728.0,14884.0,97969.0,112853.0,122.0,313.0,335.93600581063055,0.3631644059874078,1.1991343846206195,111.29466069222133
344.0,716.0,459.0,716.0,344.0,716.0,13225.0,99856.0,113081.0,115.0,316.0,336.2751849304376,0.34198182070374616,1.2217712581758058,109.99766337613785
340.0,698.0,453.0,698.0,340.0,698.0,12769.0,107584.0,120353.0,113.0,328.0,346.91929897311854,0.32572416793899933,1.2390187611426833,109.0094542489964
335.0,685.0,446.0,685.0,335.0,685.0,12321.0,111556.0,123877.0,111.0,334.0,351.961645637703,0.31537527277690797,1.2499442447530755,108.38347014898157
331.0,672.0,435.0,672.0,331.0,672.0,10816.0,115600.0,126416.0,104.0,340.0,355.5502777386062,0.2925043418935502,1.2739516534184936,107.00794695540732
329.0,665.0,427.0,665.0,329.0,665.0,9604.0,116281.0,125885.0,98.0,341.0,354.80276210875246,0.2762098001084938,1.2909480821132429,106.03412332440314
329.0,655.0,421.0,655.0,329.0,655.0,8464.0,120409.0,128873.0,92.0,347.0,358.98885776580863,0.25627536345436513,1.3116294266149287,104.84916956980045
333.0,640.0,418.0,640.0,333.0,640.0,7225.0,124609.0,131834.0,85.0,353.0,363.0895206419486,0.23410204692693562,1.3345014801192427,103.53869743520586
325.0,634.0,409.0,634.0,325.0,634.0,7056.0,126736.0,133792.0,84.0,356.0,365.7758876689386,0.22964881729991962,1.339079485604446,103.27639704231598
325.0,622.0,408.0,622.0,325.0,622.0,6889.0,132496.0,139385.0,83.0,364.0,373.34300582708124,0.22231566871361869,1.3466073905022802,102.84507986309421
330.0,619.0,400.0,619.0,330.0,619.0,4900.0,131769.0,136669.0,70.0,363.0,369.68770604389863,0.18934900689309866,1.3802972093333643,100.91479543151273
324.0,609.0,387.0,609.0,324.0,609.0,3969.0,132496.0,136465.0,63.0,364.0,369.4116944548453,0.1705414337057506,1.399417200405389,99.8193006387579
324.0,604.0,389.0,604.0,324.0,604.0,4225.0,135424.0,139649.0,65.0,368.0,373.6964008389698,0.17393798777315297,1.3959691130614995,100.01686149095524
328.0,598.0,380.0,598.0,328.0,598.0,2704.0,137641.0,140345.0,52.0,371.0,374.626480644388,0.13880492353491877,1.4315417726462902,97.97869823069114
327.0,592.0,373.0,592.0,327.0,592.0,2116.0,145924.0,148040.0,46.0,382.0,384.7596652457219,0.11955515131925973,1.4509545188842476,96.8664298024977
324.0,590.0,370.0,590.0,324.0,590.0,2116.0,147456.0,149572.0,46.0,384.0,386.7453942841466,0.11894130009006192,1.4515727817553916,96.83100594935152
323.0,587.0,369.0,587.0,323.0,587.0,2116.0,149769.0,151885.0,46.0,387.0,389.72426149779284,0.1180321692655527,1.4524883622962395,96.77854704855663
322.0,582.0,362.0,582.0,322.0,582.0,1600.0,152100.0,153700.0,40.0,390.0,392.04591567825315,0.10202886549856947,1.468589608687643,95.85601358542895
321.0,580.0,367.0,580.0,321.0,580.0,2116.0,148225.0,150341.0,46.0,385.0,387.7383138148718,0.11863671543680102,1.4518795383943865,96.81343008859949
320.0,577.0,360.0,577.0,320.0,577.0,1600.0,150544.0,152144.0,40.0,388.0,390.05640617736304,0.10254927073755468,1.4680664593762272,95.88598783302827
319.0,577.0,359.0,577.0,319.0,577.0,1600.0,150544.0,152144.0,40.0,388.0,390.05640617736304,0.10254927073755468,1.4680664593762272,95.88598783302827
324.0,577.0,357.0,577.0,324.0,577.0,1089.0,145924.0,147013.0,33.0,382.0,383.4227431960707,0.08606688201363373,1.4846228321618682,94.93737754836577
324.0,577.0,357.0,577.0,324.0,577.0,1089.0,145924.0,147013.0,33.0,382.0,383.4227431960707,0.08606688201363373,1.4846228321618682,94.93737754836577
319.0,573.0,358.0,573.0,319.0,573.0,1521.0,150544.0,152065.0,39.0,388.0,389.95512562344913,0.100011507574488,1.4706173400790925,95.73983313471271
319.0,573.0,352.0,573.0,319.0,573.0,1089.0,150544.0,151633.0,33.0,388.0,389.4008217762258,0.08474558386772967,1.4859489758538318,94.86139511178837
319.0,578.0,352.0,578.0,319.0,578.0,1089.0,145924.0,147013.0,33.0,382.0,383.4227431960707,0.08606688201363373,1.4846228321618682,94.93737754836577
318.0,576.0,351.0,576.0,318.0,576.0,1089.0,147456.0,148545.0,33.0,384.0,385.4153603581466,0.08562191182348,1.4850694510241518,94.911788172506
318.0,572.0,351.0,572.0,318.0,572.0,1089.0,149769.0,150858.0,33.0,387.0,388.4044283990593,0.08496298596805578,1.4857307868262517,94.87389642220477
315.0,574.0,349.0,574.0,315.0,574.0,1156.0,148225.0,149381.0,34.0,385.0,386.49838292029114,0.08796932018991638,1.482713149750018,95.04679429077517
314.0,576.0,348.0,576.0,314.0,576.0,1156.0,145924.0,147080.0,34.0,382.0,383.5101041693687,0.08865476979710725,1.4820250114753573,95.08622170963463
319.0,574.0,346.0,574.0,319.0,574.0,729.0,152881.0,153610.0,27.0,391.0,391.9311163967464,0.06888965655043391,1.5018520643000108,93.95021526259904
318.0,577.0,345.0,577.0,318.0,577.0,729.0,149769.0,150498.0,27.0,387.0,387.9407171205415,0.06959826284903867,1.5011417530663285,93.99091309842977
317.0,573.0,338.0,573.0,317.0,573.0,441.0,152100.0,152541.0,21.0,390.0,390.56497538821884,0.053768262192804527,1.5170021232650468,93.08218082452815
316.0,580.0,337.0,580.0,316.0,580.0,441.0,145924.0,146365.0,21.0,382.0,382.57678967757573,0.05489094102571714,1.5158777837866055,93.14660073138278
310.0,579.0,344.0,579.0,310.0,579.0,1156.0,141376.0,142532.0,34.0,376.0,377.53410441971994,0.09005808906259982,1.4806160558643302,95.16694891966776
309.0,579.0,336.0,579.0,309.0,579.0,729.0,141376.0,142105.0,27.0,376.0,376.9681684174408,0.07162408463650752,1.4991108616496094,94.10727460525712
315.0,572.0,335.0,572.0,315.0,572.0,400.0,146689.0,147089.0,20.0,383.0,383.52183770940604,0.052148269103659155,1.5186243930215557,92.98923161424847
314.0,577.0,342.0,577.0,314.0,577.0,784.0,142129.0,142913.0,28.0,377.0,378.038357842164,0.074066558112842,1.4966618812254229,94.24759084767317
313.0,578.0,341.0,578.0,313.0,578.0,784.0,140625.0,141409.0,28.0,375.0,376.0438804182299,0.0744593954536871,1.4962679561337764,94.27016109286882
312.0,576.0,332.0,576.0,312.0,576.0,400.0,143641.0,144041.0,20.0,379.0,379.5273376187808,0.0526971261819594,1.51807478021046,93.02072210869058
312.0,573.0,339.0,573.0,312.0,573.0,729.0,147456.0,148185.0,27.0,384.0,384.94804844290354,0.07013933466922019,1.5005993557230262,94.0219901770201
311.0,575.0,331.0,575.0,311.0,575.0,400.0,145924.0,146324.0,20.0,382.0,382.5232019106815,0.05228441020074376,1.51848806594648,92.99704258028368
309.0,572.0,329.0,572.0,309.0,572.0,400.0,151321.0,151721.0,20.0,389.0,389.51379949881107,0.05134606277295972,1.5194276755976133,92.94320691288398
308.0,573.0,328.0,573.0,308.0,573.0,400.0,149769.0,150169.0,20.0,387.0,387.51645126368504,0.05161071209952588,1.5191626749081897,92.958390333956
307.0,577.0,333.0,577.0,307.0,577.0,676.0,148996.0,149672.0,26.0,386.0,386.87465670420954,0.0672052292633856,1.503540405218296,93.85348045360207
306.0,576.0,326.0,576.0,306.0,576.0,400.0,144400.0,144800.0,20.0,380.0,380.52595180880894,0.052558833122763673,1.5182132651839548,93.01278750418334
306.0,576.0,325.0,576.0,306.0,576.0,361.0,143641.0,144002.0,19.0,379.0,379.47595444243893,0.05006904858548034,1.5207063348110474,92.86994513651868
305.0,574.0,325.0,574.0,305.0,574.0,400.0,144400.0,144800.0,20.0,380.0,380.52595180880894,0.052558833122763673,1.5182132651839548,93.01278750418334
304.0,575.0,324.0,575.0,304.0,575.0,400.0,149769.0,150169.0,20.0,387.0,387.51645126368504,0.05161071209952588,1.5191626749081897,92.958390333956
304.0,575.0,324.0,575.0,304.0,575.0,400.0,144400.0,144800.0,20.0,380.0,380.52595180880894,0.052558833122763673,1.5182132651839548,93.01278750418334
301.0,578.0,328.0,578.0,301.0,578.0,729.0,140625.0,141354.0,27.0,375.0,375.9707435426326,0.0718140984736978,1.4989203572385617,94.11818970398878
301.0,576.0,321.0,576.0,301.0,576.0,400.0,142884.0,143284.0,20.0,378.0,378.5287307457652,0.052836147894498364,1.517935564552382,93.02869857834058
300.0,580.0,327.0,580.0,300.0,580.0,729.0,139876.0,140605.0,27.0,374.0,374.97333238511777,0.07200512054619806,1.4987288393552607,94.1291628704032
299.0,578.0,327.0,578.0,299.0,578.0,784.0,145924.0,146708.0,28.0,382.0,383.0248033744029,0.0731023154462148,1.4976287451073467,94.1921936278753
300.0,576.0,320.0,576.0,300.0,576.0,400.0,146689.0,147089.0,20.0,383.0,383.52183770940604,0.052148269103659155,1.5186243930215557,92.98923161424847
300.0,577.0,320.0,577.0,300.0,577.0,400.0,145924.0,146324.0,20.0,382.0,382.5232019106815,0.05228441020074376,1.51848806594648,92.99704258028368
300.0,578.0,314.0,578.0,300.0,578.0,196.0,148996.0,149192.0,14.0,386.0,386.25380257027894,0.036245597860367205,1.5345427880034654,92.07717476516281
300.0,576.0,314.0,576.0,300.0,576.0,196.0,149769.0,149965.0,14.0,387.0,387.25314717894804,0.03615206255129712,1.5346363846551063,92.07181207204724
300.0,574.0,314.0,574.0,300.0,574.0,196.0,150544.0,150740.0,14.0,388.0,388.25249516261965,0.03605900844020615,1.534729499478717,92.06647698564423
300.0,578.0,314.0,578.0,300.0,578.0,196.0,151321.0,151517.0,14.0,389.0,389.2518464952992,0.03596643182569738,1.5348221361837615,92.0611692934172
302.0,577.0,315.0,577.0,302.0,577.0,169.0,152881.0,153050.0,13.0,391.0,391.21605284037105,0.033229720267395124,1.5375604880313205,91.90427328973021
301.0,575.0,315.0,575.0,301.0,575.0,196.0,154449.0,154645.0,14.0,393.0,393.24928480545265,0.03560082761987996,1.5351879746889303,92.04020829108764
301.0,578.0,308.0,578.0,301.0,578.0,49.0,156816.0,156865.0,7.0,396.0,396.06186385462564,0.01767400661066764,1.5531213999151217,91.01269871341343
301.0,578.0,308.0,578.0,301.0,578.0,49.0,156816.0,156865.0,7.0,396.0,396.06186385462564,0.01767400661066764,1.5531213999151217,91.01269871341343
299.0,577.0,306.0,577.0,299.0,577.0,49.0,150544.0,150593.0,7.0,388.0,388.06313919258037,0.018038301742764024,1.552757046690778,91.0335746154203
299.0,577.0,306.0,577.0,299.0,577.0,49.0,151321.0,151370.0,7.0,389.0,389.0629769073382,0.01799194581721192,1.5528034101404504,91.03091818543041
299.0,577.0,306.0,577.0,299.0,577.0,49.0,152100.0,152149.0,7.0,390.0,390.06281545412656,0.01794582749922041,1.5528495359056114,91.02827537375988
299.0,578.0,306.0,578.0,299.0,578.0,49.0,157609.0,157658.0,7.0,397.0,397.06170805052454,0.01762950155623991,1.5531659119047148,91.01014836427203
299.0,580.0,306.0,580.0,299.0,580.0,49.0,155236.0,155285.0,7.0,394.0,394.06217783491985,0.01776369414202556,1.5530316983013739,91.0178382372967
299.0,581.0,305.0,581.0,299.0,581.0,36.0,148996.0,149032.0,6.0,386.0,386.0466293079115,0.015542163936922732,1.5552535370653802,90.89053625336057
299.0,575.0,306.0,575.0,299.0,575.0,49.0,153664.0,153713.0,7.0,392.0,392.0624950183325,0.01785429641688294,1.5529410816553442,91.02303018866783
298.0,577.0,305.0,577.0,298.0,577.0,49.0,152881.0,152930.0,7.0,391.0,391.0626548265636,0.01789994496688645,1.5528954258091447,91.02564607596516
298.0,579.0,305.0,579.0,298.0,579.0,49.0,156025.0,156074.0,7.0,395.0,395.0620204474229,0.01771873690129016,1.5530766626189458,91.01526197167114
298.0,580.0,305.0,580.0,298.0,580.0,49.0,160000.0,160049.0,7.0,400.0,400.0612453112648,0.017497320927833685,1.55329811292504,91.00257380376006
298.0,579.0,305.0,579.0,298.0,579.0,49.0,151321.0,151370.0,7.0,389.0,389.0629769073382,0.01799194581721192,1.5528034101404504,91.03091818543041
298.0,578.0,305.0,578.0,298.0,578.0,49.0,152881.0,152930.0,7.0,391.0,391.0626548265636,0.01789994496688645,1.5528954258091447,91.02564607596516
298.0,578.0,305.0,578.0,298.0,578.0,49.0,152100.0,152149.0,7.0,390.0,390.06281545412656,0.01794582749922041,1.5528495359056114,91.02827537375988
298.0,581.0,305.0,581.0,298.0,581.0,49.0,156025.0,156074.0,7.0,395.0,395.0620204474229,0.01771873690129016,1.5530766626189458,91.01526197167114
298.0,581.0,305.0,581.0,298.0,581.0,49.0,151321.0,151370.0,7.0,389.0,389.0629769073382,0.01799194581721192,1.5528034101404504,91.03091818543041
298.0,580.0,305.0,580.0,298.0,580.0,49.0,157609.0,157658.0,7.0,397.0,397.06170805052454,0.01762950155623991,1.5531659119047148,91.01014836427203
298.0,579.0,305.0,579.0,298.0,579.0,49.0,158404.0,158453.0,7.0,398.0,398.06155302917665,0.017585220041300805,1.5532102002853128,91.00761082698229
291.0,578.0,305.0,578.0,291.0,578.0,196.0,158404.0,158600.0,14.0,398.0,398.24615503479754,0.03515413726662778,1.5356349448398683,92.01459878787057
298.0,577.0,311.0,577.0,298.0,577.0,169.0,159201.0,159370.0,13.0,399.0,399.21172327475557,0.03256417395100598,1.5382263947827688,91.86611964332296
298.0,583.0,304.0,583.0,298.0,583.0,36.0,153664.0,153700.0,6.0,392.0,392.04591567825315,0.01530432982478542,1.5554913994707047,90.87690774143064
298.0,577.0,304.0,577.0,298.0,577.0,36.0,158404.0,158440.0,6.0,398.0,398.0452235613436,0.015073664108609325,1.5557220917999373,90.86369004459958
297.0,577.0,304.0,577.0,297.0,577.0,49.0,159201.0,159250.0,7.0,399.0,399.06139878469827,0.017541160386140585,1.5532542667374942,91.00508600525417
297.0,577.0,304.0,577.0,297.0,577.0,49.0,159201.0,159250.0,7.0,399.0,399.06139878469827,0.017541160386140585,1.5532542667374942,91.00508600525417
297.0,577.0,304.0,577.0,297.0,577.0,49.0,159201.0,159250.0,7.0,399.0,399.06139878469827,0.017541160386140585,1.5532542667374942,91.00508600525417
297.0,578.0,304.0,578.0,297.0,578.0,49.0,158404.0,158453.0,7.0,398.0,398.06155302917665,0.017585220041300805,1.5532102002853128,91.00761082698229
297.0,577.0,304.0,577.0,297.0,577.0,49.0,159201.0,159250.0,7.0,399.0,399.06139878469827,0.017541160386140585,1.5532542667374942,91.00508600525417
297.0,578.0,304.0,578.0,297.0,578.0,49.0,159201.0,159250.0,7.0,399.0,399.06139878469827,0.017541160386140585,1.5532542667374942,91.00508600525417
297.0,579.0,304.0,579.0,297.0,579.0,49.0,158404.0,158453.0,7.0,398.0,398.06155302917665,0.017585220041300805,1.5532102002853128,91.00761082698229
297.0,579.0,304.0,579.0,297.0,579.0,49.0,158404.0,158453.0,7.0,398.0,398.06155302917665,0.017585220041300805,1.5532102002853128,91.00761082698229
297.0,579.0,304.0,579.0,297.0,579.0,49.0,157609.0,157658.0,7.0,397.0,397.06170805052454,0.01762950155623991,1.5531659119047148,91.01014836427203
297.0,579.0,304.0,579.0,297.0,579.0,49.0,157609.0,157658.0,7.0,397.0,397.06170805052454,0.01762950155623991,1.5531659119047148,91.01014836427203
297.0,578.0,304.0,578.0,297.0,578.0,49.0,158404.0,158453.0,7.0,398.0,398.06155302917665,0.017585220041300805,1.5532102002853128,91.00761082698229
297.0,578.0,304.0,578.0,297.0,578.0,49.0,158404.0,158453.0,7.0,398.0,398.06155302917665,0.017585220041300805,1.5532102002853128,91.00761082698229
297.0,579.0,304.0,579.0,297.0,579.0,49.0,157609.0,157658.0,7.0,397.0,397.06170805052454,0.01762950155623991,1.5531659119047148,91.01014836427203
297.0,579.0,304.0,579.0,297.0,579.0,49.0,157609.0,157658.0,7.0,397.0,397.06170805052454,0.01762950155623991,1.5531659119047148,91.01014836427203
297.0,579.0,304.0,579.0,297.0,579.0,49.0,157609.0,157658.0,7.0,397.0,397.06170805052454,0.01762950155623991,1.5531659119047148,91.01014836427203
297.0,579.0,304.0,579.0,297.0,579.0,49.0,158404.0,158453.0,7.0,398.0,398.06155302917665,0.017585220041300805,1.5532102002853128,91.00761082698229
297.0,579.0,304.0,579.0,297.0,579.0,49.0,158404.0,158453.0,7.0,398.0,398.06155302917665,0.017585220041300805,1.5532102002853128,91.00761082698229
297.0,579.0,304.0,579.0,297.0,579.0,49.0,158404.0,158453.0,7.0,398.0,398.06155302917665,0.017585220041300805,1.5532102002853128,91.00761082698229
297.0,579.0,304.0,579.0,297.0,579.0,49.0,157609.0,157658.0,7.0,397.0,397.06170805052454,0.01762950155623991,1.5531659119047148,91.01014836427203
297.0,579.0,304.0,579.0,297.0,579.0,49.0,158404.0,158453.0,7.0,398.0,398.06155302917665,0.017585220041300805,1.5532102002853128,91.00761082698229
297.0,579.0,304.0,579.0,297.0,579.0,49.0,158404.0,158453.0,7.0,398.0,398.06155302917665,0.017585220041300805,1.5532102002853128,91.00761082698229
297.0,580.0,304.0,580.0,297.0,580.0,49.0,157609.0,157658.0,7.0,397.0,397.06170805052454,0.01762950155623991,1.5531659119047148,91.01014836427203
297.0,582.0,304.0,582.0,297.0,582.0,49.0,151321.0,151370.0,7.0,389.0,389.0629769073382,0.01799194581721192,1.5528034101404504,91.03091818543041
297.0,581.0,304.0,581.0,297.0,581.0,49.0,151321.0,151370.0,7.0,389.0,389.0629769073382,0.01799194581721192,1.5528034101404504,91.03091818543041
297.0,580.0,304.0,580.0,297.0,580.0,49.0,157609.0,157658.0,7.0,397.0,397.06170805052454,0.01762950155623991,1.5531659119047148,91.01014836427203
297.0,581.0,304.0,581.0,297.0,581.0,49.0,156025.0,156074.0,7.0,395.0,395.0620204474229,0.01771873690129016,1.5530766626189458,91.01526197167114
297.0,579.0,304.0,579.0,297.0,579.0,49.0,158404.0,158453.0,7.0,398.0,398.06155302917665,0.017585220041300805,1.5532102002853128,91.00761082698229
297.0,586.0,303.0,586.0,297.0,586.0,36.0,152881.0,152917.0,6.0,391.0,391.0460330958492,0.015343462130273908,1.5554522625698455,90.8791501206731
297.0,586.0,304.0,586.0,297.0,586.0,49.0,152881.0,152930.0,7.0,391.0,391.0626548265636,0.01789994496688645,1.5528954258091447,91.02564607596516
297.0,580.0,304.0,580.0,297.0,580.0,49.0,157609.0,157658.0,7.0,397.0,397.06170805052454,0.01762950155623991,1.5531659119047148,91.01014836427203
297.0,580.0,304.0,580.0,297.0,580.0,49.0,157609.0,157658.0,7.0,397.0,397.06170805052454,0.01762950155623991,1.5531659119047148,91.01014836427203
297.0,580.0,304.0,580.0,297.0,580.0,49.0,163216.0,163265.0,7.0,404.0,404.0606390135025,0.017324132380452134,1.5534713277282246,90.99264932658839
297.0,581.0,304.0,581.0,297.0,581.0,49.0,157609.0,157658.0,7.0,397.0,397.06170805052454,0.01762950155623991,1.5531659119047148,91.01014836427203
297.0,582.0,304.0,582.0,297.0,582.0,49.0,156816.0,156865.0,7.0,396.0,396.06186385462564,0.01767400661066764,1.5531213999151217,91.01269871341343
297.0,581.0,304.0,581.0,297.0,581.0,49.0,157609.0,157658.0,7.0,397.0,397.06170805052454,0.01762950155623991,1.5531659119047148,91.01014836427203
297.0,581.0,304.0,581.0,297.0,581.0,49.0,157609.0,157658.0,7.0,397.0,397.06170805052454,0.01762950155623991,1.5531659119047148,91.01014836427203
297.0,581.0,304.0,581.0,297.0,581.0,49.0,157609.0,157658.0,7.0,397.0,397.06170805052454,0.01762950155623991,1.5531659119047148,91.01014836427203
297.0,582.0,304.0,582.0,297.0,582.0,49.0,156025.0,156074.0,7.0,395.0,395.0620204474229,0.01771873690129016,1.5530766626189458,91.01526197167114
297.0,582.0,304.0,582.0,297.0,582.0,49.0,156816.0,156865.0,7.0,396.0,396.06186385462564,0.01767400661066764,1.5531213999151217,91.01269871341343
297.0,582.0,304.0,582.0,297.0,582.0,49.0,156816.0,156865.0,7.0,396.0,396.06186385462564,0.01767400661066764,1.5531213999151217,91.01269871341343
297.0,581.0,304.0,581.0,297.0,581.0,49.0,157609.0,157658.0,7.0,397.0,397.06170805052454,0.01762950155623991,1.5531659119047148,91.01014836427203
297.0,580.0,304.0,580.0,297.0,580.0,49.0,158404.0,158453.0,7.0,398.0,398.06155302917665,0.017585220041300805,1.5532102002853128,91.00761082698229
297.0,580.0,304.0,580.0,297.0,580.0,49.0,157609.0,157658.0,7.0,397.0,397.06170805052454,0.01762950155623991,1.5531659119047148,91.01014836427203
297.0,580.0,304.0,580.0,297.0,580.0,49.0,157609.0,157658.0,7.0,397.0,397.06170805052454,0.01762950155623991,1.5531659119047148,91.01014836427203
297.0,581.0,304.0,581.0,297.0,581.0,49.0,157609.0,157658.0,7.0,397.0,397.06170805052454,0.01762950155623991,1.5531659119047148,91.01014836427203
297.0,581.0,304.0,581.0,297.0,581.0,49.0,157609.0,157658.0,7.0,397.0,397.06170805052454,0.01762950155623991,1.5531659119047148,91.01014836427203
297.0,583.0,304.0,583.0,297.0,583.0,49.0,156816.0,156865.0,7.0,396.0,396.06186385462564,0.01767400661066764,1.5531213999151217,91.01269871341343
297.0,581.0,304.0,581.0,297.0,581.0,49.0,157609.0,157658.0,7.0,397.0,397.06170805052454,0.01762950155623991,1.5531659119047148,91.01014836427203
297.0,582.0,304.0,582.0,297.0,582.0,49.0,156816.0,156865.0,7.0,396.0,396.06186385462564,0.01767400661066764,1.5531213999151217,91.01269871341343
297.0,582.0,304.0,582.0,297.0,582.0,49.0,156816.0,156865.0,7.0,396.0,396.06186385462564,0.01767400661066764,1.5531213999151217,91.01269871341343
297.0,583.0,304.0,583.0,297.0,583.0,49.0,156025.0,156074.0,7.0,395.0,395.0620204474229,0.01771873690129016,1.5530766626189458,91.01526197167114
297.0,582.0,304.0,582.0,297.0,582.0,49.0,156816.0,156865.0,7.0,396.0,396.06186385462564,0.01767400661066764,1.5531213999151217,91.01269871341343
297.0,583.0,304.0,583.0,297.0,583.0,49.0,156025.0,156074.0,7.0,395.0,395.0620204474229,0.01771873690129016,1.5530766626189458,91.01526197167114
297.0,582.0,304.0,582.0,297.0,582.0,49.0,156816.0,156865.0,7.0,396.0,396.06186385462564,0.01767400661066764,1.5531213999151217,91.01269871341343
297.0,585.0,304.0,585.0,297.0,585.0,49.0,155236.0,155285.0,7.0,394.0,394.06217783491985,0.01776369414202556,1.5530316983013739,91.0178382372967
297.0,584.0,304.0,584.0,297.0,584.0,49.0,155236.0,155285.0,7.0,394.0,394.06217783491985,0.01776369414202556,1.5530316983013739,91.0178382372967
297.0,582.0,304.0,582.0,297.0,582.0,49.0,156816.0,156865.0,7.0,396.0,396.06186385462564,0.01767400661066764,1.5531213999151217,91.01269871341343
297.0,583.0,311.0,583.0,297.0,583.0,196.0,151321.0,151517.0,14.0,389.0,389.2518464952992,0.03596643182569738,1.5348221361837615,92.0611692934172
297.0,582.0,304.0,582.0,297.0,582.0,49.0,157609.0,157658.0,7.0,397.0,397.06170805052454,0.01762950155623991,1.5531659119047148,91.01014836427203
297.0,582.0,311.0,582.0,297.0,582.0,196.0,152100.0,152296.0,14.0,390.0,390.25120115125844,0.035874329044214025,1.5349142984417392,92.05588878500467
297.0,581.0,304.0,581.0,297.0,581.0,49.0,158404.0,158453.0,7.0,398.0,398.06155302917665,0.017585220041300805,1.5532102002853128,91.00761082698229
298.0,582.0,311.0,582.0,298.0,582.0,169.0,151321.0,151490.0,13.0,389.0,389.21716303369766,0.03340037705088171,1.537389736463379,91.91405663391849
298.0,582.0,311.0,582.0,298.0,582.0,169.0,151321.0,151490.0,13.0,389.0,389.21716303369766,0.03340037705088171,1.537389736463379,91.91405663391849
298.0,581.0,304.0,581.0,298.0,581.0,36.0,152100.0,152136.0,6.0,390.0,390.0461511154802,0.015382795043203982,1.5554129250143014,90.88140399658214
298.0,580.0,305.0,580.0,298.0,580.0,49.0,152100.0,152149.0,7.0,390.0,390.06281545412656,0.01794582749922041,1.5528495359056114,91.02827537375988
298.0,580.0,305.0,580.0,298.0,580.0,49.0,152100.0,152149.0,7.0,390.0,390.06281545412656,0.01794582749922041,1.5528495359056114,91.02827537375988
298.0,586.0,305.0,586.0,298.0,586.0,49.0,147456.0,147505.0,7.0,384.0,384.0637967838156,0.018226138622329476,1.5525691789250586,91.04433864550258
298.0,585.0,305.0,585.0,298.0,585.0,49.0,148225.0,148274.0,7.0,385.0,385.06363110530185,0.01817881366751496,1.5526165117219184,91.04162667600997
298.0,585.0,305.0,585.0,298.0,585.0,49.0,152881.0,152930.0,7.0,391.0,391.0626548265636,0.01789994496688645,1.5528954258091447,91.02564607596516
298.0,585.0,305.0,585.0,298.0,585.0,49.0,148225.0,148274.0,7.0,385.0,385.06363110530185,0.01817881366751496,1.5526165117219184,91.04162667600997
298.0,579.0,305.0,579.0,298.0,579.0,49.0,152881.0,152930.0,7.0,391.0,391.0626548265636,0.01789994496688645,1.5528954258091447,91.02564607596516
298.0,585.0,312.0,585.0,298.0,585.0,196.0,148225.0,148421.0,14.0,385.0,385.2544613628764,0.036339618107142986,1.534448705775876,92.08256527973087
291.0,586.0,305.0,586.0,291.0,586.0,196.0,148225.0,148421.0,14.0,385.0,385.2544613628764,0.036339618107142986,1.534448705775876,92.08256527973087
291.0,585.0,305.0,585.0,291.0,585.0,196.0,148996.0,149192.0,14.0,386.0,386.25380257027894,0.036245597860367205,1.5345427880034654,92.07717476516281
291.0,586.0,305.0,586.0,291.0,586.0,196.0,148225.0,148421.0,14.0,385.0,385.2544613628764,0.036339618107142986,1.534448705775876,92.08256527973087
291.0,585.0,305.0,585.0,291.0,585.0,196.0,148996.0,149192.0,14.0,386.0,386.25380257027894,0.036245597860367205,1.5345427880034654,92.07717476516281
291.0,586.0,305.0,586.0,291.0,586.0,196.0,148996.0,149192.0,14.0,386.0,386.25380257027894,0.036245597860367205,1.5345427880034654,92.07717476516281
291.0,587.0,312.0,587.0,291.0,587.0,441.0,143641.0,144082.0,21.0,379.0,379.5813483299726,0.05532410929144116,1.5154439562843662,93.17145721629778
291.0,586.0,305.0,586.0,291.0,586.0,196.0,148996.0,149192.0,14.0,386.0,386.25380257027894,0.036245597860367205,1.5345427880034654,92.07717476516281
291.0,586.0,311.0,586.0,291.0,586.0,400.0,149769.0,150169.0,20.0,387.0,387.51645126368504,0.05161071209952588,1.5191626749081897,92.958390333956
291.0,586.0,312.0,586.0,291.0,586.0,441.0,144400.0,144841.0,21.0,380.0,380.5798207997897,0.055178963392931435,1.515589324237323,93.1631282461169
291.0,586.0,311.0,586.0,291.0,586.0,400.0,144400.0,144800.0,20.0,380.0,380.52595180880894,0.052558833122763673,1.5182132651839548,93.01278750418334
291.0,580.0,311.0,580.0,291.0,580.0,400.0,148996.0,149396.0,20.0,386.0,386.51778743028115,0.05174406107663942,1.5190291475158384,92.96604088998713
290.0,579.0,311.0,579.0,290.0,579.0,441.0,149769.0,150210.0,21.0,387.0,387.56934863324784,0.054183851416671355,1.5165859273202331,93.10602709561643
290.0,586.0,311.0,586.0,290.0,586.0,441.0,144400.0,144841.0,21.0,380.0,380.5798207997897,0.055178963392931435,1.515589324237323,93.1631282461169
290.0,579.0,311.0,579.0,290.0,579.0,441.0,149769.0,150210.0,21.0,387.0,387.56934863324784,0.054183851416671355,1.5165859273202331,93.10602709561643
290.0,586.0,311.0,586.0,290.0,586.0,441.0,144400.0,144841.0,21.0,380.0,380.5798207997897,0.055178963392931435,1.515589324237323,93.1631282461169
290.0,586.0,311.0,586.0,290.0,586.0,441.0,144400.0,144841.0,21.0,380.0,380.5798207997897,0.055178963392931435,1.515589324237323,93.1631282461169
290.0,587.0,311.0,587.0,290.0,587.0,441.0,143641.0,144082.0,21.0,379.0,379.5813483299726,0.05532410929144116,1.5154439562843662,93.17145721629778
290.0,586.0,311.0,586.0,290.0,586.0,441.0,144400.0,144841.0,21.0,380.0,380.5798207997897,0.055178963392931435,1.515589324237323,93.1631282461169
290.0,582.0,311.0,582.0,290.0,582.0,441.0,147456.0,147897.0,21.0,384.0,384.573790058553,0.05460590540193251,1.516163247555537,93.1302448622191
290.0,583.0,311.0,583.0,290.0,583.0,441.0,147456.0,147897.0,21.0,384.0,384.573790058553,0.05460590540193251,1.516163247555537,93.1302448622191
290.0,582.0,311.0,582.0,290.0,582.0,441.0,147456.0,147897.0,21.0,384.0,384.573790058553,0.05460590540193251,1.516163247555537,93.1302448622191
291.0,583.0,311.0,583.0,291.0,583.0,400.0,146689.0,147089.0,20.0,383.0,383.52183770940604,0.052148269103659155,1.5186243930215557,92.98923161424847
291.0,583.0,311.0,583.0,291.0,583.0,400.0,152100.0,152500.0,20.0,390.0,390.51248379533274,0.05121475197315839,1.519559159391478,92.93567344642116
291.0,585.0,304.0,585.0,291.0,585.0,169.0,145161.0,145330.0,13.0,381.0,381.22172026263144,0.03410089013565133,1.536688824043957,91.9542159573597
291.0,586.0,304.0,586.0,291.0,586.0,169.0,145161.0,145330.0,13.0,381.0,381.22172026263144,0.03410089013565133,1.536688824043957,91.9542159573597
291.0,585.0,304.0,585.0,291.0,585.0,169.0,145161.0,145330.0,13.0,381.0,381.22172026263144,0.03410089013565133,1.536688824043957,91.9542159573597
291.0,587.0,304.0,587.0,291.0,587.0,169.0,143641.0,143810.0,13.0,379.0,379.22288960451743,0.03428063114427874,1.5365089778835364,91.96452038331341
291.0,584.0,304.0,584.0,291.0,584.0,169.0,145924.0,146093.0,13.0,382.0,382.22114017934695,0.034011724191655386,1.5367780417417662,91.94910415981734
290.0,584.0,304.0,584.0,290.0,584.0,196.0,145924.0,146120.0,14.0,382.0,382.25645841502796,0.03662462645640837,1.5341635075708506,92.09890593320354
290.0,584.0,304.0,584.0,290.0,584.0,196.0,145924.0,146120.0,14.0,382.0,382.25645841502796,0.03662462645640837,1.5341635075708506,92.09890593320354
284.0,584.0,304.0,584.0,284.0,584.0,400.0,145924.0,146324.0,20.0,382.0,382.5232019106815,0.05228441020074376,1.51848806594648,92.99704258028368
290.0,585.0,304.0,585.0,290.0,585.0,196.0,145161.0,145357.0,14.0,381.0,381.25713108084943,0.03672062463542789,1.534067444773523,92.10440992605864
290.0,585.0,304.0,585.0,290.0,585.0,196.0,145161.0,145357.0,14.0,381.0,381.25713108084943,0.03672062463542789,1.534067444773523,92.10440992605864
290.0,585.0,304.0,585.0,290.0,585.0,196.0,145161.0,145357.0,14.0,381.0,381.25713108084943,0.03672062463542789,1.534067444773523,92.10440992605864
290.0,585.0,304.0,585.0,290.0,585.0,196.0,145161.0,145357.0,14.0,381.0,381.25713108084943,0.03672062463542789,1.534067444773523,92.10440992605864
290.0,585.0,304.0,585.0,290.0,585.0,196.0,149769.0,149965.0,14.0,387.0,387.25314717894804,0.03615206255129712,1.5346363846551063,92.07181207204724
283.0,586.0,303.0,586.0,283.0,586.0,400.0,144400.0,144800.0,20.0,380.0,380.52595180880894,0.052558833122763673,1.5182132651839548,93.01278750418334
283.0,580.0,303.0,580.0,283.0,580.0,400.0,149769.0,150169.0,20.0,387.0,387.51645126368504,0.05161071209952588,1.5191626749081897,92.958390333956
283.0,581.0,303.0,581.0,283.0,581.0,400.0,148996.0,149396.0,20.0,386.0,386.51778743028115,0.05174406107663942,1.5190291475158384,92.96604088998713
283.0,586.0,303.0,586.0,283.0,586.0,400.0,145161.0,145561.0,20.0,381.0,381.52457325839447,0.05242126301116294,1.518351025205125,93.00489443638465
289.0,585.0,310.0,585.0,289.0,585.0,441.0,145924.0,146365.0,21.0,382.0,382.57678967757573,0.05489094102571714,1.5158777837866055,93.14660073138278
290.0,586.0,310.0,586.0,290.0,586.0,400.0,145161.0,145561.0,20.0,381.0,381.52457325839447,0.05242126301116294,1.518351025205125,93.00489443638465
289.0,585.0,310.0,585.0,289.0,585.0,441.0,146689.0,147130.0,21.0,383.0,383.575285960918,0.054748052777674694,1.5160208872221554,93.13840150849194
289.0,585.0,310.0,585.0,289.0,585.0,441.0,146689.0,147130.0,21.0,383.0,383.575285960918,0.054748052777674694,1.5160208872221554,93.13840150849194
289.0,585.0,310.0,585.0,289.0,585.0,441.0,146689.0,147130.0,21.0,383.0,383.575285960918,0.054748052777674694,1.5160208872221554,93.13840150849194
289.0,585.0,310.0,585.0,289.0,585.0,441.0,147456.0,147897.0,21.0,384.0,384.573790058553,0.05460590540193251,1.516163247555537,93.1302448622191
289.0,585.0,310.0,585.0,289.0,585.0,441.0,146689.0,147130.0,21.0,383.0,383.575285960918,0.054748052777674694,1.5160208872221554,93.13840150849194
289.0,585.0,310.0,585.0,289.0,585.0,441.0,146689.0,147130.0,21.0,383.0,383.575285960918,0.054748052777674694,1.5160208872221554,93.13840150849194
289.0,585.0,310.0,585.0,289.0,585.0,441.0,146689.0,147130.0,21.0,383.0,383.575285960918,0.054748052777674694,1.5160208872221554,93.13840150849194
289.0,579.0,310.0,579.0,289.0,579.0,441.0,151321.0,151762.0,21.0,389.0,389.56642565806413,0.053906082806099986,1.516864102483937,93.09008883277083
289.0,580.0,310.0,580.0,289.0,580.0,441.0,150544.0,150985.0,21.0,388.0,388.5678833871889,0.05404461073041008,1.5167253723281942,93.0980374851861
289.0,580.0,310.0,580.0,289.0,580.0,441.0,150544.0,150985.0,21.0,388.0,388.5678833871889,0.05404461073041008,1.5167253723281942,93.0980374851861
289.0,586.0,310.0,586.0,289.0,586.0,441.0,145924.0,146365.0,21.0,382.0,382.57678967757573,0.05489094102571714,1.5158777837866055,93.14660073138278
289.0,585.0,310.0,585.0,289.0,585.0,441.0,146689.0,147130.0,21.0,383.0,383.575285960918,0.054748052777674694,1.5160208872221554,93.13840150849194
289.0,585.0,310.0,585.0,289.0,585.0,441.0,146689.0,147130.0,21.0,383.0,383.575285960918,0.054748052777674694,1.5160208872221554,93.13840150849194
289.0,586.0,310.0,586.0,289.0,586.0,441.0,145924.0,146365.0,21.0,382.0,382.57678967757573,0.05489094102571714,1.5158777837866055,93.14660073138278
289.0,586.0,309.0,586.0,289.0,586.0,400.0,140625.0,141025.0,20.0,375.0,375.53295461250804,0.053257642916150746,1.5175134752352042,93.05288251479243
289.0,587.0,309.0,587.0,289.0,587.0,400.0,140625.0,141025.0,20.0,375.0,375.53295461250804,0.053257642916150746,1.5175134752352042,93.05288251479243
282.0,581.0,309.0,581.0,282.0,581.0,729.0,145161.0,145890.0,27.0,381.0,381.9554947896417,0.07068886393392505,1.500048459041289,94.0535542318314
282.0,582.0,309.0,582.0,282.0,582.0,729.0,144400.0,145129.0,27.0,380.0,380.9580029347067,0.0708739540631926,1.4998629035107711,94.0641857805954
282.0,582.0,309.0,582.0,282.0,582.0,729.0,144400.0,145129.0,27.0,380.0,380.9580029347067,0.0708739540631926,1.4998629035107711,94.0641857805954
282.0,580.0,309.0,580.0,282.0,580.0,729.0,145161.0,145890.0,27.0,381.0,381.9554947896417,0.07068886393392505,1.500048459041289,94.0535542318314
282.0,582.0,309.0,582.0,282.0,582.0,729.0,145161.0,145890.0,27.0,381.0,381.9554947896417,0.07068886393392505,1.500048459041289,94.0535542318314
281.0,582.0,308.0,582.0,281.0,582.0,729.0,149769.0,150498.0,27.0,387.0,387.9407171205415,0.06959826284903867,1.5011417530663285,93.99091309842977
281.0,584.0,308.0,584.0,281.0,584.0,729.0,143641.0,144370.0,27.0,379.0,379.9605242653505,0.0710600135427337,1.499676373726891,94.07487314996521
280.0,584.0,314.0,584.0,280.0,584.0,1156.0,143641.0,144797.0,34.0,379.0,380.5220098759072,0.0893509419102664,1.4813260654902536,95.12626836468868
280.0,586.0,314.0,586.0,280.0,586.0,1156.0,142129.0,143285.0,34.0,377.0,378.53005164715785,0.0898211379837622,1.4808539711619937,95.15331737723004
278.0,581.0,311.0,581.0,278.0,581.0,1089.0,153664.0,154753.0,33.0,392.0,393.38657831705444,0.08388694942561886,1.4868106788099213,94.81202316921049
277.0,586.0,310.0,586.0,277.0,586.0,1089.0,149769.0,150858.0,33.0,387.0,388.4044283990593,0.08496298596805578,1.4857307868262517,94.87389642220477
277.0,586.0,310.0,586.0,277.0,586.0,1089.0,151321.0,152410.0,33.0,389.0,390.3972335967559,0.08452928750536674,1.4861660511229173,94.8489576150331
277.0,586.0,310.0,586.0,277.0,586.0,1089.0,152881.0,153970.0,33.0,391.0,392.3901120058965,0.08409997854253805,1.4865968942432415,94.82427212260627
279.0,583.0,312.0,583.0,279.0,583.0,1089.0,152881.0,153970.0,33.0,391.0,392.3901120058965,0.08409997854253805,1.4865968942432415,94.82427212260627
280.0,583.0,319.0,583.0,280.0,583.0,1521.0,152881.0,154402.0,39.0,391.0,392.9401990125215,0.09925174389896724,1.4713809029638067,95.69608420402575
274.0,583.0,319.0,583.0,274.0,583.0,2025.0,154449.0,156474.0,45.0,393.0,395.56794612303963,0.11376048145721836,1.4567890344015544,96.53213668785244
275.0,585.0,320.0,585.0,275.0,585.0,2025.0,155236.0,157261.0,45.0,394.0,396.56147064484213,0.11347547185263922,1.457075901612412,96.51570040738962
276.0,583.0,327.0,583.0,276.0,583.0,2601.0,152881.0,155482.0,51.0,391.0,394.31205916126885,0.12933918406776806,1.4410937896389846,97.4314079711725
271.0,586.0,329.0,586.0,271.0,586.0,3364.0,147456.0,150820.0,58.0,384.0,388.35550723531657,0.14934769539615675,1.420887790283786,98.58912645506945
272.0,585.0,329.0,585.0,272.0,585.0,3249.0,145924.0,149173.0,57.0,382.0,386.22920656004254,0.14758076041859064,1.4226745265186345,98.48675400970953
267.0,593.0,337.0,593.0,267.0,593.0,4900.0,140625.0,145525.0,70.0,375.0,381.4773912042495,0.18349711310288586,1.3862535296042822,100.57352341856091
261.0,593.0,337.0,593.0,261.0,593.0,5776.0,145161.0,150937.0,76.0,381.0,388.5061132080163,0.19562111744508798,1.373905562459938,101.28100982149805
261.0,592.0,344.0,592.0,261.0,592.0,6889.0,141376.0,148265.0,83.0,376.0,385.0519445477454,0.21555533266423543,1.353535830693851,102.4481094815084
255.0,599.0,346.0,599.0,255.0,599.0,8281.0,135424.0,143705.0,91.0,368.0,379.0844233149128,0.24005206862431414,1.3283768391430746,103.88961351417318
257.0,600.0,348.0,600.0,257.0,600.0,8281.0,138384.0,146665.0,91.0,372.0,382.968667125654,0.23761735048194538,1.3308841181007882,103.74595701183422
258.0,604.0,355.0,604.0,258.0,604.0,9409.0,131769.0,141178.0,97.0,363.0,375.73660987452365,0.25815956563932624,1.3096796199891843,104.96088526032226
257.0,606.0,362.0,606.0,257.0,606.0,11025.0,129600.0,140625.0,105.0,360.0,375.0,0.28,1.2870022175865687,106.26020470831196
257.0,612.0,362.0,612.0,257.0,612.0,11025.0,130321.0,141346.0,105.0,361.0,375.96010426639685,0.27928495286723126,1.2877469775297303,106.2175331068184
253.0,617.0,366.0,617.0,253.0,617.0,12769.0,128881.0,141650.0,113.0,359.0,376.36418533117626,0.3002411079592158,1.2658509129132964,107.4720851972858
253.0,626.0,373.0,626.0,253.0,626.0,14400.0,123904.0,138304.0,120.0,352.0,371.8924575734227,0.32267392778813864,1.2422431562434455,108.82471001824007
247.0,631.0,379.0,631.0,247.0,631.0,17424.0,121104.0,138528.0,132.0,348.0,372.19349806249977,0.35465423412053854,1.208252089530389,110.77225468204583
249.0,638.0,385.0,638.0,249.0,638.0,18496.0,113569.0,132065.0,136.0,337.0,363.40748478808194,0.37423555015469007,1.1872240420686282,111.97707305300551
249.0,645.0,396.0,645.0,249.0,645.0,21609.0,110889.0,132498.0,147.0,333.0,364.00274724238005,0.40384310589314454,1.1550824521927496,113.81865049973376
250.0,650.0,402.0,650.0,250.0,650.0,23104.0,108900.0,132004.0,152.0,330.0,363.3235472688221,0.41835989200979484,1.1391574860978022,114.73108384586318
245.0,660.0,409.0,660.0,245.0,660.0,26896.0,103041.0,129937.0,164.0,321.0,360.46775167828815,0.4549644156417283,1.0984640726179482,117.06264469223959
246.0,668.0,413.0,668.0,246.0,668.0,27889.0,99225.0,127114.0,167.0,315.0,356.5305036038291,0.46840311926176076,1.083313834623988,117.93068938791225
247.0,672.0,417.0,672.0,247.0,672.0,28900.0,98596.0,127496.0,170.0,314.0,357.0658202628753,0.4761026969056975,1.0745787857819626,118.43117082040095
244.0,687.0,420.0,687.0,244.0,687.0,30976.0,93025.0,124001.0,176.0,305.0,352.1377571349031,0.4998043988011625,1.0474233972838278,119.98705997238217
247.0,698.0,426.0,698.0,247.0,698.0,32041.0,87616.0,119657.0,179.0,296.0,345.9147293770533,0.5174685689804402,1.026906339713871,121.16260077916763
248.0,706.0,425.0,706.0,248.0,706.0,31329.0,85264.0,116593.0,177.0,292.0,341.45717154571525,0.5183666203253333,1.0258565157758,121.2227512600509
256.0,714.0,431.0,714.0,256.0,714.0,30625.0,79524.0,110149.0,175.0,282.0,331.8870289722092,0.5272878561778737,1.015390868365282,121.82238868654561
253.0,721.0,434.0,721.0,253.0,721.0,32761.0,78400.0,111161.0,181.0,280.0,333.4081582685103,0.5428781375356497,0.9969358752015203,122.87978190577195
255.0,733.0,435.0,733.0,255.0,733.0,32400.0,77284.0,109684.0,180.0,278.0,331.18574848564964,0.5435016477099389,0.9961932562472897,122.92233083763577
253.0,745.0,443.0,745.0,253.0,745.0,36100.0,70756.0,106856.0,190.0,266.0,326.88836014761984,0.5812381937190964,0.9505468408120752,125.53767779197437
259.0,755.0,447.0,755.0,259.0,755.0,35344.0,65536.0,100880.0,188.0,256.0,317.6161204976851,0.5919095029100395,0.9373704438257521,126.2926297284796
261.0,766.0,450.0,766.0,261.0,766.0,35721.0,61504.0,97225.0,189.0,248.0,311.8092365533773,0.6061398375786918,0.9195981281887208,127.31090840665584
262.0,774.0,451.0,774.0,262.0,774.0,35721.0,66049.0,101770.0,189.0,257.0,319.0141062711804,0.5924502907070168,0.9366993294817559,126.33108174796126
258.0,783.0,456.0,783.0,258.0,783.0,39204.0,65536.0,104740.0,198.0,256.0,323.6355975476122,0.6117992010161086,0.9124631784101406,127.71971091600628
263.0,792.0,460.0,792.0,263.0,792.0,38809.0,61504.0,100313.0,197.0,248.0,316.7222758190525,0.6219960357715686,0.8995070473922019,128.46204254215272
264.0,804.0,462.0,804.0,264.0,804.0,39204.0,59049.0,98253.0,198.0,243.0,313.453345810824,0.6316729511622358,0.8870870151605253,129.17365797044422
265.0,813.0,465.0,813.0,265.0,813.0,40000.0,57600.0,97600.0,200.0,240.0,312.40998703626616,0.6401843996644798,0.8760580505981935,129.80557109226518
272.0,825.0,465.0,825.0,272.0,825.0,37249.0,56169.0,93418.0,193.0,237.0,305.6435832796102,0.631454447461568,0.8873688376049196,129.15751073380838
268.0,833.0,474.0,833.0,268.0,833.0,42436.0,55225.0,97661.0,206.0,235.0,312.50759990758627,0.6591839688408143,0.8510632569792733,131.23766727642982
272.0,842.0,477.0,842.0,272.0,842.0,42025.0,52900.0,94925.0,205.0,230.0,308.09901006007794,0.6653705247544479,0.842806278034248,131.71075732150817
273.0,849.0,478.0,849.0,273.0,849.0,42025.0,52900.0,94925.0,205.0,230.0,308.09901006007794,0.6653705247544479,0.842806278034248,131.71075732150817
279.0,856.0,482.0,856.0,279.0,856.0,41209.0,51076.0,92285.0,203.0,226.0,303.78446306550967,0.6682369399393018,0.8389599376883089,131.93113638990138
281.0,863.0,488.0,863.0,281.0,863.0,42849.0,51076.0,93925.0,207.0,226.0,306.4718584144391,0.6754290624624848,0.8292499407077731,132.48747823597085
285.0,868.0,490.0,868.0,285.0,868.0,42025.0,51984.0,94009.0,205.0,228.0,306.60887136545807,0.6686042679947547,0.8384660734552462,131.95943272610833
288.0,879.0,491.0,879.0,288.0,879.0,41209.0,51984.0,93193.0,203.0,228.0,305.2752856030111,0.6649735814643938,0.8433378818329823,131.68029866746758
288.0,885.0,497.0,885.0,288.0,885.0,43681.0,56169.0,99850.0,209.0,237.0,315.9905061864992,0.6614122763442999,0.8480961470321606,131.40767015375067
290.0,891.0,497.0,891.0,290.0,891.0,42849.0,55696.0,98545.0,207.0,236.0,313.9187793044564,0.6594062338629304,0.8507676462969704,131.25460452090476
291.0,903.0,500.0,903.0,291.0,903.0,43681.0,54289.0,97970.0,209.0,233.0,313.0015974400131,0.667728221547032,0.8396435364670334,131.89196906500015
293.0,905.0,501.0,905.0,293.0,905.0,43264.0,58081.0,101345.0,208.0,241.0,318.34729463276426,0.6533744859994569,0.8587629128258004,130.7965094927206
304.0,912.0,501.0,912.0,304.0,912.0,38809.0,55696.0,94505.0,197.0,236.0,307.4166553718259,0.6408240951087214,0.8752250645351268,129.85329767807212
303.0,918.0,506.0,918.0,303.0,918.0,41209.0,55696.0,96905.0,203.0,236.0,311.2956793789467,0.6521131305291387,0.8604278961510341,130.70111297522504
309.0,922.0,505.0,922.0,309.0,922.0,38416.0,59049.0,97465.0,196.0,243.0,312.1938500355188,0.6278150577844528,0.8920534049360037,128.88910479689238
315.0,927.0,509.0,927.0,315.0,927.0,37636.0,57600.0,95236.0,194.0,240.0,308.60330523181375,0.6286387628099864,0.8909946990291406,128.9497641771012
319.0,927.0,513.0,927.0,319.0,927.0,37636.0,59536.0,97172.0,194.0,244.0,311.7242371070944,0.6223449347422747,0.8990613875412243,128.48757697071215
323.0,932.0,517.0,932.0,323.0,932.0,37636.0,59536.0,97172.0,194.0,244.0,311.7242371070944,0.6223449347422747,0.8990613875412243,128.48757697071215
325.0,932.0,519.0,932.0,325.0,932.0,37636.0,62001.0,99637.0,194.0,249.0,315.65329081129505,0.6145983762798081,0.9089195932581386,127.92274338956122
326.0,933.0,519.0,933.0,326.0,933.0,37249.0,63504.0,100753.0,193.0,252.0,317.4161306550126,0.6080346313898088,0.9172136440089986,127.44752928646963
332.0,939.0,524.0,939.0,332.0,939.0,36864.0,62500.0,99364.0,192.0,250.0,315.220557705236,0.6090973298116551,0.9158743947896977,127.52426261445177
336.0,940.0,525.0,940.0,336.0,940.0,35721.0,62500.0,98221.0,189.0,250.0,313.402297375115,0.6030587573319018,0.9234662641546459,127.08928054122558
345.0,939.0,524.0,939.0,345.0,939.0,32041.0,63504.0,95545.0,179.0,252.0,309.1035425225664,0.579093977827614,0.9531794033653256,125.38684306836895
352.0,942.0,532.0,942.0,352.0,942.0,32400.0,65025.0,97425.0,180.0,255.0,312.1297807002722,0.5766831975986553,0.9561333748727311,125.21759296819272
356.0,939.0,535.0,939.0,356.0,939.0,32041.0,67081.0,99122.0,179.0,259.0,314.836465486449,0.5685491346227313,0.9660551985734357,124.64911434506948
368.0,942.0,537.0,942.0,368.0,942.0,28561.0,66049.0,94610.0,169.0,257.0,307.5873859572268,0.549437355742219,0.9891056322097264,123.32842178176362
375.0,941.0,543.0,941.0,375.0,941.0,28224.0,69696.0,97920.0,168.0,264.0,312.9217154497271,0.5368754921931593,1.0040671092713902,122.47119229084849
383.0,939.0,547.0,939.0,383.0,939.0,26896.0,72900.0,99796.0,164.0,270.0,315.9050490258109,0.5191433328012445,1.0249479982076906,121.27480548231706
397.0,939.0,549.0,939.0,397.0,939.0,23104.0,76729.0,99833.0,152.0,277.0,315.9636054991144,0.48106806402557656,1.0689237201102182,118.75518221626122
400.0,939.0,554.0,939.0,400.0,939.0,23716.0,76176.0,99892.0,154.0,276.0,316.0569568922665,0.4872539478777984,1.061853940042328,119.16025077623704
413.0,939.0,555.0,939.0,413.0,939.0,20164.0,77284.0,97448.0,142.0,278.0,312.166622174761,0.45488527572465387,1.0985529409681398,117.05755291084131
423.0,938.0,560.0,938.0,423.0,938.0,18769.0,80089.0,98858.0,137.0,283.0,314.416920664267,0.4357271857715571,1.1199502943994073,115.83157486647993
432.0,938.0,562.0,938.0,432.0,938.0,16900.0,85264.0,102164.0,130.0,292.0,319.631037291437,0.4067189503923771,1.1519366732858998,113.99889035437754
442.0,935.0,564.0,935.0,442.0,935.0,14884.0,87025.0,101909.0,122.0,295.0,319.23189063751136,0.38216733220595217,1.1786558032973602,112.46799697245952
451.0,932.0,568.0,932.0,451.0,932.0,13689.0,91204.0,104893.0,117.0,302.0,323.87188825212974,0.36125395331908877,1.2011840141034045,111.17722557329218
465.0,932.0,572.0,932.0,465.0,932.0,11449.0,91204.0,102653.0,107.0,302.0,320.39506862621965,0.3339626931799899,1.2302918015768338,109.5094722001009
475.0,931.0,574.0,931.0,475.0,931.0,9801.0,94864.0,104665.0,99.0,308.0,323.51970573676033,0.3060091804131207,1.2597980461893556,107.81888891452277
484.0,932.0,574.0,932.0,484.0,932.0,8100.0,93636.0,101736.0,90.0,306.0,318.9608126400483,0.28216632399155017,1.2847448850775784,106.38954033403478
494.0,929.0,579.0,929.0,494.0,929.0,7225.0,95481.0,102706.0,85.0,309.0,320.4777683397087,0.26522900618148154,1.3023548996424223,105.38056082230531
499.0,926.0,581.0,926.0,499.0,926.0,6724.0,97344.0,104068.0,82.0,312.0,322.59572222830235,0.2541881195249336,1.3137881687713648,104.7254827551797
510.0,924.0,582.0,924.0,510.0,924.0,5184.0,98596.0,103780.0,72.0,314.0,322.14903383372115,0.2234990406246668,1.3453934759728357,102.91463204232099
520.0,922.0,583.0,922.0,520.0,922.0,3969.0,99856.0,103825.0,63.0,316.0,322.21886971436044,0.19551927562730279,1.374009409596579,101.27505981885399
525.0,921.0,588.0,921.0,525.0,921.0,3969.0,99856.0,103825.0,63.0,316.0,322.21886971436044,0.19551927562730279,1.374009409596579,101.27505981885399
530.0,919.0,584.0,919.0,530.0,919.0,2916.0,101124.0,104040.0,54.0,318.0,322.5523213371747,0.16741469965597303,1.4025895549378105,99.63753811293094
536.0,920.0,589.0,920.0,536.0,920.0,2809.0,100489.0,103298.0,53.0,317.0,321.4000622277475,0.16490351505421813,1.4051361404734737,99.49162950956838
546.0,920.0,590.0,920.0,546.0,920.0,1936.0,97344.0,99280.0,44.0,312.0,315.08728949292765,0.1396438430468253,1.4306946023982663,98.02723751043196
551.0,919.0,590.0,919.0,551.0,919.0,1521.0,101124.0,102645.0,39.0,318.0,320.3825837963106,0.12172946337431063,1.4487642084418977,96.99192534666778
561.0,918.0,596.0,918.0,561.0,918.0,1225.0,97969.0,99194.0,35.0,313.0,314.95078980691574,0.11112847191606397,1.4594378434638642,96.38037110784609
562.0,917.0,596.0,917.0,562.0,917.0,1156.0,101761.0,102917.0,34.0,319.0,320.8067954392488,0.10598279239517724,1.464614118778201,96.08379237873683
567.0,917.0,597.0,917.0,567.0,917.0,900.0,101761.0,102661.0,30.0,319.0,320.4075529696515,0.09363075159105738,1.4770282269418875,95.37251637453869
572.0,922.0,592.0,922.0,572.0,922.0,400.0,98596.0,98996.0,20.0,314.0,314.6362979695763,0.06356545677998632,1.507187985242629,93.64448951277154
577.0,921.0,597.0,921.0,577.0,921.0,400.0,99225.0,99625.0,20.0,315.0,315.6342820417326,0.06336447318278195,1.5073893748280647,93.6329507394882
578.0,922.0,597.0,922.0,578.0,922.0,361.0,101761.0,102122.0,19.0,319.0,319.5653297840678,0.059455761402021974,1.5113054803232655,93.4085744224852
583.0,922.0,598.0,922.0,583.0,922.0,225.0,101761.0,101986.0,15.0,319.0,319.35246985110354,0.046970045376488474,1.5238089934801926,92.69217588950698
588.0,922.0,593.0,922.0,588.0,922.0,25.0,104976.0,105001.0,5.0,324.0,324.0385779502188,0.015430261518948331,1.5553654529042018,90.88412394813543
588.0,923.0,588.0,923.0,588.0,923.0,0.0,104329.0,104329.0,0.0,323.0,323.0,nan,nan,nan
593.0,923.0,588.0,923.0,593.0,923.0,25.0,104329.0,104354.0,5.0,323.0,323.03869737231173,0.015478021799466803,1.5553176869193512,89.11313926252835
598.0,922.0,588.0,922.0,598.0,922.0,100.0,104329.0,104429.0,10.0,323.0,323.154761685481,0.030944925421624355,1.5398464604935593,88.22670328443921
603.0,922.0,588.0,922.0,603.0,922.0,225.0,104329.0,104554.0,15.0,323.0,323.34810962799827,0.04638963257665871,1.5243900396854542,87.3411156057566
603.0,922.0,588.0,922.0,603.0,922.0,225.0,108241.0,108466.0,15.0,329.0,329.34176777323586,0.04554539225746812,1.5252351733910139,87.38953820020942
608.0,926.0,589.0,926.0,608.0,926.0,361.0,105625.0,105986.0,19.0,325.0,325.55491088294156,0.05836189031358754,1.5124012544242749,86.65420880880238
608.0,922.0,589.0,922.0,608.0,922.0,361.0,108241.0,108602.0,19.0,329.0,329.548175537356,0.0576546963703225,1.5131096412341796,86.69479638327265
608.0,928.0,589.0,928.0,608.0,928.0,361.0,104329.0,104690.0,19.0,323.0,323.5583409526016,0.05872202195147035,1.512040504079174,86.63353933657021
608.0,928.0,588.0,928.0,608.0,928.0,400.0,103684.0,104084.0,20.0,322.0,322.6205201161265,0.06199233698092436,1.5087642143821391,86.44582176446791
613.0,928.0,588.0,928.0,613.0,928.0,625.0,103684.0,104309.0,25.0,322.0,322.96903876377996,0.0774068006508978,1.4933120157928796,85.56047600110534
613.0,928.0,588.0,928.0,613.0,928.0,625.0,103684.0,104309.0,25.0,322.0,322.96903876377996,0.0774068006508978,1.4933120157928796,85.56047600110534
613.0,928.0,588.0,928.0,613.0,928.0,625.0,104329.0,104954.0,25.0,323.0,323.9660476037574,0.07716858042660532,1.4935509507120168,85.5741659635502
613.0,928.0,588.0,928.0,613.0,928.0,625.0,104329.0,104954.0,25.0,323.0,323.9660476037574,0.07716858042660532,1.4935509507120168,85.5741659635502
617.0,928.0,588.0,928.0,617.0,928.0,841.0,103684.0,104525.0,29.0,322.0,323.3032632065442,0.08969906369758222,1.48097654020861,84.85370531184002
618.0,928.0,588.0,928.0,618.0,928.0,900.0,103684.0,104584.0,30.0,322.0,323.39449593337235,0.09276595729749457,1.4778968016814824,84.67724929223176
617.0,928.0,588.0,928.0,617.0,928.0,841.0,103684.0,104525.0,29.0,322.0,323.3032632065442,0.08969906369758222,1.48097654020861,84.85370531184002
617.0,928.0,588.0,928.0,617.0,928.0,841.0,103684.0,104525.0,29.0,322.0,323.3032632065442,0.08969906369758222,1.48097654020861,84.85370531184002
617.0,928.0,588.0,928.0,617.0,928.0,841.0,101124.0,101965.0,29.0,318.0,319.3195891266303,0.09081810508186415,1.4798529125249131,84.78932618782012
622.0,927.0,593.0,927.0,622.0,927.0,841.0,101761.0,102602.0,29.0,319.0,320.31546949843056,0.09053574604251854,1.4801364395941514,84.8055710922652
618.0,926.0,593.0,926.0,618.0,926.0,625.0,102400.0,103025.0,25.0,320.0,320.97507691408066,0.07788766729290965,1.4928296929633542,85.53284093861072
618.0,926.0,588.0,926.0,618.0,926.0,900.0,102400.0,103300.0,30.0,320.0,321.40317359976393,0.09334070869305827,1.477319545636307,84.64417495714481
617.0,926.0,588.0,926.0,617.0,926.0,841.0,102400.0,103241.0,29.0,320.0,321.3113754600045,0.09025513011633103,1.4804182090992333,84.82171529570188
618.0,926.0,588.0,926.0,618.0,926.0,900.0,101761.0,102661.0,30.0,319.0,320.4075529696515,0.09363075159105738,1.4770282269418875,84.62748362546131
617.0,921.0,588.0,921.0,617.0,921.0,841.0,101761.0,102602.0,29.0,319.0,320.31546949843056,0.09053574604251854,1.4801364395941514,84.8055710922652
617.0,922.0,587.0,922.0,617.0,922.0,900.0,101124.0,102024.0,30.0,318.0,319.41195970094793,0.09392259459566807,1.4767350921669102,84.61068824002659
616.0,922.0,587.0,922.0,616.0,922.0,841.0,101124.0,101965.0,29.0,318.0,319.3195891266303,0.09081810508186415,1.4798529125249131,84.78932618782012
617.0,922.0,587.0,922.0,617.0,922.0,900.0,101761.0,102661.0,30.0,319.0,320.4075529696515,0.09363075159105738,1.4770282269418875,84.62748362546131
611.0,922.0,587.0,922.0,611.0,922.0,576.0,101761.0,102337.0,24.0,319.0,319.9015473548073,0.07502308194021101,1.4957026885646985,85.6974514611274
611.0,917.0,586.0,917.0,611.0,917.0,625.0,104976.0,105601.0,25.0,324.0,324.96307482543307,0.0769318176024453,1.4937884194804096,85.58777192174527
611.0,922.0,587.0,922.0,611.0,922.0,576.0,101761.0,102337.0,24.0,319.0,319.9015473548073,0.07502308194021101,1.4957026885646985,85.6974514611274
611.0,917.0,586.0,917.0,611.0,917.0,625.0,104329.0,104954.0,25.0,323.0,323.9660476037574,0.07716858042660532,1.4935509507120168,85.5741659635502
611.0,917.0,586.0,917.0,611.0,917.0,625.0,104976.0,105601.0,25.0,324.0,324.96307482543307,0.0769318176024453,1.4937884194804096,85.58777192174527
606.0,916.0,581.0,916.0,606.0,916.0,625.0,105625.0,106250.0,25.0,325.0,325.96012026013244,0.07669649888473705,1.4940244355251187,85.60129464500447
606.0,916.0,581.0,916.0,606.0,916.0,625.0,105625.0,106250.0,25.0,325.0,325.96012026013244,0.07669649888473705,1.4940244355251187,85.60129464500447
605.0,915.0,581.0,915.0,605.0,915.0,576.0,106276.0,106852.0,24.0,326.0,326.88224179358537,0.07342093552807666,1.4973092665073091,85.7895015966978
605.0,915.0,576.0,915.0,605.0,915.0,841.0,106276.0,107117.0,29.0,326.0,327.28733553255614,0.08860715601112923,1.4820728133842105,84.91651713799533
600.0,915.0,576.0,915.0,600.0,915.0,576.0,106276.0,106852.0,24.0,326.0,326.88224179358537,0.07342093552807666,1.4973092665073091,85.7895015966978
600.0,915.0,575.0,915.0,600.0,915.0,625.0,106276.0,106901.0,25.0,326.0,326.95718374123544,0.07646261114050278,1.4942590121100723,85.61473489329491
600.0,911.0,580.0,911.0,600.0,911.0,400.0,108900.0,109300.0,20.0,330.0,330.6055050963308,0.06049506040189036,1.5102643070127895,86.53177074108285
599.0,911.0,575.0,911.0,599.0,911.0,576.0,108900.0,109476.0,24.0,330.0,330.8715762950937,0.07253569577882138,1.498196873064402,85.84035770628736
599.0,911.0,580.0,911.0,599.0,911.0,361.0,108900.0,109261.0,19.0,330.0,330.5465171500072,0.05748056329202676,1.5132840635731586,86.70479004714895
595.0,910.0,575.0,910.0,595.0,910.0,400.0,109561.0,109961.0,20.0,331.0,331.6036791110738,0.06031296170661849,1.5104467388268743,86.54222331407883
594.0,911.0,575.0,911.0,594.0,911.0,361.0,105625.0,105986.0,19.0,325.0,325.55491088294156,0.05836189031358754,1.5124012544242749,86.65420880880238
594.0,911.0,574.0,911.0,594.0,911.0,400.0,105625.0,106025.0,20.0,325.0,325.61480310329875,0.06142226891833034,1.5093353709121307,86.47854662307776
594.0,912.0,574.0,912.0,594.0,912.0,400.0,104976.0,105376.0,20.0,324.0,324.6166970443757,0.061611125312096816,1.5091461561556376,86.46770541610911
594.0,912.0,574.0,912.0,594.0,912.0,400.0,104976.0,105376.0,20.0,324.0,324.6166970443757,0.061611125312096816,1.5091461561556376,86.46770541610911
594.0,912.0,574.0,912.0,594.0,912.0,400.0,104976.0,105376.0,20.0,324.0,324.6166970443757,0.061611125312096816,1.5091461561556376,86.46770541610911
593.0,912.0,574.0,912.0,593.0,912.0,361.0,104976.0,105337.0,19.0,324.0,324.5566206380637,0.0585414032308041,1.5122214340572973,86.64390586070407
593.0,912.0,574.0,912.0,593.0,912.0,361.0,104976.0,105337.0,19.0,324.0,324.5566206380637,0.0585414032308041,1.5122214340572973,86.64390586070407
593.0,912.0,574.0,912.0,593.0,912.0,361.0,104976.0,105337.0,19.0,324.0,324.5566206380637,0.0585414032308041,1.5122214340572973,86.64390586070407
593.0,913.0,573.0,913.0,593.0,913.0,400.0,104329.0,104729.0,20.0,323.0,323.6186026791414,0.061801144416377775,1.508955774251834,86.45679733652551
593.0,913.0,574.0,913.0,593.0,913.0,361.0,104329.0,104690.0,19.0,323.0,323.5583409526016,0.05872202195147035,1.512040504079174,86.63353933657021
593.0,913.0,573.0,913.0,593.0,913.0,400.0,104329.0,104729.0,20.0,323.0,323.6186026791414,0.061801144416377775,1.508955774251834,86.45679733652551
593.0,913.0,573.0,913.0,593.0,913.0,400.0,104329.0,104729.0,20.0,323.0,323.6186026791414,0.061801144416377775,1.508955774251834,86.45679733652551
593.0,913.0,573.0,913.0,593.0,913.0,400.0,104329.0,104729.0,20.0,323.0,323.6186026791414,0.061801144416377775,1.508955774251834,86.45679733652551
593.0,913.0,573.0,913.0,593.0,913.0,400.0,104329.0,104729.0,20.0,323.0,323.6186026791414,0.061801144416377775,1.508955774251834,86.45679733652551
593.0,913.0,573.0,913.0,593.0,913.0,400.0,104329.0,104729.0,20.0,323.0,323.6186026791414,0.061801144416377775,1.508955774251834,86.45679733652551
593.0,913.0,573.0,913.0,593.0,913.0,400.0,104329.0,104729.0,20.0,323.0,323.6186026791414,0.061801144416377775,1.508955774251834,86.45679733652551
593.0,913.0,573.0,913.0,593.0,913.0,400.0,104329.0,104729.0,20.0,323.0,323.6186026791414,0.061801144416377775,1.508955774251834,86.45679733652551
593.0,912.0,573.0,912.0,593.0,912.0,400.0,104976.0,105376.0,20.0,324.0,324.6166970443757,0.061611125312096816,1.5091461561556376,86.46770541610911
593.0,912.0,573.0,912.0,593.0,912.0,400.0,104976.0,105376.0,20.0,324.0,324.6166970443757,0.061611125312096816,1.5091461561556376,86.46770541610911
598.0,912.0,573.0,912.0,598.0,912.0,625.0,104976.0,105601.0,25.0,324.0,324.96307482543307,0.0769318176024453,1.4937884194804096,85.58777192174527
598.0,912.0,573.0,912.0,598.0,912.0,625.0,104976.0,105601.0,25.0,324.0,324.96307482543307,0.0769318176024453,1.4937884194804096,85.58777192174527
598.0,912.0,573.0,912.0,598.0,912.0,625.0,104976.0,105601.0,25.0,324.0,324.96307482543307,0.0769318176024453,1.4937884194804096,85.58777192174527
598.0,912.0,573.0,912.0,598.0,912.0,625.0,104976.0,105601.0,25.0,324.0,324.96307482543307,0.0769318176024453,1.4937884194804096,85.58777192174527
598.0,913.0,573.0,913.0,598.0,913.0,625.0,104329.0,104954.0,25.0,323.0,323.9660476037574,0.07716858042660532,1.4935509507120168,85.5741659635502
598.0,913.0,573.0,913.0,598.0,913.0,625.0,104329.0,104954.0,25.0,323.0,323.9660476037574,0.07716858042660532,1.4935509507120168,85.5741659635502
598.0,913.0,573.0,913.0,598.0,913.0,625.0,104329.0,104954.0,25.0,323.0,323.9660476037574,0.07716858042660532,1.4935509507120168,85.5741659635502
597.0,913.0,573.0,913.0,597.0,913.0,576.0,104329.0,104905.0,24.0,323.0,323.8904135660702,0.07409913660536377,1.4966292129634677,85.75053739879277
597.0,913.0,573.0,913.0,597.0,913.0,576.0,104329.0,104905.0,24.0,323.0,323.8904135660702,0.07409913660536377,1.4966292129634677,85.75053739879277
598.0,922.0,574.0,922.0,598.0,922.0,576.0,101124.0,101700.0,24.0,318.0,318.90437438203946,0.0752576694706878,1.4954674359665565,85.68397248013439
603.0,923.0,574.0,923.0,603.0,923.0,841.0,103684.0,104525.0,29.0,322.0,323.3032632065442,0.08969906369758222,1.48097654020861,84.85370531184002
603.0,923.0,574.0,923.0,603.0,923.0,841.0,103684.0,104525.0,29.0,322.0,323.3032632065442,0.08969906369758222,1.48097654020861,84.85370531184002
603.0,922.0,574.0,922.0,603.0,922.0,841.0,104329.0,105170.0,29.0,323.0,324.29924452579286,0.0894235817366929,1.4812531337140078,84.86955295234004
603.0,923.0,574.0,923.0,603.0,923.0,841.0,103684.0,104525.0,29.0,322.0,323.3032632065442,0.08969906369758222,1.48097654020861,84.85370531184002
603.0,923.0,574.0,923.0,603.0,923.0,841.0,103684.0,104525.0,29.0,322.0,323.3032632065442,0.08969906369758222,1.48097654020861,84.85370531184002
598.0,923.0,574.0,923.0,598.0,923.0,576.0,100489.0,101065.0,24.0,317.0,317.90721916936707,0.07549372443541098,1.4952307075576508,85.67040894141323
603.0,923.0,574.0,923.0,603.0,923.0,841.0,103684.0,104525.0,29.0,322.0,323.3032632065442,0.08969906369758222,1.48097654020861,84.85370531184002
603.0,923.0,574.0,923.0,603.0,923.0,841.0,103684.0,104525.0,29.0,322.0,323.3032632065442,0.08969906369758222,1.48097654020861,84.85370531184002
603.0,923.0,574.0,923.0,603.0,923.0,841.0,103684.0,104525.0,29.0,322.0,323.3032632065442,0.08969906369758222,1.48097654020861,84.85370531184002
602.0,923.0,573.0,923.0,602.0,923.0,841.0,103684.0,104525.0,29.0,322.0,323.3032632065442,0.08969906369758222,1.48097654020861,84.85370531184002
602.0,923.0,573.0,923.0,602.0,923.0,841.0,103684.0,104525.0,29.0,322.0,323.3032632065442,0.08969906369758222,1.48097654020861,84.85370531184002
602.0,923.0,573.0,923.0,602.0,923.0,841.0,103684.0,104525.0,29.0,322.0,323.3032632065442,0.08969906369758222,1.48097654020861,84.85370531184002
602.0,923.0,573.0,923.0,602.0,923.0,841.0,103684.0,104525.0,29.0,322.0,323.3032632065442,0.08969906369758222,1.48097654020861,84.85370531184002
603.0,922.0,573.0,922.0,603.0,922.0,900.0,104329.0,105229.0,30.0,323.0,324.39019713918606,0.09248121633937016,1.4781827719709053,84.69363418288184
603.0,923.0,573.0,923.0,603.0,923.0,900.0,103684.0,104584.0,30.0,322.0,323.39449593337235,0.09276595729749457,1.4778968016814824,84.67724929223176
602.0,923.0,573.0,923.0,602.0,923.0,841.0,103684.0,104525.0,29.0,322.0,323.3032632065442,0.08969906369758222,1.48097654020861,84.85370531184002
603.0,922.0,573.0,922.0,603.0,922.0,900.0,104329.0,105229.0,30.0,323.0,324.39019713918606,0.09248121633937016,1.4781827719709053,84.69363418288184
603.0,922.0,573.0,922.0,603.0,922.0,900.0,101124.0,102024.0,30.0,318.0,319.41195970094793,0.09392259459566807,1.4767350921669102,84.61068824002659
602.0,922.0,573.0,922.0,602.0,922.0,841.0,104329.0,105170.0,29.0,323.0,324.29924452579286,0.0894235817366929,1.4812531337140078,84.86955295234004
602.0,923.0,573.0,923.0,602.0,923.0,841.0,103684.0,104525.0,29.0,322.0,323.3032632065442,0.08969906369758222,1.48097654020861,84.85370531184002
602.0,923.0,573.0,923.0,602.0,923.0,841.0,103684.0,104525.0,29.0,322.0,323.3032632065442,0.08969906369758222,1.48097654020861,84.85370531184002
603.0,923.0,573.0,923.0,603.0,923.0,900.0,103684.0,104584.0,30.0,322.0,323.39449593337235,0.09276595729749457,1.4778968016814824,84.67724929223176
603.0,923.0,573.0,923.0,603.0,923.0,900.0,103684.0,104584.0,30.0,322.0,323.39449593337235,0.09276595729749457,1.4778968016814824,84.67724929223176
603.0,923.0,573.0,923.0,603.0,923.0,900.0,103684.0,104584.0,30.0,322.0,323.39449593337235,0.09276595729749457,1.4778968016814824,84.67724929223176
603.0,923.0,573.0,923.0,603.0,923.0,900.0,103684.0,104584.0,30.0,322.0,323.39449593337235,0.09276595729749457,1.4778968016814824,84.67724929223176
603.0,923.0,573.0,923.0,603.0,923.0,900.0,103684.0,104584.0,30.0,322.0,323.39449593337235,0.09276595729749457,1.4778968016814824,84.67724929223176
602.0,923.0,573.0,923.0,602.0,923.0,841.0,103684.0,104525.0,29.0,322.0,323.3032632065442,0.08969906369758222,1.48097654020861,84.85370531184002
603.0,923.0,573.0,923.0,603.0,923.0,900.0,103684.0,104584.0,30.0,322.0,323.39449593337235,0.09276595729749457,1.4778968016814824,84.67724929223176
602.0,923.0,573.0,923.0,602.0,923.0,841.0,103684.0,104525.0,29.0,322.0,323.3032632065442,0.08969906369758222,1.48097654020861,84.85370531184002
602.0,918.0,573.0,918.0,602.0,918.0,841.0,106929.0,107770.0,29.0,327.0,328.28341414089135,0.08833830388870605,1.4823427239348816,84.93198187339483
602.0,923.0,573.0,923.0,602.0,923.0,841.0,103684.0,104525.0,29.0,322.0,323.3032632065442,0.08969906369758222,1.48097654020861,84.85370531184002
602.0,923.0,573.0,923.0,602.0,923.0,841.0,103041.0,103882.0,29.0,321.0,322.3073067741406,0.08997624127808551,1.4806982372878563,84.83775972905467
602.0,923.0,573.0,923.0,602.0,923.0,841.0,103041.0,103882.0,29.0,321.0,322.3073067741406,0.08997624127808551,1.4806982372878563,84.83775972905467
603.0,923.0,573.0,923.0,603.0,923.0,900.0,103684.0,104584.0,30.0,322.0,323.39449593337235,0.09276595729749457,1.4778968016814824,84.67724929223176
602.0,923.0,573.0,923.0,602.0,923.0,841.0,103041.0,103882.0,29.0,321.0,322.3073067741406,0.08997624127808551,1.4806982372878563,84.83775972905467
602.0,919.0,573.0,919.0,602.0,919.0,841.0,106276.0,107117.0,29.0,326.0,327.28733553255614,0.08860715601112923,1.4820728133842105,84.91651713799533
602.0,924.0,578.0,924.0,602.0,924.0,576.0,103041.0,103617.0,24.0,321.0,321.895945920417,0.07455825493973003,1.4961688210873838,85.72415888737106
598.0,924.0,578.0,924.0,598.0,924.0,400.0,103041.0,103441.0,20.0,321.0,321.6224494652076,0.062184713888150264,1.5085714655940248,86.4347780724027
597.0,919.0,578.0,919.0,597.0,919.0,361.0,106276.0,106637.0,19.0,326.0,326.553211590393,0.05818347309299275,1.5125799753449483,86.66444876326766
597.0,923.0,578.0,923.0,597.0,923.0,361.0,103041.0,103402.0,19.0,321.0,321.5618136533006,0.05908661785470987,1.5116752740004538,86.6126131945083
592.0,923.0,578.0,923.0,592.0,923.0,196.0,103041.0,103237.0,14.0,321.0,321.3051509079803,0.043572286222107626,1.527210241462321,87.50270126494635
592.0,924.0,582.0,924.0,592.0,924.0,100.0,102400.0,102500.0,10.0,320.0,320.1562118716424,0.031234752377721213,1.5395564933646284,88.21008939175394
587.0,924.0,582.0,924.0,587.0,924.0,25.0,102400.0,102425.0,5.0,320.0,320.0390601161052,0.015623093000542114,1.5551725981744198,89.10482628978893
582.0,925.0,582.0,925.0,582.0,925.0,0.0,104976.0,104976.0,0.0,324.0,324.0,nan,nan,nan
577.0,921.0,582.0,921.0,577.0,921.0,25.0,108241.0,108266.0,5.0,329.0,329.0379917273992,0.015195813631583283,1.5555999282846789,90.87068949843437
576.0,922.0,581.0,922.0,576.0,922.0,25.0,107584.0,107609.0,5.0,328.0,328.03810754240124,0.015242131584830324,1.55555360496648,90.8733436290602
570.0,924.0,580.0,924.0,570.0,924.0,100.0,106276.0,106376.0,10.0,326.0,326.15333817086713,0.03066042511194885,1.540131095867948,91.7569883099082
565.0,923.0,580.0,923.0,565.0,923.0,225.0,106929.0,107154.0,15.0,327.0,327.3438559069041,0.04582337419605018,1.5249569009137798,92.62640563829075
560.0,923.0,579.0,923.0,560.0,923.0,361.0,106929.0,107290.0,19.0,327.0,327.55152266475574,0.058006141584773595,1.5127576068605206,93.32537370058154
554.0,920.0,583.0,920.0,554.0,920.0,841.0,108900.0,109741.0,29.0,330.0,331.27179173603054,0.08754141077942507,1.4831427164079656,95.02218193425522
549.0,920.0,583.0,920.0,549.0,920.0,1156.0,109561.0,110717.0,34.0,331.0,332.74164151785993,0.10218137965811247,1.4684362932423132,95.86479791338053
539.0,921.0,582.0,921.0,539.0,921.0,1849.0,105625.0,107474.0,43.0,325.0,327.8322741891042,0.13116463321483782,1.4392526554752487,97.53689718827191
529.0,922.0,582.0,922.0,529.0,922.0,2809.0,105625.0,108434.0,53.0,325.0,329.2931824377784,0.1609507965140293,1.4091423930160327,99.26208814721619
515.0,923.0,581.0,923.0,515.0,923.0,4356.0,101761.0,106117.0,66.0,319.0,325.75604368913866,0.2026056040359523,1.366778347202348,101.6893691754392
505.0,928.0,581.0,928.0,505.0,928.0,5776.0,99225.0,105001.0,76.0,315.0,324.0385779502188,0.23453997508801464,1.3340510105564105,103.56450743995525
494.0,926.0,584.0,926.0,494.0,926.0,8100.0,97344.0,105444.0,90.0,312.0,324.7214190656354,0.2771606513021811,1.2899586021736937,106.09081634885217
480.0,931.0,575.0,931.0,480.0,931.0,9025.0,94249.0,103274.0,95.0,307.0,321.3627234139019,0.2956161156178775,1.2706959323819642,107.19448603007241
465.0,937.0,574.0,937.0,465.0,937.0,11881.0,91204.0,103085.0,109.0,302.0,321.06852851065923,0.33949138679402296,1.2244202095317858,109.84588964330474
451.0,937.0,572.0,937.0,451.0,937.0,14641.0,91809.0,106450.0,121.0,303.0,326.266762021509,0.37086217195493276,1.1908591015846501,111.76879948445858
440.0,940.0,570.0,940.0,440.0,940.0,16900.0,90000.0,106900.0,130.0,300.0,326.9556544854363,0.39760743763430045,1.1618884978439712,113.4286928087454
425.0,941.0,567.0,941.0,425.0,941.0,20164.0,89401.0,109565.0,142.0,299.0,331.0060422409235,0.4289951900534945,1.127416212506312,115.40380926876398
412.0,945.0,563.0,945.0,412.0,945.0,22801.0,85264.0,108065.0,151.0,292.0,328.7324139782994,0.45934016111343356,1.0935441150163152,117.34453749819647
402.0,946.0,561.0,946.0,402.0,946.0,25281.0,85264.0,110545.0,159.0,292.0,332.4830822763769,0.4782198207240846,1.0721697202087257,118.5692001103177
390.0,950.0,556.0,950.0,390.0,950.0,27556.0,77841.0,105397.0,166.0,279.0,324.64904127380385,0.5113213929376684,1.0340746437954773,120.7518872090252
380.0,947.0,550.0,947.0,380.0,947.0,28900.0,79524.0,108424.0,170.0,282.0,329.2779980502797,0.5162810786223304,1.028293496205053,121.08312256669873
369.0,947.0,546.0,947.0,369.0,947.0,31329.0,76176.0,107505.0,177.0,276.0,327.8795510549568,0.5398323848818878,1.0005583517408516,122.6722292886831
359.0,946.0,543.0,946.0,359.0,946.0,33856.0,75625.0,109481.0,184.0,275.0,330.87913201046695,0.5560943021156722,0.9811172788832421,123.78612071263046
349.0,942.0,530.0,942.0,349.0,942.0,32761.0,75076.0,107837.0,181.0,274.0,328.3854442572021,0.5511815555936607,0.9870166711171068,123.44811043593776
341.0,931.0,525.0,931.0,341.0,931.0,33856.0,75076.0,108932.0,184.0,274.0,330.0484812872194,0.557493854485811,0.9794323913689655,123.88265765615279
336.0,925.0,521.0,925.0,336.0,925.0,34225.0,75625.0,109850.0,185.0,275.0,331.436268383531,0.55817669231637,0.9786096472452542,123.92979742206064
334.0,920.0,518.0,920.0,334.0,920.0,33856.0,67600.0,101456.0,184.0,260.0,318.5215848258953,0.5776688575142399,0.9549263748553701,125.28674897505971
329.0,908.0,512.0,908.0,329.0,908.0,33489.0,67600.0,101089.0,183.0,260.0,317.94496379090515,0.575571312148064,0.9574937126067764,125.13965135731954
327.0,892.0,503.0,892.0,327.0,892.0,30976.0,72361.0,103337.0,176.0,269.0,321.4607285501605,0.5475007811802961,0.9914216368473793,123.19572449069338
325.0,878.0,502.0,878.0,325.0,878.0,31329.0,73441.0,104770.0,177.0,271.0,323.68194265358704,0.546833099643838,0.9922193224284467,123.15002047351979
322.0,863.0,496.0,863.0,322.0,863.0,30276.0,73984.0,104260.0,174.0,272.0,322.893171188243,0.5388779185378312,1.001691816826431,122.60728652305396
320.0,852.0,493.0,852.0,320.0,852.0,29929.0,71824.0,101753.0,173.0,268.0,318.9874605685935,0.5423410678640107,0.9975752552917265,122.84314812509842
320.0,835.0,485.0,835.0,320.0,835.0,27225.0,75076.0,102301.0,165.0,274.0,319.845275094068,0.5158744331973413,1.0287682488232524,121.05592124536312
318.0,819.0,485.0,819.0,318.0,819.0,27889.0,80089.0,107978.0,167.0,283.0,328.60006086426705,0.5082165826773287,1.0376835858414828,120.54511006128178
311.0,808.0,476.0,808.0,311.0,808.0,27225.0,77841.0,105066.0,165.0,279.0,324.13885913293393,0.5090410956630509,1.0367259475582886,120.59997869320895
308.0,793.0,471.0,793.0,308.0,793.0,26569.0,80089.0,106658.0,163.0,283.0,326.58536403213174,0.49910381159629347,1.0482320716638651,119.94072634340569
312.0,773.0,454.0,773.0,312.0,773.0,20164.0,90000.0,110164.0,142.0,300.0,331.9096262538946,0.4278273022770872,1.1287087188862563,115.32975410819944
303.0,763.0,451.0,763.0,303.0,763.0,21904.0,87616.0,109520.0,148.0,296.0,330.9380606699689,0.447213595499958,1.1071487177940904,116.56505117707799
308.0,746.0,448.0,746.0,308.0,746.0,19600.0,91809.0,111409.0,140.0,303.0,333.77986757741996,0.41943811954903815,1.1379700536551518,114.79911871328396
300.0,734.0,439.0,734.0,300.0,734.0,19321.0,96721.0,116042.0,139.0,311.0,340.649379861464,0.40804418917929286,1.1504855620912253,114.08203290143658
301.0,717.0,431.0,717.0,301.0,717.0,16900.0,101761.0,118661.0,130.0,319.0,344.47205982488623,0.3773890981639731,1.1838210372231142,112.17205086831603
299.0,709.0,431.0,709.0,299.0,709.0,17424.0,106276.0,123700.0,132.0,326.0,351.7101079013795,0.3753090884638811,1.1860661099653098,112.04341767548836
297.0,696.0,426.0,696.0,297.0,696.0,16641.0,106276.0,122917.0,129.0,326.0,350.59520818174343,0.3679457020220547,1.193997559812352,111.58897907383316
298.0,683.0,422.0,683.0,298.0,683.0,15376.0,116281.0,131657.0,124.0,341.0,362.8456972323084,0.3417430630867044,1.2220253232109897,109.98310652189997
292.0,674.0,418.0,674.0,292.0,674.0,15876.0,116281.0,132157.0,126.0,341.0,363.5340424224394,0.34659752676912586,1.2168549815043372,110.27934528033163
293.0,666.0,415.0,666.0,293.0,666.0,14884.0,119716.0,134600.0,122.0,346.0,366.87872655688284,0.3325349527484376,1.2318061012037247,109.42270922256182
292.0,657.0,407.0,657.0,292.0,657.0,13225.0,124609.0,137834.0,115.0,353.0,371.2600166998865,0.30975595223592833,1.2558599769785435,108.04452365973273
291.0,646.0,406.0,646.0,291.0,646.0,13225.0,131769.0,144994.0,115.0,363.0,380.7807768257216,0.3020110441463646,1.263994824835971,107.5784312105211
292.0,641.0,394.0,641.0,292.0,641.0,10404.0,130321.0,140725.0,102.0,361.0,375.13330963805384,0.27190334043760167,1.2954259893267759,105.77755814001651
293.0,629.0,387.0,629.0,293.0,629.0,8836.0,133225.0,142061.0,94.0,365.0,376.90980353394895,0.24939653762954786,1.3187392748094564,104.44180527527531
292.0,624.0,381.0,624.0,292.0,624.0,7921.0,134689.0,142610.0,89.0,367.0,377.6373922163959,0.23567581450991676,1.3328824144666689,103.63146306385293
293.0,614.0,375.0,614.0,293.0,614.0,6724.0,140625.0,147349.0,82.0,375.0,383.86065179958206,0.21361918606550254,1.3555181562842027,102.33453059156045
295.0,608.0,371.0,608.0,295.0,608.0,5776.0,142129.0,147905.0,76.0,377.0,384.5841910427416,0.1976160273097486,1.3718709364199684,101.39758530647572
289.0,602.0,367.0,602.0,289.0,602.0,6084.0,142129.0,148213.0,78.0,377.0,384.98441526898205,0.2026056040359523,1.366778347202348,101.6893691754392
293.0,597.0,366.0,597.0,293.0,597.0,5329.0,145161.0,150490.0,73.0,381.0,387.9304061297593,0.18817808258005467,1.3814895692934923,100.846478238137
292.0,590.0,365.0,590.0,292.0,590.0,5329.0,148225.0,153554.0,73.0,385.0,391.8596687591108,0.1862911797765938,1.3834104426397882,100.73642030241507
292.0,592.0,359.0,592.0,292.0,592.0,4489.0,145924.0,150413.0,67.0,382.0,387.83114882639325,0.1727555927437678,1.3971696837910228,99.9480738551466
292.0,589.0,358.0,589.0,292.0,589.0,4356.0,148996.0,153352.0,66.0,386.0,391.60183860651114,0.16853853453512008,1.4014495212306766,99.70285723285237
295.0,584.0,362.0,584.0,295.0,584.0,4489.0,152100.0,156589.0,67.0,390.0,395.7132800399805,0.16931450972085327,1.4006622316061634,99.74796560559142
293.0,587.0,359.0,587.0,293.0,587.0,4356.0,148225.0,152581.0,66.0,385.0,390.6161799004235,0.16896381511084568,1.4010180528265581,99.7275785514016
292.0,581.0,352.0,581.0,292.0,581.0,3600.0,151321.0,154921.0,60.0,389.0,393.6000508130048,0.15243900471066085,1.417760674292909,98.76829700339457
297.0,582.0,351.0,582.0,297.0,582.0,2916.0,152100.0,155016.0,54.0,390.0,393.72071319655004,0.13715305847534254,1.4332095903245468,97.88313931672973
295.0,581.0,350.0,581.0,295.0,581.0,3025.0,151321.0,154346.0,55.0,389.0,392.8689348879598,0.13999579787514926,1.43033915600486,98.04760308861728
293.0,582.0,348.0,582.0,293.0,582.0,3025.0,149769.0,152794.0,55.0,387.0,390.88873097084803,0.14070500283647683,1.429622861065894,98.0886437655066
293.0,583.0,348.0,583.0,293.0,583.0,3025.0,148225.0,151250.0,55.0,385.0,388.90872965260115,0.1414213562373095,1.4288992721907328,98.13010235415597
292.0,580.0,346.0,580.0,292.0,580.0,2916.0,150544.0,153460.0,54.0,388.0,391.7397095010921,0.13784663308392398,1.4325093648107325,97.92325928337866
290.0,578.0,338.0,578.0,290.0,578.0,2304.0,154449.0,156753.0,48.0,393.0,395.92044655460774,0.1212364767157322,1.4492608736486823,96.96346852648804
292.0,581.0,339.0,581.0,292.0,581.0,2209.0,150544.0,152753.0,47.0,388.0,390.8362828602278,0.12025495600368379,1.4502496286579916,96.9068170374822
290.0,583.0,332.0,583.0,290.0,583.0,1764.0,153664.0,155428.0,42.0,392.0,394.2435795292043,0.10653312363426524,1.464060654145761,96.1155035662854
290.0,583.0,330.0,583.0,290.0,583.0,1600.0,156025.0,157625.0,40.0,395.0,397.0201506221063,0.10075055368681525,1.4698745421276027,95.78239232236405
287.0,583.0,322.0,583.0,287.0,583.0,1225.0,160000.0,161225.0,35.0,400.0,401.52833025827704,0.08716695028090989,1.4835186138454353,95.00064459755842
293.0,578.0,328.0,578.0,293.0,578.0,1225.0,169744.0,170969.0,35.0,412.0,413.48397792417546,0.0846465688361407,1.4860483479460946,94.85570151030032
284.0,580.0,319.0,580.0,284.0,580.0,1225.0,171396.0,172621.0,35.0,414.0,415.4768344926104,0.08424055710047657,1.4864558150496783,94.83235536497456
284.0,578.0,319.0,578.0,284.0,578.0,1225.0,173889.0,175114.0,35.0,417.0,418.4662471454538,0.08363876474805487,1.487059738755324,94.79775308549316
283.0,578.0,311.0,578.0,283.0,578.0,784.0,168921.0,169705.0,28.0,411.0,411.9526671839861,0.06796897369642385,1.5027749103686336,93.89734007772671
289.0,581.0,310.0,581.0,289.0,581.0,441.0,160801.0,161242.0,21.0,401.0,401.549498816771,0.052297413050893644,1.5184750452826872,92.99778860936546
281.0,582.0,309.0,582.0,281.0,582.0,784.0,161604.0,162388.0,28.0,402.0,402.9739445671395,0.06948340054609888,1.501256894113603,93.98431600237222
288.0,574.0,309.0,574.0,288.0,574.0,441.0,171396.0,171837.0,21.0,414.0,414.53226653663523,0.05065950637679511,1.5201151267174415,92.90381886509627
287.0,578.0,301.0,578.0,287.0,578.0,196.0,163216.0,163412.0,14.0,404.0,404.2425014765271,0.0346326770412906,1.5361567228132387,91.98470311215355
287.0,581.0,301.0,581.0,287.0,581.0,196.0,160000.0,160196.0,14.0,400.0,400.2449250146715,0.034978582175618625,1.535810607966371,92.0045340321059
280.0,581.0,301.0,581.0,280.0,581.0,441.0,165649.0,166090.0,21.0,407.0,407.54140893901814,0.051528506157621654,1.5192449903788798,92.95367400489683
280.0,583.0,294.0,583.0,280.0,583.0,196.0,164025.0,164221.0,14.0,405.0,405.2419030653173,0.03454726644530506,1.5362421845505898,91.97980651529349
280.0,582.0,293.0,582.0,280.0,582.0,169.0,160801.0,160970.0,13.0,401.0,401.21066785418355,0.03240193006215063,1.5383887243353114,91.85681884507201
279.0,579.0,293.0,579.0,279.0,579.0,196.0,162409.0,162605.0,14.0,403.0,403.24310285484114,0.03471851074670383,1.5360708374581298,91.98962398052328
285.0,576.0,292.0,576.0,285.0,576.0,49.0,165649.0,165698.0,7.0,407.0,407.060192109226,0.017196473975332124,1.5535990051535538,90.98533394897794
278.0,581.0,292.0,581.0,278.0,581.0,196.0,161604.0,161800.0,14.0,402.0,402.24370722237535,0.03480477071145398,1.5359845253290239,91.99456930124184
278.0,575.0,292.0,575.0,278.0,575.0,196.0,172225.0,172421.0,14.0,415.0,415.2360774306587,0.03371576016859444,1.5370741756108255,91.93213693894937
277.0,580.0,284.0,580.0,277.0,580.0,49.0,174724.0,174773.0,7.0,418.0,418.05860833141566,0.016744063775983187,1.5540514805156527,90.95940902039601
277.0,577.0,284.0,577.0,277.0,577.0,49.0,171396.0,171445.0,7.0,414.0,414.0591745149478,0.01690579615389562,1.5538897252412418,90.96867691493374
277.0,580.0,277.0,580.0,277.0,580.0,0.0,174724.0,174724.0,0.0,418.0,418.0,nan,nan,nan
282.0,577.0,282.0,577.0,282.0,577.0,0.0,170569.0,170569.0,0.0,413.0,413.0,nan,nan,nan
275.0,579.0,282.0,579.0,275.0,579.0,49.0,173889.0,173938.0,7.0,417.0,417.0587488591985,0.016784206108006242,1.554011332541713,90.96170932985875
278.0,577.0,284.0,577.0,278.0,577.0,36.0,176400.0,176436.0,6.0,420.0,420.04285495649134,0.014284256782850141,1.5565115842075,90.81845546168861
278.0,577.0,278.0,577.0,278.0,577.0,0.0,175561.0,175561.0,0.0,419.0,419.0,nan,nan,nan
277.0,572.0,277.0,572.0,277.0,572.0,0.0,178084.0,178084.0,0.0,422.0,422.0,nan,nan,nan
277.0,571.0,277.0,571.0,277.0,571.0,0.0,184900.0,184900.0,0.0,430.0,430.0,nan,nan,nan
275.0,577.0,275.0,577.0,275.0,577.0,0.0,172225.0,172225.0,0.0,415.0,415.0,nan,nan,nan
277.0,577.0,271.0,577.0,277.0,577.0,36.0,173056.0,173092.0,6.0,416.0,416.04326698073123,0.014421576975737685,1.5563742498679116,89.17367586027076
276.0,574.0,270.0,574.0,276.0,574.0,36.0,169744.0,169780.0,6.0,412.0,412.0436870041816,0.014561562740164272,1.556234249402158,89.16565442445321
276.0,572.0,270.0,572.0,276.0,572.0,36.0,173056.0,173092.0,6.0,416.0,416.04326698073123,0.014421576975737685,1.5563742498679116,89.17367586027076
277.0,576.0,270.0,576.0,277.0,576.0,49.0,174724.0,174773.0,7.0,418.0,418.05860833141566,0.016744063775983187,1.5540514805156527,89.04059097960399
278.0,576.0,271.0,576.0,278.0,576.0,49.0,168921.0,168970.0,7.0,411.0,411.0596063833079,0.017029160470398028,1.553766343162821,89.0242538127052
278.0,576.0,271.0,576.0,278.0,576.0,49.0,168921.0,168970.0,7.0,411.0,411.0596063833079,0.017029160470398028,1.553766343162821,89.0242538127052
272.0,574.0,272.0,574.0,272.0,574.0,0.0,170569.0,170569.0,0.0,413.0,413.0,nan,nan,nan
272.0,573.0,272.0,573.0,272.0,573.0,0.0,172225.0,172225.0,0.0,415.0,415.0,nan,nan,nan
272.0,576.0,272.0,576.0,272.0,576.0,0.0,170569.0,170569.0,0.0,413.0,413.0,nan,nan,nan
274.0,575.0,268.0,575.0,274.0,575.0,36.0,171396.0,171432.0,6.0,414.0,414.04347597806685,0.014491231834595646,1.5563045877293966,89.169684513742
275.0,576.0,268.0,576.0,275.0,576.0,49.0,169744.0,169793.0,7.0,412.0,412.0594617285229,0.01698783949927064,1.553807670112101,89.0266216724791
275.0,575.0,269.0,575.0,275.0,575.0,36.0,169744.0,169780.0,6.0,412.0,412.0436870041816,0.014561562740164272,1.556234249402158,89.16565442445321
275.0,572.0,269.0,572.0,275.0,572.0,36.0,168100.0,168136.0,6.0,410.0,410.0439000887588,0.014632579581603897,1.5561632249935557,89.16158502559789
274.0,572.0,268.0,572.0,274.0,572.0,36.0,168100.0,168136.0,6.0,410.0,410.0439000887588,0.014632579581603897,1.5561632249935557,89.16158502559789
275.0,572.0,268.0,572.0,275.0,572.0,49.0,168921.0,168970.0,7.0,411.0,411.0596063833079,0.017029160470398028,1.553766343162821,89.0242538127052
275.0,573.0,269.0,573.0,275.0,573.0,36.0,168100.0,168136.0,6.0,410.0,410.0439000887588,0.014632579581603897,1.5561632249935557,89.16158502559789
275.0,576.0,268.0,576.0,275.0,576.0,49.0,169744.0,169793.0,7.0,412.0,412.0594617285229,0.01698783949927064,1.553807670112101,89.0266216724791
276.0,575.0,270.0,575.0,276.0,575.0,36.0,169744.0,169780.0,6.0,412.0,412.0436870041816,0.014561562740164272,1.556234249402158,89.16565442445321
273.0,573.0,267.0,573.0,273.0,573.0,36.0,174724.0,174760.0,6.0,418.0,418.04305998305966,0.014352588463597837,1.556443245521076,89.17762902000182
277.0,574.0,265.0,574.0,277.0,574.0,144.0,174724.0,174868.0,12.0,418.0,418.1722133284324,0.028696311274453816,1.5420960755954236,88.35559673530491
277.0,576.0,264.0,576.0,277.0,576.0,169.0,168921.0,169090.0,13.0,411.0,411.2055447096987,0.03161435969735693,1.5391766984721411,88.18832874733378
269.0,577.0,269.0,577.0,269.0,577.0,0.0,169744.0,169744.0,0.0,412.0,412.0,nan,nan,nan
269.0,577.0,269.0,577.0,269.0,577.0,0.0,169744.0,169744.0,0.0,412.0,412.0,nan,nan,nan
269.0,575.0,269.0,575.0,269.0,575.0,0.0,175561.0,175561.0,0.0,419.0,419.0,nan,nan,nan
270.0,581.0,264.0,581.0,270.0,581.0,36.0,170569.0,170605.0,6.0,413.0,413.0435812356851,0.014526312167955866,1.5562695037031682,89.16767434711078
270.0,581.0,270.0,581.0,270.0,581.0,0.0,170569.0,170569.0,0.0,413.0,413.0,nan,nan,nan
270.0,580.0,264.0,580.0,270.0,580.0,36.0,171396.0,171432.0,6.0,414.0,414.04347597806685,0.014491231834595646,1.5563045877293966,89.169684513742
270.0,575.0,264.0,575.0,270.0,575.0,36.0,175561.0,175597.0,6.0,419.0,419.0429572251513,0.014318341106914743,1.556477496397314,89.1795914506549
270.0,581.0,264.0,581.0,270.0,581.0,36.0,170569.0,170605.0,6.0,413.0,413.0435812356851,0.014526312167955866,1.5562695037031682,89.16767434711078
269.0,580.0,269.0,580.0,269.0,580.0,0.0,170569.0,170569.0,0.0,413.0,413.0,nan,nan,nan
269.0,580.0,269.0,580.0,269.0,580.0,0.0,171396.0,171396.0,0.0,414.0,414.0,nan,nan,nan
268.0,579.0,268.0,579.0,268.0,579.0,0.0,172225.0,172225.0,0.0,415.0,415.0,nan,nan,nan
268.0,578.0,268.0,578.0,268.0,578.0,0.0,173056.0,173056.0,0.0,416.0,416.0,nan,nan,nan
268.0,577.0,268.0,577.0,268.0,577.0,0.0,173889.0,173889.0,0.0,417.0,417.0,nan,nan,nan
273.0,579.0,266.0,579.0,273.0,579.0,49.0,174724.0,174773.0,7.0,418.0,418.05860833141566,0.016744063775983187,1.5540514805156527,89.04059097960399
273.0,579.0,266.0,579.0,273.0,579.0,49.0,168921.0,168970.0,7.0,411.0,411.0596063833079,0.017029160470398028,1.553766343162821,89.0242538127052
273.0,577.0,267.0,577.0,273.0,577.0,36.0,173056.0,173092.0,6.0,416.0,416.04326698073123,0.014421576975737685,1.5563742498679116,89.17367586027076
272.0,578.0,266.0,578.0,272.0,578.0,36.0,174724.0,174760.0,6.0,418.0,418.04305998305966,0.014352588463597837,1.556443245521076,89.17762902000182
272.0,578.0,266.0,578.0,272.0,578.0,36.0,174724.0,174760.0,6.0,418.0,418.04305998305966,0.014352588463597837,1.556443245521076,89.17762902000182
272.0,577.0,265.0,577.0,272.0,577.0,49.0,175561.0,175610.0,7.0,419.0,419.0584684742691,0.016704112973747985,1.5540914369060852,89.04288031214034
272.0,577.0,265.0,577.0,272.0,577.0,49.0,175561.0,175610.0,7.0,419.0,419.0584684742691,0.016704112973747985,1.5540914369060852,89.04288031214034
271.0,583.0,265.0,583.0,271.0,583.0,36.0,170569.0,170605.0,6.0,413.0,413.0435812356851,0.014526312167955866,1.5562695037031682,89.16767434711078
272.0,583.0,265.0,583.0,272.0,583.0,49.0,170569.0,170618.0,7.0,413.0,413.05931777409404,0.016946718543287685,1.5538487969884918,89.02897806892084
272.0,582.0,272.0,582.0,272.0,582.0,0.0,171396.0,171396.0,0.0,414.0,414.0,nan,nan,nan
272.0,581.0,272.0,581.0,272.0,581.0,0.0,166464.0,166464.0,0.0,408.0,408.0,nan,nan,nan
272.0,581.0,265.0,581.0,272.0,581.0,49.0,166464.0,166513.0,7.0,408.0,408.0600446012817,0.017154338173049382,1.5536411471721316,89.01708061082674
272.0,581.0,272.0,581.0,272.0,581.0,0.0,167281.0,167281.0,0.0,409.0,409.0,nan,nan,nan
272.0,580.0,272.0,580.0,272.0,580.0,0.0,168100.0,168100.0,0.0,410.0,410.0,nan,nan,nan
278.0,581.0,271.0,581.0,278.0,581.0,49.0,167281.0,167330.0,7.0,409.0,409.05989781448875,0.01711240832308266,1.5536830831777624,89.01948336695902
278.0,581.0,272.0,581.0,278.0,581.0,36.0,167281.0,167317.0,6.0,409.0,409.04400741240545,0.014668348371500998,1.556127452364402,89.1595354049253
278.0,581.0,271.0,581.0,278.0,581.0,49.0,167281.0,167330.0,7.0,409.0,409.05989781448875,0.01711240832308266,1.5536830831777624,89.01948336695902
278.0,580.0,271.0,580.0,278.0,580.0,49.0,167281.0,167330.0,7.0,409.0,409.05989781448875,0.01711240832308266,1.5536830831777624,89.01948336695902
278.0,580.0,265.0,580.0,278.0,580.0,169.0,167281.0,167450.0,13.0,409.0,409.20654931220247,0.03176879749811067,1.5390221830574866,88.17947566620437
278.0,580.0,265.0,580.0,278.0,580.0,169.0,167281.0,167450.0,13.0,409.0,409.20654931220247,0.03176879749811067,1.5390221830574866,88.17947566620437
278.0,580.0,265.0,580.0,278.0,580.0,169.0,168100.0,168269.0,13.0,410.0,410.2060457867485,0.03169139054268897,1.5390996290089938,88.1839129923661
278.0,580.0,265.0,580.0,278.0,580.0,169.0,168100.0,168269.0,13.0,410.0,410.2060457867485,0.03169139054268897,1.5390996290089938,88.1839129923661
278.0,580.0,265.0,580.0,278.0,580.0,169.0,168100.0,168269.0,13.0,410.0,410.2060457867485,0.03169139054268897,1.5390996290089938,88.1839129923661
278.0,581.0,265.0,581.0,278.0,581.0,169.0,167281.0,167450.0,13.0,409.0,409.20654931220247,0.03176879749811067,1.5390221830574866,88.17947566620437
278.0,581.0,265.0,581.0,278.0,581.0,169.0,167281.0,167450.0,13.0,409.0,409.20654931220247,0.03176879749811067,1.5390221830574866,88.17947566620437
278.0,580.0,265.0,580.0,278.0,580.0,169.0,168100.0,168269.0,13.0,410.0,410.2060457867485,0.03169139054268897,1.5390996290089938,88.1839129923661
278.0,580.0,265.0,580.0,278.0,580.0,169.0,168100.0,168269.0,13.0,410.0,410.2060457867485,0.03169139054268897,1.5390996290089938,88.1839129923661
278.0,579.0,265.0,579.0,278.0,579.0,169.0,168100.0,168269.0,13.0,410.0,410.2060457867485,0.03169139054268897,1.5390996290089938,88.1839129923661
278.0,579.0,271.0,579.0,278.0,579.0,49.0,168100.0,168149.0,7.0,410.0,410.0597517435721,0.01707068291934537,1.5537248146772702,89.02187440575356
278.0,585.0,271.0,585.0,278.0,585.0,49.0,164025.0,164074.0,7.0,405.0,405.0604893099301,0.01728136953551148,1.5535140969758874,89.00980117079564
278.0,585.0,265.0,585.0,278.0,585.0,169.0,164025.0,164194.0,13.0,405.0,405.20858826041683,0.03208224202702546,1.5387085786676564,88.16150745823033
278.0,580.0,271.0,580.0,278.0,580.0,49.0,168100.0,168149.0,7.0,410.0,410.0597517435721,0.01707068291934537,1.5537248146772702,89.02187440575356
278.0,580.0,265.0,580.0,278.0,580.0,169.0,163216.0,163385.0,13.0,404.0,404.2091043012267,0.032161571477895445,1.5386292082583328,88.15695986875787
278.0,580.0,265.0,580.0,278.0,580.0,169.0,163216.0,163385.0,13.0,404.0,404.2091043012267,0.032161571477895445,1.5386292082583328,88.15695986875787
278.0,580.0,265.0,580.0,278.0,580.0,169.0,163216.0,163385.0,13.0,404.0,404.2091043012267,0.032161571477895445,1.5386292082583328,88.15695986875787
278.0,579.0,265.0,579.0,278.0,579.0,169.0,168921.0,169090.0,13.0,411.0,411.2055447096987,0.03161435969735693,1.5391766984721411,88.18832874733378
278.0,579.0,265.0,579.0,278.0,579.0,169.0,164025.0,164194.0,13.0,405.0,405.20858826041683,0.03208224202702546,1.5387085786676564,88.16150745823033
278.0,578.0,265.0,578.0,278.0,578.0,169.0,169744.0,169913.0,13.0,412.0,412.20504606324266,0.03153770222891806,1.5392533941847004,88.1927230879702
277.0,578.0,265.0,578.0,277.0,578.0,144.0,169744.0,169888.0,12.0,412.0,412.1747202340289,0.02911386703480144,1.5416783452878577,88.3316625517067
277.0,584.0,264.0,584.0,277.0,584.0,169.0,164025.0,164194.0,13.0,405.0,405.20858826041683,0.03208224202702546,1.5387085786676564,88.16150745823033
277.0,584.0,264.0,584.0,277.0,584.0,169.0,164025.0,164194.0,13.0,405.0,405.20858826041683,0.03208224202702546,1.5387085786676564,88.16150745823033
278.0,583.0,265.0,583.0,278.0,583.0,169.0,170569.0,170738.0,13.0,413.0,413.2045498297423,0.03146141543058165,1.5393297188579707,88.19709616962129
278.0,584.0,265.0,584.0,278.0,584.0,169.0,164836.0,165005.0,13.0,406.0,406.20807475972214,0.03200330275977327,1.538787558491185,88.1660326687852
278.0,584.0,265.0,584.0,278.0,584.0,169.0,164836.0,165005.0,13.0,406.0,406.20807475972214,0.03200330275977327,1.538787558491185,88.1660326687852
278.0,584.0,265.0,584.0,278.0,584.0,169.0,165649.0,165818.0,13.0,407.0,407.20756378043865,0.03192475080597825,1.5388661506040024,88.17053566515266
278.0,584.0,265.0,584.0,278.0,584.0,169.0,164836.0,165005.0,13.0,406.0,406.20807475972214,0.03200330275977327,1.538787558491185,88.1660326687852
278.0,585.0,265.0,585.0,278.0,585.0,169.0,164025.0,164194.0,13.0,405.0,405.20858826041683,0.03208224202702546,1.5387085786676564,88.16150745823033
278.0,579.0,265.0,579.0,278.0,579.0,169.0,168921.0,169090.0,13.0,411.0,411.2055447096987,0.03161435969735693,1.5391766984721411,88.18832874733378
278.0,579.0,265.0,579.0,278.0,579.0,169.0,168921.0,169090.0,13.0,411.0,411.2055447096987,0.03161435969735693,1.5391766984721411,88.18832874733378
278.0,585.0,265.0,585.0,278.0,585.0,169.0,164025.0,164194.0,13.0,405.0,405.20858826041683,0.03208224202702546,1.5387085786676564,88.16150745823033
278.0,585.0,265.0,585.0,278.0,585.0,169.0,164025.0,164194.0,13.0,405.0,405.20858826041683,0.03208224202702546,1.5387085786676564,88.16150745823033
278.0,585.0,265.0,585.0,278.0,585.0,169.0,164025.0,164194.0,13.0,405.0,405.20858826041683,0.03208224202702546,1.5387085786676564,88.16150745823033
279.0,583.0,267.0,583.0,279.0,583.0,144.0,163216.0,163360.0,12.0,404.0,404.1781785302121,0.029689875993894128,1.541102087187987,88.29864539467387
279.0,583.0,267.0,583.0,279.0,583.0,144.0,163216.0,163360.0,12.0,404.0,404.1781785302121,0.029689875993894128,1.541102087187987,88.29864539467387
278.0,586.0,265.0,586.0,278.0,586.0,169.0,164025.0,164194.0,13.0,405.0,405.20858826041683,0.03208224202702546,1.5387085786676564,88.16150745823033
285.0,584.0,265.0,584.0,285.0,584.0,400.0,164836.0,165236.0,20.0,406.0,406.49231235043055,0.04920142249272926,1.5215750316765615,87.17982752755152
279.0,583.0,267.0,583.0,279.0,583.0,144.0,163216.0,163360.0,12.0,404.0,404.1781785302121,0.029689875993894128,1.541102087187987,88.29864539467387
285.0,585.0,265.0,585.0,285.0,585.0,400.0,164025.0,164425.0,20.0,405.0,405.493526458808,0.04932261231063499,1.5214536945419266,87.17287542183873
279.0,583.0,267.0,583.0,279.0,583.0,144.0,168100.0,168244.0,12.0,410.0,410.17557216392106,0.02925576463925639,1.5415363872137628,88.32352895319325
285.0,586.0,266.0,586.0,285.0,586.0,361.0,163216.0,163577.0,19.0,404.0,404.4465354036303,0.046977779105063525,1.5238012512050478,87.30738051080338
280.0,583.0,267.0,583.0,280.0,583.0,169.0,163216.0,163385.0,13.0,404.0,404.2091043012267,0.032161571477895445,1.5386292082583328,88.15695986875787
280.0,582.0,267.0,582.0,280.0,582.0,169.0,163216.0,163385.0,13.0,404.0,404.2091043012267,0.032161571477895445,1.5386292082583328,88.15695986875787
280.0,583.0,267.0,583.0,280.0,583.0,169.0,163216.0,163385.0,13.0,404.0,404.2091043012267,0.032161571477895445,1.5386292082583328,88.15695986875787
280.0,584.0,267.0,584.0,280.0,584.0,169.0,162409.0,162578.0,13.0,403.0,403.20962290104137,0.03224129401095805,1.5385494443596428,88.15238973400541
280.0,584.0,268.0,584.0,280.0,584.0,144.0,162409.0,162553.0,12.0,403.0,403.17862046492496,0.029763482959890616,1.5410284476780685,88.29442616155013
280.0,583.0,267.0,583.0,280.0,583.0,169.0,163216.0,163385.0,13.0,404.0,404.2091043012267,0.032161571477895445,1.5386292082583328,88.15695986875787
280.0,582.0,267.0,582.0,280.0,582.0,169.0,164025.0,164194.0,13.0,405.0,405.20858826041683,0.03208224202702546,1.5387085786676564,88.16150745823033
280.0,584.0,268.0,584.0,280.0,584.0,144.0,163216.0,163360.0,12.0,404.0,404.1781785302121,0.029689875993894128,1.541102087187987,88.29864539467387
280.0,583.0,268.0,583.0,280.0,583.0,144.0,163216.0,163360.0,12.0,404.0,404.1781785302121,0.029689875993894128,1.541102087187987,88.29864539467387
280.0,584.0,267.0,584.0,280.0,584.0,169.0,162409.0,162578.0,13.0,403.0,403.20962290104137,0.03224129401095805,1.5385494443596428,88.15238973400541
280.0,583.0,268.0,583.0,280.0,583.0,144.0,163216.0,163360.0,12.0,404.0,404.1781785302121,0.029689875993894128,1.541102087187987,88.29864539467387
281.0,583.0,268.0,583.0,281.0,583.0,169.0,163216.0,163385.0,13.0,404.0,404.2091043012267,0.032161571477895445,1.5386292082583328,88.15695986875787
281.0,583.0,268.0,583.0,281.0,583.0,169.0,163216.0,163385.0,13.0,404.0,404.2091043012267,0.032161571477895445,1.5386292082583328,88.15695986875787
281.0,583.0,268.0,583.0,281.0,583.0,169.0,162409.0,162578.0,13.0,403.0,403.20962290104137,0.03224129401095805,1.5385494443596428,88.15238973400541
281.0,583.0,268.0,583.0,281.0,583.0,169.0,162409.0,162578.0,13.0,403.0,403.20962290104137,0.03224129401095805,1.5385494443596428,88.15238973400541
281.0,582.0,268.0,582.0,281.0,582.0,169.0,163216.0,163385.0,13.0,404.0,404.2091043012267,0.032161571477895445,1.5386292082583328,88.15695986875787
281.0,582.0,268.0,582.0,281.0,582.0,169.0,164025.0,164194.0,13.0,405.0,405.20858826041683,0.03208224202702546,1.5387085786676564,88.16150745823033
281.0,582.0,268.0,582.0,281.0,582.0,169.0,163216.0,163385.0,13.0,404.0,404.2091043012267,0.032161571477895445,1.5386292082583328,88.15695986875787
281.0,583.0,268.0,583.0,281.0,583.0,169.0,163216.0,163385.0,13.0,404.0,404.2091043012267,0.032161571477895445,1.5386292082583328,88.15695986875787
281.0,582.0,268.0,582.0,281.0,582.0,169.0,163216.0,163385.0,13.0,404.0,404.2091043012267,0.032161571477895445,1.5386292082583328,88.15695986875787
281.0,582.0,268.0,582.0,281.0,582.0,169.0,168100.0,168269.0,13.0,410.0,410.2060457867485,0.03169139054268897,1.5390996290089938,88.1839129923661
281.0,582.0,268.0,582.0,281.0,582.0,169.0,163216.0,163385.0,13.0,404.0,404.2091043012267,0.032161571477895445,1.5386292082583328,88.15695986875787
281.0,583.0,268.0,583.0,281.0,583.0,169.0,163216.0,163385.0,13.0,404.0,404.2091043012267,0.032161571477895445,1.5386292082583328,88.15695986875787
281.0,583.0,268.0,583.0,281.0,583.0,169.0,163216.0,163385.0,13.0,404.0,404.2091043012267,0.032161571477895445,1.5386292082583328,88.15695986875787
281.0,582.0,268.0,582.0,281.0,582.0,169.0,164025.0,164194.0,13.0,405.0,405.20858826041683,0.03208224202702546,1.5387085786676564,88.16150745823033
281.0,581.0,268.0,581.0,281.0,581.0,169.0,164836.0,165005.0,13.0,406.0,406.20807475972214,0.03200330275977327,1.538787558491185,88.1660326687852
281.0,581.0,268.0,581.0,281.0,581.0,169.0,164836.0,165005.0,13.0,406.0,406.20807475972214,0.03200330275977327,1.538787558491185,88.1660326687852
281.0,580.0,268.0,580.0,281.0,580.0,169.0,170569.0,170738.0,13.0,413.0,413.2045498297423,0.03146141543058165,1.5393297188579707,88.19709616962129
281.0,580.0,268.0,580.0,281.0,580.0,169.0,164836.0,165005.0,13.0,406.0,406.20807475972214,0.03200330275977327,1.538787558491185,88.1660326687852
281.0,580.0,268.0,580.0,281.0,580.0,169.0,169744.0,169913.0,13.0,412.0,412.20504606324266,0.03153770222891806,1.5392533941847004,88.1927230879702
281.0,579.0,268.0,579.0,281.0,579.0,169.0,169744.0,169913.0,13.0,412.0,412.20504606324266,0.03153770222891806,1.5392533941847004,88.1927230879702
281.0,584.0,268.0,584.0,281.0,584.0,169.0,165649.0,165818.0,13.0,407.0,407.20756378043865,0.03192475080597825,1.5388661506040024,88.17053566515266
282.0,583.0,269.0,583.0,282.0,583.0,169.0,165649.0,165818.0,13.0,407.0,407.20756378043865,0.03192475080597825,1.5388661506040024,88.17053566515266
282.0,583.0,269.0,583.0,282.0,583.0,169.0,165649.0,165818.0,13.0,407.0,407.20756378043865,0.03192475080597825,1.5388661506040024,88.17053566515266
282.0,583.0,269.0,583.0,282.0,583.0,169.0,165649.0,165818.0,13.0,407.0,407.20756378043865,0.03192475080597825,1.5388661506040024,88.17053566515266
282.0,583.0,270.0,583.0,282.0,583.0,144.0,165649.0,165793.0,12.0,407.0,407.17686574755203,0.02947122248207478,1.541320836424952,88.31117880272367
283.0,584.0,270.0,584.0,283.0,584.0,169.0,164836.0,165005.0,13.0,406.0,406.20807475972214,0.03200330275977327,1.538787558491185,88.1660326687852
283.0,584.0,270.0,584.0,283.0,584.0,169.0,165649.0,165818.0,13.0,407.0,407.20756378043865,0.03192475080597825,1.5388661506040024,88.17053566515266
283.0,579.0,270.0,579.0,283.0,579.0,169.0,169744.0,169913.0,13.0,412.0,412.20504606324266,0.03153770222891806,1.5392533941847004,88.1927230879702
283.0,579.0,270.0,579.0,283.0,579.0,169.0,169744.0,169913.0,13.0,412.0,412.20504606324266,0.03153770222891806,1.5392533941847004,88.1927230879702
283.0,579.0,271.0,579.0,283.0,579.0,144.0,168921.0,169065.0,12.0,411.0,411.17514516322603,0.029184643432754932,1.541607538802102,88.32760563891074
283.0,579.0,270.0,579.0,283.0,579.0,169.0,174724.0,174893.0,13.0,418.0,418.2021042510427,0.03108544856148362,1.5397058697172405,88.21864802631767
284.0,582.0,271.0,582.0,284.0,582.0,169.0,172225.0,172394.0,13.0,415.0,415.2035645319052,0.031309943147178956,1.539481265801391,88.20577916987737
284.0,581.0,271.0,581.0,284.0,581.0,169.0,172225.0,172394.0,13.0,415.0,415.2035645319052,0.031309943147178956,1.539481265801391,88.20577916987737
284.0,580.0,271.0,580.0,284.0,580.0,169.0,173889.0,174058.0,13.0,417.0,417.20258867845007,0.031159921708969716,1.5396313604753666,88.21437896122357
284.0,581.0,271.0,581.0,284.0,581.0,169.0,173056.0,173225.0,13.0,416.0,416.20307543313515,0.031234752377721213,1.5395564933646284,88.21008939175394
284.0,582.0,271.0,582.0,284.0,582.0,169.0,172225.0,172394.0,13.0,415.0,415.2035645319052,0.031309943147178956,1.539481265801391,88.20577916987737
284.0,582.0,271.0,582.0,284.0,582.0,169.0,172225.0,172394.0,13.0,415.0,415.2035645319052,0.031309943147178956,1.539481265801391,88.20577916987737
284.0,582.0,271.0,582.0,284.0,582.0,169.0,172225.0,172394.0,13.0,415.0,415.2035645319052,0.031309943147178956,1.539481265801391,88.20577916987737
284.0,582.0,271.0,582.0,284.0,582.0,169.0,172225.0,172394.0,13.0,415.0,415.2035645319052,0.031309943147178956,1.539481265801391,88.20577916987737
284.0,581.0,271.0,581.0,284.0,581.0,169.0,173056.0,173225.0,13.0,416.0,416.20307543313515,0.031234752377721213,1.5395564933646284,88.21008939175394
284.0,581.0,271.0,581.0,284.0,581.0,169.0,173056.0,173225.0,13.0,416.0,416.20307543313515,0.031234752377721213,1.5395564933646284,88.21008939175394
284.0,581.0,271.0,581.0,284.0,581.0,169.0,173056.0,173225.0,13.0,416.0,416.20307543313515,0.031234752377721213,1.5395564933646284,88.21008939175394
284.0,582.0,271.0,582.0,284.0,582.0,169.0,172225.0,172394.0,13.0,415.0,415.2035645319052,0.031309943147178956,1.539481265801391,88.20577916987737
284.0,583.0,271.0,583.0,284.0,583.0,169.0,166464.0,166633.0,13.0,408.0,408.2070553040454,0.0318465833235469,1.5389443578530533,88.1750166104506
284.0,583.0,271.0,583.0,284.0,583.0,169.0,166464.0,166633.0,13.0,408.0,408.2070553040454,0.0318465833235469,1.5389443578530533,88.1750166104506
284.0,582.0,271.0,582.0,284.0,582.0,169.0,172225.0,172394.0,13.0,415.0,415.2035645319052,0.031309943147178956,1.539481265801391,88.20577916987737
284.0,582.0,271.0,582.0,284.0,582.0,169.0,172225.0,172394.0,13.0,415.0,415.2035645319052,0.031309943147178956,1.539481265801391,88.20577916987737
284.0,581.0,271.0,581.0,284.0,581.0,169.0,173056.0,173225.0,13.0,416.0,416.20307543313515,0.031234752377721213,1.5395564933646284,88.21008939175394
284.0,580.0,271.0,580.0,284.0,580.0,169.0,173889.0,174058.0,13.0,417.0,417.20258867845007,0.031159921708969716,1.5396313604753666,88.21437896122357
284.0,580.0,271.0,580.0,284.0,580.0,169.0,173056.0,173225.0,13.0,416.0,416.20307543313515,0.031234752377721213,1.5395564933646284,88.21008939175394
284.0,581.0,271.0,581.0,284.0,581.0,169.0,172225.0,172394.0,13.0,415.0,415.2035645319052,0.031309943147178956,1.539481265801391,88.20577916987737
284.0,581.0,272.0,581.0,284.0,581.0,144.0,172225.0,172369.0,12.0,415.0,415.17345772580404,0.028903581808269747,1.5418887190488084,88.34371608032946
284.0,582.0,271.0,582.0,284.0,582.0,169.0,166464.0,166633.0,13.0,408.0,408.2070553040454,0.0318465833235469,1.5389443578530533,88.1750166104506
284.0,582.0,272.0,582.0,284.0,582.0,144.0,166464.0,166608.0,12.0,408.0,408.17643244067875,0.02939905160189274,1.5413930385908916,88.31531568210372
284.0,581.0,272.0,581.0,284.0,581.0,144.0,173056.0,173200.0,12.0,416.0,416.17304093369626,0.028834159879932764,1.5419581699237777,88.34769532234868
284.0,581.0,272.0,581.0,284.0,581.0,144.0,167281.0,167425.0,12.0,409.0,409.1760012512953,0.029327233179128224,1.5414648879944177,88.3194323496863
284.0,581.0,271.0,581.0,284.0,581.0,169.0,167281.0,167450.0,13.0,409.0,409.20654931220247,0.03176879749811067,1.5390221830574866,88.17947566620437
284.0,581.0,278.0,581.0,284.0,581.0,36.0,167281.0,167317.0,6.0,409.0,409.04400741240545,0.014668348371500998,1.556127452364402,89.1595354049253
278.0,582.0,278.0,582.0,278.0,582.0,0.0,166464.0,166464.0,0.0,408.0,408.0,nan,nan,nan
279.0,583.0,279.0,583.0,279.0,583.0,0.0,166464.0,166464.0,0.0,408.0,408.0,nan,nan,nan
279.0,584.0,279.0,584.0,279.0,584.0,0.0,165649.0,165649.0,0.0,407.0,407.0,nan,nan,nan
279.0,582.0,279.0,582.0,279.0,582.0,0.0,166464.0,166464.0,0.0,408.0,408.0,nan,nan,nan
279.0,581.0,279.0,581.0,279.0,581.0,0.0,168100.0,168100.0,0.0,410.0,410.0,nan,nan,nan
278.0,588.0,278.0,588.0,278.0,588.0,0.0,162409.0,162409.0,0.0,403.0,403.0,nan,nan,nan
279.0,587.0,285.0,587.0,279.0,587.0,36.0,163216.0,163252.0,6.0,404.0,404.04455199891015,0.014849847548535154,1.555945933415817,90.85086486473028
279.0,585.0,285.0,585.0,279.0,585.0,36.0,160000.0,160036.0,6.0,400.0,400.04499746903474,0.014998312784712243,1.555797451643046,90.85937224364469
278.0,583.0,285.0,583.0,278.0,583.0,49.0,166464.0,166513.0,7.0,408.0,408.0600446012817,0.017154338173049382,1.5536411471721316,90.98291938917326
278.0,584.0,285.0,584.0,278.0,584.0,49.0,160801.0,160850.0,7.0,401.0,401.06109260310956,0.017453700020029633,1.5533417404951437,91.0000741281227
280.0,583.0,287.0,583.0,280.0,583.0,49.0,169744.0,169793.0,7.0,412.0,412.0594617285229,0.01698783949927064,1.553807670112101,90.9733783275209
280.0,578.0,286.0,578.0,280.0,578.0,36.0,168921.0,168957.0,6.0,411.0,411.04379328728464,0.014596984793312548,1.5561988235838364,90.83637532542241
280.0,578.0,286.0,578.0,280.0,578.0,36.0,174724.0,174760.0,6.0,418.0,418.04305998305966,0.014352588463597837,1.556443245521076,90.82237097999818
285.0,580.0,291.0,580.0,285.0,580.0,36.0,169744.0,169780.0,6.0,412.0,412.0436870041816,0.014561562740164272,1.556234249402158,90.83434557554679
280.0,584.0,293.0,584.0,280.0,584.0,169.0,164836.0,165005.0,13.0,406.0,406.20807475972214,0.03200330275977327,1.538787558491185,91.8339673312148
279.0,581.0,292.0,581.0,279.0,581.0,169.0,166464.0,166633.0,13.0,408.0,408.2070553040454,0.0318465833235469,1.5389443578530533,91.8249833895494
281.0,585.0,294.0,585.0,281.0,585.0,169.0,164025.0,164194.0,13.0,405.0,405.20858826041683,0.03208224202702546,1.5387085786676564,91.83849254176967
281.0,581.0,294.0,581.0,281.0,581.0,169.0,168100.0,168269.0,13.0,410.0,410.2060457867485,0.03169139054268897,1.5390996290089938,91.8160870076339
282.0,581.0,295.0,581.0,282.0,581.0,169.0,164836.0,165005.0,13.0,406.0,406.20807475972214,0.03200330275977327,1.538787558491185,91.8339673312148
276.0,585.0,295.0,585.0,276.0,585.0,361.0,164025.0,164386.0,19.0,405.0,405.44543405987446,0.04686203963316593,1.5239171182866913,92.68598079443395
275.0,584.0,301.0,584.0,275.0,584.0,676.0,165649.0,166325.0,26.0,407.0,407.82962128810607,0.06375211275208631,1.5070009499107182,93.65520584790987
282.0,581.0,301.0,581.0,282.0,581.0,361.0,167281.0,167642.0,19.0,409.0,409.4410824526528,0.0464047229608356,1.5243749330324854,92.65974994170108
277.0,581.0,308.0,581.0,277.0,581.0,961.0,168100.0,169061.0,31.0,410.0,411.1702810272163,0.07539455410676445,1.4953301613266208,94.32389277736812
277.0,585.0,309.0,585.0,277.0,585.0,1024.0,164025.0,165049.0,32.0,405.0,406.2622305851234,0.07876685940977499,1.4919477913514967,94.51768830169449
277.0,589.0,308.0,589.0,277.0,589.0,961.0,166464.0,167425.0,31.0,408.0,409.1760012512953,0.07576201904608125,1.494961642373492,94.34500735805298
276.0,589.0,308.0,589.0,276.0,589.0,1024.0,166464.0,167488.0,32.0,408.0,409.2529779977172,0.07819124531863149,1.4925251862736186,94.48460600954462
274.0,588.0,318.0,588.0,274.0,588.0,1936.0,166464.0,168400.0,44.0,408.0,410.3656905736638,0.10722143934228746,1.4633683731902407,96.155168343274
274.0,588.0,318.0,588.0,274.0,588.0,1936.0,160801.0,162737.0,44.0,401.0,403.4067426308093,0.10907105744701948,1.461507842789793,96.26176888287544
268.0,595.0,324.0,595.0,268.0,595.0,3136.0,160801.0,163937.0,56.0,401.0,404.89134344907893,0.1383087114754352,1.4320428175467748,97.94999047254682
270.0,594.0,333.0,594.0,270.0,594.0,3969.0,164025.0,167994.0,63.0,405.0,409.8707113224852,0.1537070062818706,1.4164775508687775,98.84181456019168
264.0,597.0,339.0,597.0,264.0,597.0,5625.0,145161.0,150786.0,75.0,381.0,388.3117304434673,0.19314379175294819,1.3764310606998786,101.13630943118173
263.0,599.0,338.0,599.0,263.0,599.0,5625.0,140625.0,146250.0,75.0,375.0,382.4264635194589,0.19611613513818402,1.373400766945016,101.30993247402021
262.0,602.0,345.0,602.0,262.0,602.0,6889.0,135424.0,142313.0,83.0,368.0,377.24395290050705,0.22001678055231838,1.3489646542611227,102.71001859851339
262.0,605.0,351.0,605.0,262.0,605.0,7921.0,129600.0,137521.0,89.0,360.0,370.8382396679177,0.23999682470636982,1.3284337466469787,103.88635295437685
262.0,610.0,357.0,610.0,262.0,610.0,9025.0,131044.0,140069.0,95.0,362.0,374.2579324476637,0.2538356351692955,1.3141526062790434,104.70460202409345
261.0,616.0,361.0,616.0,261.0,616.0,10000.0,123201.0,133201.0,100.0,351.0,364.96712180688274,0.27399728365919385,1.2932493962889446,105.9022677348018
257.0,619.0,381.0,619.0,257.0,619.0,15376.0,126025.0,141401.0,124.0,355.0,376.03324321128844,0.32975807920877337,1.2347490173659654,109.25409254700459
259.0,629.0,389.0,629.0,259.0,629.0,16900.0,124609.0,141509.0,130.0,353.0,376.17682012585516,0.3455821652075923,1.2179372242501516,110.21733733858781
253.0,635.0,400.0,635.0,253.0,635.0,21609.0,117649.0,139258.0,147.0,343.0,373.1728821873315,0.3939192985791677,1.1659045405098132,113.19859051364818
254.0,639.0,406.0,639.0,254.0,639.0,23104.0,119716.0,142820.0,152.0,346.0,377.91533443352097,0.4022064895245427,1.1568707348417926,113.71618945136713
255.0,647.0,410.0,647.0,255.0,647.0,24025.0,115600.0,139625.0,155.0,340.0,373.6642878306676,0.4148108477260768,1.1430614144086546,114.5074052301297
257.0,654.0,418.0,654.0,257.0,654.0,25921.0,119025.0,144946.0,161.0,345.0,380.7177432166775,0.42288546533112387,1.1341691669813554,115.01689347810002
259.0,662.0,421.0,662.0,259.0,662.0,26244.0,112225.0,138469.0,162.0,335.0,372.1142297736006,0.43535018829718775,1.1203691013732717,115.80757899444684
261.0,667.0,420.0,667.0,261.0,667.0,25281.0,107584.0,132865.0,159.0,328.0,364.5065157167976,0.4362061942495828,1.119418040747888,115.86207075434241
257.0,675.0,418.0,675.0,257.0,675.0,25921.0,103041.0,128962.0,161.0,321.0,359.1127956506145,0.44832710488166233,1.1059033884254086,116.63640329400715
258.0,685.0,427.0,685.0,258.0,685.0,28561.0,96100.0,124661.0,169.0,310.0,353.0736467084452,0.4786536791276121,1.0716756448939184,118.59750854061775
263.0,694.0,427.0,694.0,263.0,694.0,26896.0,90000.0,116896.0,164.0,300.0,341.90057034172963,0.47967161866996005,1.0705158985700445,118.66395711028153
268.0,700.0,436.0,700.0,268.0,700.0,28224.0,88209.0,116433.0,168.0,297.0,341.2228011138763,0.4923469341778639,1.05601223504599,119.4949558176877
268.0,707.0,439.0,707.0,268.0,707.0,29241.0,86436.0,115677.0,171.0,294.0,340.1132164441717,0.5027737580673198,1.0439917189558405,120.18368065722235
269.0,722.0,448.0,722.0,269.0,722.0,32041.0,77841.0,109882.0,179.0,279.0,331.48453960931573,0.5399950182019577,1.0003651363633117,122.68329971435315
267.0,730.0,446.0,730.0,267.0,730.0,32041.0,69696.0,101737.0,179.0,264.0,318.96238022688505,0.5611947085191467,0.9749677960613805,124.13846012451134
266.0,744.0,452.0,744.0,266.0,744.0,34596.0,64009.0,98605.0,186.0,253.0,314.0143308831621,0.5923296541176223,0.9368490674392094,126.32250239496628
269.0,748.0,458.0,748.0,269.0,748.0,35721.0,62500.0,98221.0,189.0,250.0,313.402297375115,0.6030587573319018,0.9234662641546459,127.08928054122558
269.0,760.0,461.0,760.0,269.0,760.0,36864.0,59049.0,95913.0,192.0,243.0,309.6982402274834,0.6199583176803646,0.9021067479216459,128.31309067381764
269.0,768.0,466.0,768.0,269.0,768.0,38809.0,59049.0,97858.0,197.0,243.0,312.8226334522488,0.629749829243322,0.8895652110969073,129.03166780248307
276.0,782.0,467.0,782.0,276.0,782.0,36481.0,61009.0,97490.0,191.0,247.0,312.23388669393336,0.611720918643361,0.912562139320258,127.71404087351979
277.0,791.0,470.0,791.0,277.0,791.0,37249.0,58564.0,95813.0,193.0,242.0,309.5367506452182,0.6235123926244572,0.8975690060188463,128.57308413336773
278.0,797.0,477.0,797.0,278.0,797.0,39601.0,58564.0,98165.0,199.0,242.0,313.31294259892934,0.6351477163672077,0.8825965761343589,129.4309411748044
280.0,807.0,481.0,807.0,280.0,807.0,40401.0,57600.0,98001.0,201.0,240.0,313.0511140373086,0.6420676719778271,0.8736040677941312,129.94617394993563
285.0,814.0,484.0,814.0,285.0,814.0,39601.0,55696.0,95297.0,199.0,236.0,308.7021217938095,0.6446343771259126,0.8702513966568524,130.13826785619705
286.0,825.0,487.0,825.0,286.0,825.0,40401.0,52441.0,92842.0,201.0,229.0,304.69985231371544,0.6596655642387799,0.850422642076516,131.274371806651
287.0,835.0,487.0,835.0,287.0,835.0,40000.0,49729.0,89729.0,200.0,223.0,299.54799281584246,0.6676726427706593,0.8397181959662494,131.88769139079452
291.0,840.0,489.0,840.0,291.0,840.0,39204.0,51076.0,90280.0,198.0,226.0,300.4663042672173,0.658975722695049,0.8513401531787186,131.22180229283842
293.0,849.0,493.0,849.0,293.0,849.0,40000.0,51984.0,91984.0,200.0,228.0,303.2886413962778,0.6594378183081359,0.8507256330207998,131.25701170431287
297.0,854.0,496.0,854.0,297.0,854.0,39601.0,52900.0,92501.0,199.0,230.0,304.13977050034083,0.6543044327041636,0.8575338539333989,130.86692938002824
298.0,863.0,495.0,863.0,298.0,863.0,38809.0,54289.0,93098.0,197.0,233.0,305.1196486626189,0.6456483575000099,0.8689243067372423,130.21430450762506
301.0,873.0,503.0,873.0,301.0,873.0,40804.0,52441.0,93245.0,202.0,229.0,305.3604427557702,0.6615133190698222,0.8479614194418016,131.41538947606222
302.0,885.0,507.0,885.0,302.0,885.0,42025.0,51076.0,93101.0,205.0,226.0,305.1245647272602,0.6718567552345125,0.8340835589969446,132.21053230822406
306.0,894.0,512.0,894.0,306.0,894.0,42436.0,50176.0,92612.0,206.0,224.0,304.32219767871027,0.6769141441909721,0.8272342035112282,132.6029714699404
311.0,900.0,520.0,900.0,311.0,900.0,43681.0,51076.0,94757.0,209.0,226.0,307.82624969290714,0.6789544433215233,0.8244587457474848,132.76199348601972
317.0,906.0,521.0,906.0,317.0,906.0,41616.0,51076.0,92692.0,204.0,226.0,304.45360894559946,0.6700528225186887,0.8365163823061266,132.0711418003069
315.0,913.0,525.0,913.0,315.0,913.0,44100.0,57600.0,101700.0,210.0,240.0,318.90437438203946,0.6585046078685182,0.851966327173272,131.18592516570965
321.0,920.0,520.0,920.0,321.0,920.0,39601.0,58081.0,97682.0,199.0,241.0,312.54119728445403,0.6367160608874342,0.8805643699514152,129.54737801218747
326.0,926.0,523.0,926.0,326.0,926.0,38809.0,59049.0,97858.0,197.0,243.0,312.8226334522488,0.629749829243322,0.8895652110969073,129.03166780248307
334.0,933.0,524.0,933.0,334.0,933.0,36100.0,59536.0,95636.0,190.0,244.0,309.2507073556987,0.6143882470783256,0.909185943030565,127.90748267172692
336.0,933.0,531.0,933.0,336.0,933.0,38025.0,62001.0,100026.0,195.0,249.0,316.2688729546428,0.6165639956226916,0.9064253832066533,128.06565109873043
344.0,938.0,529.0,938.0,344.0,938.0,34225.0,63504.0,97729.0,185.0,252.0,312.61637832973497,0.591779614965885,0.9375315847017693,126.28339703637675
348.0,942.0,542.0,942.0,348.0,942.0,37636.0,61504.0,99140.0,194.0,248.0,314.8650504581288,0.6161369758813495,0.9069676498282018,128.0345815099449
358.0,947.0,547.0,947.0,358.0,947.0,35721.0,63504.0,99225.0,189.0,252.0,315.0,0.6,0.9272952180016123,126.86989764584402
366.0,946.0,549.0,946.0,366.0,946.0,33489.0,66564.0,100053.0,183.0,258.0,316.3115552742264,0.5785435180872481,0.9538544362473612,125.34816653319575
375.0,949.0,550.0,949.0,375.0,949.0,30625.0,69169.0,99794.0,175.0,263.0,315.90188350182405,0.5539694732430728,0.9836716861472943,123.6397639572427
383.0,950.0,551.0,950.0,383.0,950.0,28224.0,72361.0,100585.0,168.0,269.0,317.1513834117707,0.5297154885239099,1.0125312360378198,121.98623354986836
390.0,954.0,557.0,954.0,390.0,954.0,27889.0,71824.0,99713.0,167.0,268.0,315.77365311247866,0.5288598284053627,1.0135397431049413,121.92845035131319
400.0,955.0,564.0,955.0,400.0,955.0,26896.0,72900.0,99796.0,164.0,270.0,315.9050490258109,0.5191433328012445,1.0249479982076906,121.27480548231706
412.0,952.0,566.0,952.0,412.0,952.0,23716.0,75625.0,99341.0,154.0,275.0,315.1840732016769,0.48860336893184325,1.0603080048781208,119.24882633654698
421.0,951.0,571.0,951.0,421.0,951.0,22500.0,78400.0,100900.0,150.0,280.0,317.6476034853718,0.472221412515419,1.0789871508061981,118.17859010995917
432.0,953.0,567.0,953.0,432.0,953.0,18225.0,79524.0,97749.0,135.0,282.0,312.648364780627,0.43179499785557546,1.1243144135486012,115.5815292579389
445.0,956.0,576.0,956.0,445.0,956.0,17161.0,82369.0,99530.0,131.0,287.0,315.48375552474965,0.4152353257685341,1.1425948580528054,114.53413694022487
458.0,953.0,577.0,953.0,458.0,953.0,14161.0,86436.0,100597.0,119.0,294.0,317.1703012578574,0.37519275773318317,1.1861916119726832,112.03622694014544
468.0,953.0,584.0,953.0,468.0,953.0,13456.0,87616.0,101072.0,116.0,296.0,317.91822848021786,0.3648736989839448,1.1972991806884192,111.39981013208222
481.0,955.0,589.0,955.0,481.0,955.0,11664.0,88209.0,99873.0,108.0,297.0,316.0268975894299,0.3417430630867043,1.2220253232109897,109.98310652189997
490.0,953.0,585.0,953.0,490.0,953.0,9025.0,88804.0,97829.0,95.0,298.0,312.77627787285917,0.3037314742859644,1.2621896059302578,107.68186263491569
503.0,947.0,590.0,947.0,503.0,947.0,7569.0,93636.0,101205.0,87.0,306.0,318.1273329973393,0.2734754011241393,1.29379200385287,105.871178611457
514.0,948.0,588.0,948.0,514.0,948.0,5476.0,91204.0,96680.0,74.0,302.0,310.9340766143203,0.23799257001923563,1.3304978167041255,103.768090451483
520.0,950.0,591.0,950.0,520.0,950.0,5041.0,91809.0,96850.0,71.0,303.0,311.20732639190874,0.22814372920831716,1.34062562254094,103.18780992130557
530.0,943.0,592.0,943.0,530.0,943.0,3844.0,98596.0,102440.0,62.0,314.0,320.0624938976762,0.19371216928598128,1.3758517424292616,101.1695019230829
539.0,943.0,593.0,943.0,539.0,943.0,2916.0,97969.0,100885.0,54.0,313.0,317.6239915371633,0.17001234616649472,1.3999541291212416,99.78853688944017
550.0,942.0,596.0,942.0,550.0,942.0,2116.0,98596.0,100712.0,46.0,314.0,317.35154009394694,0.1449496668154893,1.4253342249056145,98.33436451735783
555.0,939.0,596.0,939.0,555.0,939.0,1681.0,100489.0,102170.0,41.0,317.0,319.64042297556796,0.12826913322891542,1.4421728288749072,97.36958357702511
561.0,942.0,597.0,942.0,561.0,942.0,1296.0,98596.0,99892.0,36.0,314.0,316.0569568922665,0.1139035202831217,1.4566450597420895,96.54038582819662
567.0,939.0,599.0,939.0,567.0,939.0,1024.0,101124.0,102148.0,32.0,318.0,319.60600745292635,0.10012327444975566,1.4705050093779795,95.74626920979624
568.0,941.0,601.0,941.0,568.0,941.0,1089.0,99856.0,100945.0,33.0,316.0,317.71842880135233,0.10386555203769011,1.4667431111073537,95.96181010366065
579.0,937.0,598.0,937.0,579.0,937.0,361.0,102400.0,102761.0,19.0,320.0,320.5635662392094,0.05927061588097604,1.5114909529346432,93.397947624638
584.0,937.0,598.0,937.0,584.0,937.0,196.0,102400.0,102596.0,14.0,320.0,320.30610359467084,0.04370818989361565,1.527074208193309,92.50509286724139
589.0,936.0,599.0,936.0,589.0,936.0,100.0,103041.0,103141.0,10.0,321.0,321.155725466634,0.031137542341710282,1.5396537507072512,91.78433817298712
595.0,940.0,600.0,940.0,595.0,940.0,25.0,103684.0,103709.0,5.0,322.0,322.03881753602315,0.015526078620757269,1.5552696243226622,90.88961452141437
600.0,935.0,600.0,935.0,600.0,935.0,0.0,106276.0,106276.0,0.0,326.0,326.0,nan,nan,nan
600.0,940.0,600.0,940.0,600.0,940.0,0.0,103041.0,103041.0,0.0,321.0,321.0,nan,nan,nan
605.0,939.0,600.0,939.0,605.0,939.0,25.0,103684.0,103709.0,5.0,322.0,322.03881753602315,0.015526078620757269,1.5552696243226622,89.11038547858563
611.0,939.0,601.0,939.0,611.0,939.0,100.0,104329.0,104429.0,10.0,323.0,323.154761685481,0.030944925421624355,1.5398464604935593,88.22670328443921
616.0,942.0,602.0,942.0,616.0,942.0,196.0,101761.0,101957.0,14.0,319.0,319.30706224573237,0.04384494317643961,1.5269373236855794,87.48706422818498
622.0,941.0,603.0,941.0,622.0,941.0,361.0,99225.0,99586.0,19.0,315.0,315.5724956329369,0.06020803543696707,1.5105518561278393,86.54824609177793
622.0,941.0,603.0,941.0,622.0,941.0,361.0,102400.0,102761.0,19.0,320.0,320.5635662392094,0.05927061588097604,1.5114909529346432,86.602052375362
627.0,941.0,603.0,941.0,627.0,941.0,576.0,99856.0,100432.0,24.0,316.0,316.9100818844361,0.07573126060644482,1.4949924894337574,85.65676004831062
628.0,941.0,603.0,941.0,628.0,941.0,625.0,102400.0,103025.0,25.0,320.0,320.97507691408066,0.07788766729290965,1.4928296929633542,85.53284093861072
632.0,941.0,603.0,941.0,632.0,941.0,841.0,102400.0,103241.0,29.0,320.0,321.3113754600045,0.09025513011633103,1.4804182090992333,84.82171529570188
632.0,941.0,603.0,941.0,632.0,941.0,841.0,102400.0,103241.0,29.0,320.0,321.3113754600045,0.09025513011633103,1.4804182090992333,84.82171529570188
638.0,944.0,608.0,944.0,638.0,944.0,900.0,100489.0,101389.0,30.0,317.0,318.4163940503064,0.09421625444090773,1.4764401243269605,84.59378782770538
637.0,945.0,603.0,945.0,637.0,945.0,1156.0,99225.0,100381.0,34.0,315.0,316.8296072023573,0.1073132031448197,1.4632760768577437,83.8395434664094
638.0,944.0,604.0,944.0,638.0,944.0,1156.0,99856.0,101012.0,34.0,316.0,317.8238505839359,0.10697749692961053,1.4636137268012164,83.8588893831232
637.0,945.0,603.0,945.0,637.0,945.0,1156.0,99225.0,100381.0,34.0,315.0,316.8296072023573,0.1073132031448197,1.4632760768577437,83.8395434664094
642.0,941.0,603.0,941.0,642.0,941.0,1521.0,101761.0,103282.0,39.0,319.0,321.37517016720506,0.1213534946701361,1.4491429852659496,83.02977696672775
642.0,945.0,603.0,945.0,642.0,945.0,1521.0,99225.0,100746.0,39.0,315.0,317.40510392871755,0.12287137011117054,1.4476136646536204,82.94215335011893
642.0,940.0,608.0,940.0,642.0,940.0,1156.0,102400.0,103556.0,34.0,320.0,321.80118085550896,0.10565529905642652,1.4649434612437235,83.93507755455204
642.0,940.0,608.0,940.0,642.0,940.0,1156.0,99225.0,100381.0,34.0,315.0,316.8296072023573,0.1073132031448197,1.4632760768577437,83.8395434664094
642.0,940.0,608.0,940.0,642.0,940.0,1156.0,102400.0,103556.0,34.0,320.0,321.80118085550896,0.10565529905642652,1.4649434612437235,83.93507755455204
642.0,940.0,608.0,940.0,642.0,940.0,1156.0,99225.0,100381.0,34.0,315.0,316.8296072023573,0.1073132031448197,1.4632760768577437,83.8395434664094
642.0,940.0,608.0,940.0,642.0,940.0,1156.0,102400.0,103556.0,34.0,320.0,321.80118085550896,0.10565529905642652,1.4649434612437235,83.93507755455204
642.0,940.0,608.0,940.0,642.0,940.0,1156.0,99225.0,100381.0,34.0,315.0,316.8296072023573,0.1073132031448197,1.4632760768577437,83.8395434664094
642.0,940.0,608.0,940.0,642.0,940.0,1156.0,99225.0,100381.0,34.0,315.0,316.8296072023573,0.1073132031448197,1.4632760768577437,83.8395434664094
642.0,940.0,608.0,940.0,642.0,940.0,1156.0,99225.0,100381.0,34.0,315.0,316.8296072023573,0.1073132031448197,1.4632760768577437,83.8395434664094
642.0,940.0,608.0,940.0,642.0,940.0,1156.0,99225.0,100381.0,34.0,315.0,316.8296072023573,0.1073132031448197,1.4632760768577437,83.8395434664094
637.0,941.0,608.0,941.0,637.0,941.0,841.0,98596.0,99437.0,29.0,314.0,315.3363283860583,0.09196529987022627,1.478700896509064,84.7233205321805
643.0,936.0,609.0,936.0,643.0,936.0,1156.0,102400.0,103556.0,34.0,320.0,321.80118085550896,0.10565529905642652,1.4649434612437235,83.93507755455204
637.0,936.0,608.0,936.0,637.0,936.0,841.0,101761.0,102602.0,29.0,319.0,320.31546949843056,0.09053574604251854,1.4801364395941514,84.8055710922652
642.0,940.0,603.0,940.0,642.0,940.0,1521.0,99225.0,100746.0,39.0,315.0,317.40510392871755,0.12287137011117054,1.4476136646536204,82.94215335011893
637.0,935.0,603.0,935.0,637.0,935.0,1156.0,102400.0,103556.0,34.0,320.0,321.80118085550896,0.10565529905642652,1.4649434612437235,83.93507755455204
637.0,935.0,603.0,935.0,637.0,935.0,1156.0,105625.0,106781.0,34.0,325.0,326.7736219464478,0.10404756601061262,1.4665601055807034,84.02770445203471
637.0,935.0,603.0,935.0,637.0,935.0,1156.0,105625.0,106781.0,34.0,325.0,326.7736219464478,0.10404756601061262,1.4665601055807034,84.02770445203471
633.0,934.0,599.0,934.0,633.0,934.0,1156.0,106276.0,107432.0,34.0,326.0,327.76821078316914,0.10373184122633622,1.4668775481036054,84.04589256883499
633.0,934.0,599.0,934.0,633.0,934.0,1156.0,106276.0,107432.0,34.0,326.0,327.76821078316914,0.10373184122633622,1.4668775481036054,84.04589256883499
633.0,934.0,599.0,934.0,633.0,934.0,1156.0,106276.0,107432.0,34.0,326.0,327.76821078316914,0.10373184122633622,1.4668775481036054,84.04589256883499
633.0,934.0,599.0,934.0,633.0,934.0,1156.0,106276.0,107432.0,34.0,326.0,327.76821078316914,0.10373184122633622,1.4668775481036054,84.04589256883499
628.0,934.0,599.0,934.0,628.0,934.0,841.0,106276.0,107117.0,29.0,326.0,327.28733553255614,0.08860715601112923,1.4820728133842105,84.91651713799533
628.0,934.0,599.0,934.0,628.0,934.0,841.0,106276.0,107117.0,29.0,326.0,327.28733553255614,0.08860715601112923,1.4820728133842105,84.91651713799533
628.0,934.0,599.0,934.0,628.0,934.0,841.0,106276.0,107117.0,29.0,326.0,327.28733553255614,0.08860715601112923,1.4820728133842105,84.91651713799533
628.0,934.0,599.0,934.0,628.0,934.0,841.0,103041.0,103882.0,29.0,321.0,322.3073067741406,0.08997624127808551,1.4806982372878563,84.83775972905467
628.0,934.0,599.0,934.0,628.0,934.0,841.0,103041.0,103882.0,29.0,321.0,322.3073067741406,0.08997624127808551,1.4806982372878563,84.83775972905467
628.0,934.0,598.0,934.0,628.0,934.0,900.0,106276.0,107176.0,30.0,326.0,327.37745799000885,0.09163734175282028,1.4790302453550903,84.7421908310453
628.0,934.0,594.0,934.0,628.0,934.0,1156.0,106276.0,107432.0,34.0,326.0,327.76821078316914,0.10373184122633622,1.4668775481036054,84.04589256883499
628.0,934.0,594.0,934.0,628.0,934.0,1156.0,106276.0,107432.0,34.0,326.0,327.76821078316914,0.10373184122633622,1.4668775481036054,84.04589256883499
627.0,934.0,593.0,934.0,627.0,934.0,1156.0,106276.0,107432.0,34.0,326.0,327.76821078316914,0.10373184122633622,1.4668775481036054,84.04589256883499
627.0,934.0,593.0,934.0,627.0,934.0,1156.0,106276.0,107432.0,34.0,326.0,327.76821078316914,0.10373184122633622,1.4668775481036054,84.04589256883499
627.0,934.0,593.0,934.0,627.0,934.0,1156.0,106276.0,107432.0,34.0,326.0,327.76821078316914,0.10373184122633622,1.4668775481036054,84.04589256883499
622.0,934.0,593.0,934.0,622.0,934.0,841.0,106276.0,107117.0,29.0,326.0,327.28733553255614,0.08860715601112923,1.4820728133842105,84.91651713799533
622.0,934.0,593.0,934.0,622.0,934.0,841.0,106276.0,107117.0,29.0,326.0,327.28733553255614,0.08860715601112923,1.4820728133842105,84.91651713799533
607.0,938.0,602.0,938.0,607.0,938.0,25.0,100489.0,100514.0,5.0,317.0,317.0394297244429,0.01577090901389075,1.555024763946945,89.09635601248705
612.0,934.0,602.0,934.0,612.0,934.0,100.0,103041.0,103141.0,10.0,321.0,321.155725466634,0.031137542341710282,1.5396537507072512,88.21566182701288
607.0,933.0,602.0,933.0,607.0,933.0,25.0,103684.0,103709.0,5.0,322.0,322.03881753602315,0.015526078620757269,1.5552696243226622,89.11038547858563
612.0,933.0,603.0,933.0,612.0,933.0,81.0,103684.0,103765.0,9.0,322.0,322.1257518423512,0.027939399282813665,1.542853291272057,88.39898199775716
612.0,933.0,603.0,933.0,612.0,933.0,81.0,103684.0,103765.0,9.0,322.0,322.1257518423512,0.027939399282813665,1.542853291272057,88.39898199775716
612.0,933.0,603.0,933.0,612.0,933.0,81.0,103684.0,103765.0,9.0,322.0,322.1257518423512,0.027939399282813665,1.542853291272057,88.39898199775716
612.0,933.0,603.0,933.0,612.0,933.0,81.0,103684.0,103765.0,9.0,322.0,322.1257518423512,0.027939399282813665,1.542853291272057,88.39898199775716
612.0,933.0,602.0,933.0,612.0,933.0,100.0,103684.0,103784.0,10.0,322.0,322.1552420805845,0.031040935219357944,1.5397504045508734,88.22119968432615
612.0,933.0,603.0,933.0,612.0,933.0,81.0,103684.0,103765.0,9.0,322.0,322.1257518423512,0.027939399282813665,1.542853291272057,88.39898199775716
612.0,933.0,603.0,933.0,612.0,933.0,81.0,103684.0,103765.0,9.0,322.0,322.1257518423512,0.027939399282813665,1.542853291272057,88.39898199775716
612.0,933.0,603.0,933.0,612.0,933.0,81.0,103684.0,103765.0,9.0,322.0,322.1257518423512,0.027939399282813665,1.542853291272057,88.39898199775716
612.0,933.0,602.0,933.0,612.0,933.0,100.0,103684.0,103784.0,10.0,322.0,322.1552420805845,0.031040935219357944,1.5397504045508734,88.22119968432615
612.0,933.0,602.0,933.0,612.0,933.0,100.0,103684.0,103784.0,10.0,322.0,322.1552420805845,0.031040935219357944,1.5397504045508734,88.22119968432615
612.0,933.0,602.0,933.0,612.0,933.0,100.0,103684.0,103784.0,10.0,322.0,322.1552420805845,0.031040935219357944,1.5397504045508734,88.22119968432615
612.0,933.0,602.0,933.0,612.0,933.0,100.0,103684.0,103784.0,10.0,322.0,322.1552420805845,0.031040935219357944,1.5397504045508734,88.22119968432615
612.0,933.0,602.0,933.0,612.0,933.0,100.0,103684.0,103784.0,10.0,322.0,322.1552420805845,0.031040935219357944,1.5397504045508734,88.22119968432615
612.0,934.0,602.0,934.0,612.0,934.0,100.0,103041.0,103141.0,10.0,321.0,321.155725466634,0.031137542341710282,1.5396537507072512,88.21566182701288
612.0,933.0,602.0,933.0,612.0,933.0,100.0,103684.0,103784.0,10.0,322.0,322.1552420805845,0.031040935219357944,1.5397504045508734,88.22119968432615
612.0,933.0,602.0,933.0,612.0,933.0,100.0,103684.0,103784.0,10.0,322.0,322.1552420805845,0.031040935219357944,1.5397504045508734,88.22119968432615
612.0,933.0,602.0,933.0,612.0,933.0,100.0,103041.0,103141.0,10.0,321.0,321.155725466634,0.031137542341710282,1.5396537507072512,88.21566182701288
612.0,933.0,602.0,933.0,612.0,933.0,100.0,103684.0,103784.0,10.0,322.0,322.1552420805845,0.031040935219357944,1.5397504045508734,88.22119968432615
612.0,928.0,602.0,928.0,612.0,928.0,100.0,106276.0,106376.0,10.0,326.0,326.15333817086713,0.03066042511194885,1.540131095867948,88.2430116900918
607.0,934.0,602.0,934.0,607.0,934.0,25.0,102400.0,102425.0,5.0,320.0,320.0390601161052,0.015623093000542114,1.5551725981744198,89.10482628978893
607.0,933.0,602.0,933.0,607.0,933.0,25.0,103041.0,103066.0,5.0,321.0,321.0389384482823,0.015574434752890493,1.555221262342954,89.10761454125945
612.0,933.0,602.0,933.0,612.0,933.0,100.0,103041.0,103141.0,10.0,321.0,321.155725466634,0.031137542341710282,1.5396537507072512,88.21566182701288
607.0,933.0,602.0,933.0,607.0,933.0,25.0,103041.0,103066.0,5.0,321.0,321.0389384482823,0.015574434752890493,1.555221262342954,89.10761454125945
612.0,933.0,602.0,933.0,612.0,933.0,100.0,103684.0,103784.0,10.0,322.0,322.1552420805845,0.031040935219357944,1.5397504045508734,88.22119968432615
607.0,933.0,602.0,933.0,607.0,933.0,25.0,103041.0,103066.0,5.0,321.0,321.0389384482823,0.015574434752890493,1.555221262342954,89.10761454125945
607.0,933.0,602.0,933.0,607.0,933.0,25.0,103684.0,103709.0,5.0,322.0,322.03881753602315,0.015526078620757269,1.5552696243226622,89.11038547858563
607.0,933.0,602.0,933.0,607.0,933.0,25.0,103041.0,103066.0,5.0,321.0,321.0389384482823,0.015574434752890493,1.555221262342954,89.10761454125945
607.0,934.0,602.0,934.0,607.0,934.0,25.0,103041.0,103066.0,5.0,321.0,321.0389384482823,0.015574434752890493,1.555221262342954,89.10761454125945
607.0,933.0,602.0,933.0,607.0,933.0,25.0,103684.0,103709.0,5.0,322.0,322.03881753602315,0.015526078620757269,1.5552696243226622,89.11038547858563
607.0,933.0,602.0,933.0,607.0,933.0,25.0,103684.0,103709.0,5.0,322.0,322.03881753602315,0.015526078620757269,1.5552696243226622,89.11038547858563
607.0,933.0,602.0,933.0,607.0,933.0,25.0,103684.0,103709.0,5.0,322.0,322.03881753602315,0.015526078620757269,1.5552696243226622,89.11038547858563
607.0,929.0,602.0,929.0,607.0,929.0,25.0,106276.0,106301.0,5.0,326.0,326.03834130359576,0.01533561966978654,1.5554601059531672,89.12129927208834
607.0,929.0,602.0,929.0,607.0,929.0,25.0,106276.0,106301.0,5.0,326.0,326.03834130359576,0.01533561966978654,1.5554601059531672,89.12129927208834
607.0,929.0,602.0,929.0,607.0,929.0,25.0,106276.0,106301.0,5.0,326.0,326.03834130359576,0.01533561966978654,1.5554601059531672,89.12129927208834
607.0,929.0,602.0,929.0,607.0,929.0,25.0,106276.0,106301.0,5.0,326.0,326.03834130359576,0.01533561966978654,1.5554601059531672,89.12129927208834
607.0,929.0,602.0,929.0,607.0,929.0,25.0,106276.0,106301.0,5.0,326.0,326.03834130359576,0.01533561966978654,1.5554601059531672,89.12129927208834
602.0,927.0,602.0,927.0,602.0,927.0,0.0,107584.0,107584.0,0.0,328.0,328.0,nan,nan,nan
602.0,927.0,602.0,927.0,602.0,927.0,0.0,104329.0,104329.0,0.0,323.0,323.0,nan,nan,nan
603.0,927.0,603.0,927.0,603.0,927.0,0.0,107584.0,107584.0,0.0,328.0,328.0,nan,nan,nan
597.0,927.0,602.0,927.0,597.0,927.0,25.0,104976.0,105001.0,5.0,324.0,324.0385779502188,0.015430261518948331,1.5553654529042018,90.88412394813543
593.0,927.0,602.0,927.0,593.0,927.0,81.0,108241.0,108322.0,9.0,329.0,329.1230772826482,0.027345393323090723,1.5434475243112729,91.56697095704854
592.0,927.0,602.0,927.0,592.0,927.0,100.0,108241.0,108341.0,10.0,329.0,329.1519405988669,0.030381106007777933,1.540410545159256,91.74097704492833
587.0,932.0,602.0,932.0,587.0,932.0,225.0,104976.0,105201.0,15.0,324.0,324.34703636691364,0.046246761394888876,1.5245330643705397,92.65068968342182
582.0,927.0,602.0,927.0,582.0,927.0,400.0,108241.0,108641.0,20.0,329.0,329.607342151233,0.06067825998494731,1.5100807702616155,93.47874514014495
577.0,928.0,601.0,928.0,577.0,928.0,576.0,104329.0,104905.0,24.0,323.0,323.8904135660702,0.07409913660536377,1.4966292129634677,94.24946260120723
572.0,929.0,601.0,929.0,572.0,929.0,841.0,104329.0,105170.0,29.0,323.0,324.29924452579286,0.0894235817366929,1.4812531337140078,95.13044704765996
561.0,928.0,595.0,928.0,561.0,928.0,1156.0,104329.0,105485.0,34.0,323.0,324.7845439672276,0.10468478451804275,1.4659193880646628,96.00900595749452
554.0,930.0,593.0,930.0,554.0,930.0,1521.0,103041.0,104562.0,39.0,321.0,323.3604799600594,0.1206084305813041,1.4498935624922051,96.92721812600917
544.0,931.0,598.0,931.0,544.0,931.0,2916.0,102400.0,105316.0,54.0,320.0,324.5242671973854,0.16639741756863924,1.403621309701819,99.57842291946073
535.0,931.0,588.0,931.0,535.0,931.0,2809.0,102400.0,105209.0,53.0,320.0,324.3593686021725,0.16339901088229278,1.4066613337771083,99.4042423703285
520.0,934.0,582.0,934.0,520.0,934.0,3844.0,97969.0,101813.0,62.0,313.0,319.0814942926023,0.1943077273642987,1.3752446493052477,101.2042857968603
509.0,935.0,576.0,935.0,509.0,935.0,4489.0,97344.0,101833.0,67.0,312.0,319.11283270968596,0.20995708455558568,1.3592652610546934,102.119837302818
493.0,942.0,574.0,942.0,493.0,942.0,6561.0,93025.0,99586.0,81.0,305.0,315.5724956329369,0.2566763615997017,1.3112145511455153,104.87294018322135
484.0,942.0,569.0,942.0,484.0,942.0,7225.0,90000.0,97225.0,85.0,300.0,311.8092365533773,0.2726025724560254,1.2946993073994602,105.81919394750014
469.0,946.0,570.0,946.0,469.0,946.0,10201.0,90601.0,100802.0,101.0,301.0,317.49330701606925,0.31811694220970804,1.2470537431606592,108.54908369090288
455.0,949.0,569.0,949.0,455.0,949.0,12996.0,86436.0,99432.0,114.0,294.0,315.3284002433019,0.36152785449087227,1.200890259338339,111.19405648154228
440.0,952.0,567.0,952.0,440.0,952.0,16129.0,85264.0,101393.0,127.0,292.0,318.42267507198665,0.3988409430053585,1.1605437671205765,113.50574020377749
426.0,956.0,566.0,956.0,426.0,956.0,19600.0,80656.0,100256.0,140.0,284.0,316.6322788346128,0.4421532779768373,1.1127983751976749,116.24134965215777
412.0,953.0,565.0,953.0,412.0,953.0,23409.0,82369.0,105778.0,153.0,287.0,325.2352994371921,0.4704286412476166,1.0810198650716614,118.0621241615921
402.0,954.0,565.0,954.0,402.0,954.0,26569.0,82944.0,109513.0,163.0,288.0,330.9274845037807,0.49255503889142155,1.0557731277179219,119.50865565843665
388.0,954.0,559.0,954.0,388.0,954.0,29241.0,79524.0,108765.0,171.0,282.0,329.7953911139451,0.5185033041923837,1.0256966734882196,121.23190954851698
379.0,952.0,559.0,952.0,379.0,952.0,32400.0,78961.0,111361.0,180.0,281.0,333.7079561532808,0.5393937923293662,1.0010792992699484,122.64238119391808
366.0,946.0,550.0,946.0,366.0,946.0,33856.0,81225.0,115081.0,184.0,285.0,339.2359061184414,0.5423954147582418,0.9975105674568261,122.84685446502405
359.0,945.0,544.0,945.0,359.0,945.0,34225.0,76729.0,110954.0,185.0,277.0,333.097583299549,0.5553928016152331,0.981961083972638,123.73777424227642
351.0,937.0,539.0,937.0,351.0,937.0,35344.0,75076.0,110420.0,188.0,274.0,332.29504961705345,0.5657622652418588,0.9694389245952096,124.45524112499322
344.0,925.0,535.0,925.0,344.0,925.0,36481.0,77284.0,113765.0,191.0,278.0,337.2906758272455,0.5662771422054577,0.9688143707863371,124.49102542232043
342.0,918.0,523.0,918.0,342.0,918.0,32761.0,76729.0,109490.0,181.0,277.0,330.89273186336385,0.5470050640905001,0.9920139146034299,123.16178947497221
341.0,904.0,522.0,904.0,341.0,904.0,32761.0,75076.0,107837.0,181.0,274.0,328.3854442572021,0.5511815555936607,0.9870166711171068,123.44811043593776
336.0,889.0,514.0,889.0,336.0,889.0,31684.0,76729.0,108413.0,178.0,277.0,329.26129441524097,0.5406040825907676,0.9996413287110691,122.72477083800592
335.0,876.0,509.0,876.0,335.0,876.0,30276.0,76729.0,107005.0,174.0,277.0,327.11618730964693,0.5319210933309524,1.0099287068516856,122.13534748829346
332.0,858.0,507.0,858.0,332.0,858.0,30625.0,78400.0,109025.0,175.0,280.0,330.1893396219811,0.52999894000318,1.0121970114513341,122.0053832080835
330.0,845.0,505.0,845.0,330.0,845.0,30625.0,79524.0,110149.0,175.0,282.0,331.8870289722092,0.5272878561778737,1.015390868365282,121.82238868654561
333.0,828.0,498.0,828.0,333.0,828.0,27225.0,80656.0,107881.0,165.0,284.0,328.45243186799513,0.5023558481866057,1.0444751090946272,120.15598444241164
331.0,816.0,496.0,816.0,331.0,816.0,27225.0,79524.0,106749.0,165.0,282.0,326.72465471708745,0.5050123938240116,1.0414000020730345,120.33217509629995
326.0,802.0,488.0,802.0,326.0,802.0,26244.0,81796.0,108040.0,162.0,286.0,328.69438693108225,0.4928590400114339,1.0554237795423091,119.52867183447985
328.0,783.0,482.0,783.0,328.0,783.0,23716.0,84681.0,108397.0,154.0,291.0,329.23699670602025,0.46774816178240286,1.084054998029844,117.88822385282717
326.0,772.0,477.0,772.0,326.0,772.0,22801.0,81796.0,104597.0,151.0,286.0,323.4145945995635,0.4668929681017055,1.0850223155342973,117.83280064237286
325.0,753.0,472.0,753.0,325.0,753.0,21609.0,89401.0,111010.0,147.0,299.0,333.1816321467917,0.44120079205097174,1.113860026425413,116.18052151749347
329.0,740.0,462.0,740.0,329.0,740.0,17689.0,93025.0,110714.0,133.0,305.0,332.73713348527843,0.39971492994148916,1.15959049655771,113.5603585837638
327.0,724.0,463.0,724.0,327.0,724.0,18496.0,101124.0,119620.0,136.0,318.0,345.8612438536587,0.3932212770782277,1.1666638418065638,113.15508575396557
326.0,712.0,459.0,712.0,326.0,712.0,17689.0,101124.0,118813.0,133.0,318.0,344.6926166891307,0.38585102656825754,1.1746662210620549,112.69658319656288
322.0,700.0,446.0,700.0,322.0,700.0,15376.0,101761.0,117137.0,124.0,319.0,342.2528305215313,0.36230525781495065,1.2000563239114885,111.24183746188726
321.0,688.0,442.0,688.0,321.0,688.0,14641.0,106276.0,120917.0,121.0,326.0,347.731218040601,0.3479699081428808,1.2153915138910871,110.36319579802495
321.0,676.0,436.0,676.0,321.0,676.0,13225.0,106929.0,120154.0,115.0,327.0,346.63237009835075,0.3317635914019536,1.2326238911009948,109.3758533129198
317.0,665.0,429.0,665.0,317.0,665.0,12544.0,112896.0,125440.0,112.0,336.0,354.17509793885847,0.31622776601683794,1.2490457723982544,108.43494882292201
316.0,654.0,423.0,654.0,316.0,654.0,11449.0,114921.0,126370.0,107.0,339.0,355.4855833926321,0.3009967351666664,1.265058638503606,107.51747917717728
314.0,640.0,420.0,640.0,314.0,640.0,11236.0,121801.0,133037.0,106.0,349.0,364.7423748346221,0.29061608223629476,1.275925680032992,106.89484356175006
315.0,631.0,408.0,631.0,315.0,631.0,8649.0,119716.0,128365.0,93.0,346.0,358.28061627724156,0.25957307142744096,1.3082162317648292,105.04473122936695
315.0,622.0,402.0,622.0,315.0,622.0,7569.0,127449.0,135018.0,87.0,357.0,367.4479554984624,0.23676822444686063,1.3317581878464275,103.69587650440901
313.0,615.0,394.0,615.0,313.0,615.0,6561.0,131769.0,138330.0,81.0,363.0,371.9274122728789,0.2177844313894541,1.3512524905055079,102.57893523749306
313.0,608.0,382.0,608.0,313.0,608.0,4761.0,139129.0,143890.0,69.0,373.0,379.3283538044579,0.1819004546007895,1.3878775218188393,100.48047551870468
305.0,600.0,377.0,600.0,305.0,600.0,5184.0,144400.0,149584.0,72.0,380.0,386.76090805561,0.18616152382610385,1.3835424070614137,100.72885929801005
303.0,593.0,376.0,593.0,303.0,593.0,5329.0,148996.0,154325.0,73.0,386.0,392.84220750830735,0.18582524638332373,1.3838846564162057,100.70924985443939
307.0,586.0,374.0,586.0,307.0,586.0,4489.0,152100.0,156589.0,67.0,390.0,395.7132800399805,0.16931450972085327,1.4006622316061634,99.74796560559142
305.0,583.0,373.0,583.0,305.0,583.0,4624.0,154449.0,159073.0,68.0,393.0,398.839566743321,0.17049461906511998,1.3994647108576528,99.81657849036043
309.0,585.0,371.0,585.0,309.0,585.0,3844.0,150544.0,154388.0,62.0,388.0,392.92238419311263,0.15779197748512178,1.4123421100420552,99.07875786598895
308.0,585.0,370.0,585.0,308.0,585.0,3844.0,144400.0,148244.0,62.0,380.0,385.0246745339836,0.16102864076189918,1.4090635199545016,99.2666072407592
308.0,581.0,371.0,581.0,308.0,581.0,3969.0,146689.0,150658.0,63.0,383.0,388.146879415512,0.16230969084401262,1.4077653929318446,99.34098444042934
306.0,582.0,370.0,582.0,306.0,582.0,4096.0,145161.0,149257.0,64.0,381.0,386.3379349740328,0.16565807860494383,1.4043710543290762,99.5354657166063
310.0,579.0,360.0,579.0,310.0,579.0,2500.0,146689.0,149189.0,50.0,383.0,386.24991909384266,0.1294498653030192,1.4409821700390462,97.43780330315991
302.0,581.0,358.0,581.0,302.0,581.0,3136.0,144400.0,147536.0,56.0,380.0,384.1041525419896,0.14579378959949718,1.4244810387898663,98.38324848092935
302.0,577.0,352.0,577.0,302.0,577.0,2500.0,157609.0,160109.0,50.0,397.0,400.13622680282276,0.12495744361741773,1.445511388312858,97.17829821157696
301.0,574.0,343.0,574.0,301.0,574.0,1764.0,160000.0,161764.0,42.0,400.0,402.1989557420556,0.10442593000399554,1.466179669162377,95.99409294910846
303.0,577.0,338.0,577.0,303.0,577.0,1225.0,171396.0,172621.0,35.0,414.0,415.4768344926104,0.08424055710047657,1.4864558150496783,94.83235536497456
302.0,575.0,330.0,575.0,302.0,575.0,784.0,172225.0,173009.0,28.0,415.0,415.94350577933056,0.06731683416366349,1.5034285470052624,93.85988945711276
301.0,579.0,328.0,579.0,301.0,579.0,729.0,168100.0,168829.0,27.0,410.0,410.8880626155985,0.06571132738226938,1.5050376172699993,93.76769652200333
299.0,576.0,320.0,576.0,299.0,576.0,441.0,168921.0,169362.0,21.0,411.0,411.5361466505707,0.051028324415524046,1.5197458310338867,92.92497794915636
298.0,581.0,320.0,581.0,298.0,581.0,484.0,169744.0,170228.0,22.0,412.0,412.58696053074675,0.053322092321336265,1.5174489341226052,93.05658044814943
301.0,579.0,315.0,579.0,301.0,579.0,196.0,165649.0,165845.0,14.0,407.0,407.2407150568322,0.0343777021363059,1.5364118496421866,91.97008542161429
291.0,578.0,312.0,578.0,291.0,578.0,441.0,170569.0,171010.0,21.0,413.0,413.533553656774,0.050781852679914946,1.519992622736675,92.91083782616775
291.0,579.0,312.0,579.0,291.0,579.0,441.0,164025.0,164466.0,21.0,405.0,405.54407898525653,0.05178228727329897,1.5189908700038954,92.96823402987171
297.0,578.0,311.0,578.0,297.0,578.0,196.0,168100.0,168296.0,14.0,410.0,410.23895475685873,0.03412645200477743,1.536663247288118,91.9556813975229
295.0,577.0,309.0,577.0,295.0,577.0,196.0,171396.0,171592.0,14.0,414.0,414.2366473406234,0.033797106291486356,1.5369927831014416,91.93680038622104
295.0,576.0,308.0,576.0,295.0,576.0,169.0,167281.0,167450.0,13.0,409.0,409.20654931220247,0.03176879749811067,1.5390221830574866,91.82052433379563
295.0,573.0,302.0,573.0,295.0,573.0,49.0,168921.0,168970.0,7.0,411.0,411.0596063833079,0.017029160470398028,1.553766343162821,90.9757461872948
296.0,573.0,302.0,573.0,296.0,573.0,36.0,162409.0,162445.0,6.0,403.0,403.0446625375406,0.014886687649513645,1.5559090892421257,90.85297588038244
297.0,577.0,297.0,577.0,297.0,577.0,0.0,162409.0,162409.0,0.0,403.0,403.0,nan,nan,nan
297.0,574.0,297.0,574.0,297.0,574.0,0.0,164836.0,164836.0,0.0,406.0,406.0,nan,nan,nan
298.0,574.0,298.0,574.0,298.0,574.0,0.0,167281.0,167281.0,0.0,409.0,409.0,nan,nan,nan
293.0,576.0,293.0,576.0,293.0,576.0,0.0,167281.0,167281.0,0.0,409.0,409.0,nan,nan,nan
297.0,573.0,297.0,573.0,297.0,573.0,0.0,166464.0,166464.0,0.0,408.0,408.0,nan,nan,nan
291.0,573.0,297.0,573.0,291.0,573.0,36.0,166464.0,166500.0,6.0,408.0,408.0441152620633,0.014704292441876154,1.5560915044170451,90.84252426074042
292.0,575.0,292.0,575.0,292.0,575.0,0.0,164836.0,164836.0,0.0,406.0,406.0,nan,nan,nan
288.0,573.0,294.0,573.0,288.0,573.0,36.0,165649.0,165685.0,6.0,407.0,407.04422364160877,0.014740413084163639,1.5560553798595866,90.84459404541957
293.0,571.0,293.0,571.0,293.0,571.0,0.0,165649.0,165649.0,0.0,407.0,407.0,nan,nan,nan
288.0,573.0,294.0,573.0,288.0,573.0,36.0,164836.0,164872.0,6.0,406.0,406.0443325549564,0.014776711602514302,1.5560190773874043,90.8466740238615
289.0,570.0,289.0,570.0,289.0,570.0,0.0,168921.0,168921.0,0.0,411.0,411.0,nan,nan,nan
290.0,574.0,290.0,574.0,290.0,574.0,0.0,164836.0,164836.0,0.0,406.0,406.0,nan,nan,nan
293.0,572.0,287.0,572.0,293.0,572.0,36.0,168100.0,168136.0,6.0,410.0,410.0439000887588,0.014632579581603897,1.5561632249935557,89.16158502559789
291.0,572.0,291.0,572.0,291.0,572.0,0.0,168100.0,168100.0,0.0,410.0,410.0,nan,nan,nan
288.0,570.0,288.0,570.0,288.0,570.0,0.0,170569.0,170569.0,0.0,413.0,413.0,nan,nan,nan
293.0,571.0,287.0,571.0,293.0,571.0,36.0,174724.0,174760.0,6.0,418.0,418.04305998305966,0.014352588463597837,1.556443245521076,89.17762902000182
286.0,573.0,286.0,573.0,286.0,573.0,0.0,174724.0,174724.0,0.0,418.0,418.0,nan,nan,nan
287.0,573.0,281.0,573.0,287.0,573.0,36.0,176400.0,176436.0,6.0,420.0,420.04285495649134,0.014284256782850141,1.5565115842075,89.18154453831139
287.0,575.0,281.0,575.0,287.0,575.0,36.0,169744.0,169780.0,6.0,412.0,412.0436870041816,0.014561562740164272,1.556234249402158,89.16565442445321
288.0,572.0,281.0,572.0,288.0,572.0,49.0,173056.0,173105.0,7.0,416.0,416.0588900624526,0.016824541350262373,1.553970991603174,89.03597930462136
286.0,579.0,280.0,579.0,286.0,579.0,36.0,175561.0,175597.0,6.0,419.0,419.0429572251513,0.014318341106914743,1.556477496397314,89.1795914506549
287.0,577.0,281.0,577.0,287.0,577.0,36.0,173889.0,173925.0,6.0,417.0,417.0431632337353,0.01438700002531213,1.5564088304059709,89.17565717915484
287.0,576.0,280.0,576.0,287.0,576.0,49.0,174724.0,174773.0,7.0,418.0,418.05860833141566,0.016744063775983187,1.5540514805156527,89.04059097960399
287.0,577.0,280.0,577.0,287.0,577.0,49.0,173056.0,173105.0,7.0,416.0,416.0588900624526,0.016824541350262373,1.553970991603174,89.03597930462136
285.0,573.0,279.0,573.0,285.0,573.0,36.0,180625.0,180661.0,6.0,425.0,425.0423508310672,0.014116240389383448,1.5566796175437327,89.19117213929503
286.0,575.0,279.0,575.0,286.0,575.0,49.0,178929.0,178978.0,7.0,423.0,423.0579156569464,0.016546197910350016,1.5542493737977021,89.0519294294594
285.0,576.0,279.0,576.0,285.0,576.0,36.0,178929.0,178965.0,6.0,423.0,423.0425510513097,0.01418297044845561,1.556612880803588,89.18734840574626
285.0,577.0,279.0,577.0,285.0,577.0,36.0,173056.0,173092.0,6.0,416.0,416.04326698073123,0.014421576975737685,1.5563742498679116,89.17367586027076
284.0,577.0,272.0,577.0,284.0,577.0,144.0,173889.0,174033.0,12.0,417.0,417.17262613934776,0.028765070496240212,1.5420272879773034,88.35165549510387
284.0,574.0,278.0,574.0,284.0,574.0,36.0,177241.0,177277.0,6.0,421.0,421.042753173594,0.014250334330124969,1.5565455101133086,89.18348834953038
284.0,574.0,271.0,574.0,284.0,574.0,169.0,177241.0,177410.0,13.0,421.0,421.2006647668068,0.030864148818941936,1.5399272756983968,88.23133365459688
284.0,575.0,272.0,575.0,284.0,575.0,144.0,176400.0,176544.0,12.0,420.0,420.1713936002783,0.028559773898876997,1.5422326689561365,88.36342295838328
284.0,575.0,271.0,575.0,284.0,575.0,169.0,177241.0,177410.0,13.0,421.0,421.2006647668068,0.030864148818941936,1.5399272756983968,88.23133365459688
284.0,576.0,271.0,576.0,284.0,576.0,169.0,176400.0,176569.0,13.0,420.0,420.2011423116315,0.030937564635078695,1.5398538248061004,88.22712522846683
283.0,576.0,271.0,576.0,283.0,576.0,144.0,176400.0,176544.0,12.0,420.0,420.1713936002783,0.028559773898876997,1.5422326689561365,88.36342295838328
283.0,577.0,270.0,577.0,283.0,577.0,169.0,180625.0,180794.0,13.0,425.0,425.19877704433725,0.030573935537553148,1.5402176260090645,88.24796950197845
283.0,577.0,271.0,577.0,283.0,577.0,144.0,180625.0,180769.0,12.0,425.0,425.1693780130455,0.028224045805179794,1.5425685324485792,88.38266651899276
283.0,577.0,271.0,577.0,283.0,577.0,144.0,180625.0,180769.0,12.0,425.0,425.1693780130455,0.028224045805179794,1.5425685324485792,88.38266651899276
283.0,578.0,271.0,578.0,283.0,578.0,144.0,179776.0,179920.0,12.0,424.0,424.16977732978575,0.02829055873697993,1.5425019929463928,88.37885408634659
283.0,580.0,270.0,580.0,283.0,580.0,169.0,178084.0,178253.0,13.0,422.0,422.2001894836145,0.03079108044906391,1.5400003788130217,88.23552215453414
283.0,580.0,270.0,580.0,283.0,580.0,169.0,173056.0,173225.0,13.0,416.0,416.20307543313515,0.031234752377721213,1.5395564933646284,88.21008939175394
283.0,580.0,270.0,580.0,283.0,580.0,169.0,172225.0,172394.0,13.0,415.0,415.2035645319052,0.031309943147178956,1.539481265801391,88.20577916987737
282.0,577.0,270.0,577.0,282.0,577.0,144.0,174724.0,174868.0,12.0,418.0,418.1722133284324,0.028696311274453816,1.5420960755954236,88.35559673530491
282.0,582.0,270.0,582.0,282.0,582.0,144.0,169744.0,169888.0,12.0,412.0,412.1747202340289,0.02911386703480144,1.5416783452878577,88.3316625517067
282.0,577.0,270.0,577.0,282.0,577.0,144.0,174724.0,174868.0,12.0,418.0,418.1722133284324,0.028696311274453816,1.5420960755954236,88.35559673530491
282.0,579.0,270.0,579.0,282.0,579.0,144.0,173056.0,173200.0,12.0,416.0,416.17304093369626,0.028834159879932764,1.5419581699237777,88.34769532234868
282.0,580.0,270.0,580.0,282.0,580.0,144.0,172225.0,172369.0,12.0,415.0,415.17345772580404,0.028903581808269747,1.5418887190488084,88.34371608032946
282.0,581.0,270.0,581.0,282.0,581.0,144.0,171396.0,171540.0,12.0,414.0,414.1738765301356,0.028973338686962967,1.5418189329433354,88.33971763101721
282.0,580.0,269.0,580.0,282.0,580.0,169.0,172225.0,172394.0,13.0,415.0,415.2035645319052,0.031309943147178956,1.539481265801391,88.20577916987737
281.0,583.0,269.0,583.0,281.0,583.0,144.0,169744.0,169888.0,12.0,412.0,412.1747202340289,0.02911386703480144,1.5416783452878577,88.3316625517067
280.0,580.0,267.0,580.0,280.0,580.0,169.0,169744.0,169913.0,13.0,412.0,412.20504606324266,0.03153770222891806,1.5392533941847004,88.1927230879702
279.0,581.0,267.0,581.0,279.0,581.0,144.0,168921.0,169065.0,12.0,411.0,411.17514516322603,0.029184643432754932,1.541607538802102,88.32760563891074
279.0,579.0,267.0,579.0,279.0,579.0,144.0,170569.0,170713.0,12.0,413.0,413.1742973612952,0.029043432944975148,1.541748809174999,88.33569983504798
279.0,583.0,266.0,583.0,279.0,583.0,169.0,171396.0,171565.0,13.0,414.0,414.2040559917298,0.03138549662164478,1.5394056751770984,88.20144814613465
278.0,582.0,266.0,582.0,278.0,582.0,144.0,167281.0,167425.0,12.0,409.0,409.1760012512953,0.029327233179128224,1.5414648879944177,88.3194323496863
278.0,582.0,266.0,582.0,278.0,582.0,144.0,167281.0,167425.0,12.0,409.0,409.1760012512953,0.029327233179128224,1.5414648879944177,88.3194323496863
278.0,583.0,265.0,583.0,278.0,583.0,169.0,166464.0,166633.0,13.0,408.0,408.2070553040454,0.0318465833235469,1.5389443578530533,88.1750166104506
278.0,582.0,265.0,582.0,278.0,582.0,169.0,167281.0,167450.0,13.0,409.0,409.20654931220247,0.03176879749811067,1.5390221830574866,88.17947566620437
277.0,582.0,265.0,582.0,277.0,582.0,144.0,168100.0,168244.0,12.0,410.0,410.17557216392106,0.02925576463925639,1.5415363872137628,88.32352895319325
277.0,582.0,264.0,582.0,277.0,582.0,169.0,168100.0,168269.0,13.0,410.0,410.2060457867485,0.03169139054268897,1.5390996290089938,88.1839129923661
277.0,583.0,264.0,583.0,277.0,583.0,169.0,167281.0,167450.0,13.0,409.0,409.20654931220247,0.03176879749811067,1.5390221830574866,88.17947566620437
277.0,584.0,265.0,584.0,277.0,584.0,144.0,167281.0,167425.0,12.0,409.0,409.1760012512953,0.029327233179128224,1.5414648879944177,88.3194323496863
283.0,580.0,265.0,580.0,283.0,580.0,324.0,166464.0,166788.0,18.0,408.0,408.3968658057992,0.0440747750707748,1.5267072693968247,87.47388308838045
284.0,581.0,265.0,581.0,284.0,581.0,361.0,170569.0,170930.0,19.0,413.0,413.43681500321185,0.04595623638367182,1.5248238986091909,87.3659738909908
284.0,582.0,265.0,582.0,284.0,582.0,361.0,169744.0,170105.0,19.0,412.0,412.43787410954394,0.046067544211406686,1.5247124727694132,87.35958966064284
283.0,582.0,265.0,582.0,283.0,582.0,324.0,168921.0,169245.0,18.0,411.0,411.3939717594316,0.04375367952772471,1.5270286749996422,87.49229827293375
283.0,584.0,265.0,584.0,283.0,584.0,324.0,167281.0,167605.0,18.0,409.0,409.3958964132396,0.043967221356393374,1.5268149274743532,87.48005144185332
283.0,584.0,265.0,584.0,283.0,584.0,324.0,162409.0,162733.0,18.0,403.0,403.40178482500545,0.04462052642580237,1.5261609805736096,87.44258304441504
283.0,583.0,265.0,583.0,283.0,583.0,324.0,162409.0,162733.0,18.0,403.0,403.40178482500545,0.04462052642580237,1.5261609805736096,87.44258304441504
284.0,583.0,265.0,583.0,284.0,583.0,361.0,167281.0,167642.0,19.0,409.0,409.4410824526528,0.0464047229608356,1.5243749330324854,87.34025005829892
283.0,581.0,264.0,581.0,283.0,581.0,361.0,169744.0,170105.0,19.0,412.0,412.43787410954394,0.046067544211406686,1.5247124727694132,87.35958966064284
283.0,581.0,265.0,581.0,283.0,581.0,324.0,169744.0,170068.0,18.0,412.0,412.393016429716,0.04364768384255055,1.5271347720426733,87.49837718571824
283.0,582.0,264.0,582.0,283.0,582.0,361.0,164025.0,164386.0,19.0,405.0,405.44543405987446,0.04686203963316593,1.5239171182866913,87.31401920556605
283.0,582.0,264.0,582.0,283.0,582.0,361.0,164836.0,165197.0,19.0,406.0,406.4443381325418,0.04674686843295154,1.5240324158449063,87.32062526903995
283.0,580.0,264.0,580.0,283.0,580.0,361.0,171396.0,171757.0,19.0,414.0,414.43576100524916,0.04584546457553249,1.5249347872940051,87.37232734462641
283.0,580.0,264.0,580.0,283.0,580.0,361.0,170569.0,170930.0,19.0,413.0,413.43681500321185,0.04595623638367182,1.5248238986091909,87.3659738909908
283.0,581.0,264.0,581.0,283.0,581.0,361.0,170569.0,170930.0,19.0,413.0,413.43681500321185,0.04595623638367182,1.5248238986091909,87.3659738909908
283.0,581.0,264.0,581.0,283.0,581.0,361.0,170569.0,170930.0,19.0,413.0,413.43681500321185,0.04595623638367182,1.5248238986091909,87.3659738909908
283.0,581.0,264.0,581.0,283.0,581.0,361.0,170569.0,170930.0,19.0,413.0,413.43681500321185,0.04595623638367182,1.5248238986091909,87.3659738909908
283.0,581.0,264.0,581.0,283.0,581.0,361.0,170569.0,170930.0,19.0,413.0,413.43681500321185,0.04595623638367182,1.5248238986091909,87.3659738909908
283.0,581.0,264.0,581.0,283.0,581.0,361.0,164836.0,165197.0,19.0,406.0,406.4443381325418,0.04674686843295154,1.5240324158449063,87.32062526903995
283.0,581.0,264.0,581.0,283.0,581.0,361.0,165649.0,166010.0,19.0,407.0,407.4432475817951,0.04663226133398053,1.5241471480654376,87.32719894105055
283.0,582.0,264.0,582.0,283.0,582.0,361.0,169744.0,170105.0,19.0,412.0,412.43787410954394,0.046067544211406686,1.5247124727694132,87.35958966064284
283.0,583.0,264.0,583.0,283.0,583.0,361.0,164025.0,164386.0,19.0,405.0,405.44543405987446,0.04686203963316593,1.5239171182866913,87.31401920556605
283.0,582.0,264.0,582.0,283.0,582.0,361.0,164836.0,165197.0,19.0,406.0,406.4443381325418,0.04674686843295154,1.5240324158449063,87.32062526903995
283.0,581.0,264.0,581.0,283.0,581.0,361.0,170569.0,170930.0,19.0,413.0,413.43681500321185,0.04595623638367182,1.5248238986091909,87.3659738909908
282.0,581.0,264.0,581.0,282.0,581.0,324.0,171396.0,171720.0,18.0,414.0,414.3911195959682,0.04343722427630694,1.5273454314033659,87.51044707800085
282.0,582.0,264.0,582.0,282.0,582.0,324.0,164836.0,165160.0,18.0,406.0,406.3988188959215,0.04429146730519851,1.5264903653441204,87.4614554016012
283.0,582.0,264.0,582.0,283.0,582.0,361.0,169744.0,170105.0,19.0,412.0,412.43787410954394,0.046067544211406686,1.5247124727694132,87.35958966064284
282.0,582.0,263.0,582.0,282.0,582.0,361.0,164836.0,165197.0,19.0,406.0,406.4443381325418,0.04674686843295154,1.5240324158449063,87.32062526903995
282.0,583.0,263.0,583.0,282.0,583.0,361.0,164836.0,165197.0,19.0,406.0,406.4443381325418,0.04674686843295154,1.5240324158449063,87.32062526903995
282.0,584.0,263.0,584.0,282.0,584.0,361.0,163216.0,163577.0,19.0,404.0,404.4465354036303,0.046977779105063525,1.5238012512050478,87.30738051080338
282.0,583.0,263.0,583.0,282.0,583.0,361.0,164025.0,164386.0,19.0,405.0,405.44543405987446,0.04686203963316593,1.5239171182866913,87.31401920556605
282.0,582.0,263.0,582.0,282.0,582.0,361.0,164836.0,165197.0,19.0,406.0,406.4443381325418,0.04674686843295154,1.5240324158449063,87.32062526903995
282.0,581.0,263.0,581.0,282.0,581.0,361.0,165649.0,166010.0,19.0,407.0,407.4432475817951,0.04663226133398053,1.5241471480654376,87.32719894105055
282.0,582.0,263.0,582.0,282.0,582.0,361.0,164836.0,165197.0,19.0,406.0,406.4443381325418,0.04674686843295154,1.5240324158449063,87.32062526903995
282.0,582.0,263.0,582.0,282.0,582.0,361.0,164836.0,165197.0,19.0,406.0,406.4443381325418,0.04674686843295154,1.5240324158449063,87.32062526903995
282.0,582.0,263.0,582.0,282.0,582.0,361.0,164836.0,165197.0,19.0,406.0,406.4443381325418,0.04674686843295154,1.5240324158449063,87.32062526903995
282.0,581.0,263.0,581.0,282.0,581.0,361.0,170569.0,170930.0,19.0,413.0,413.43681500321185,0.04595623638367182,1.5248238986091909,87.3659738909908
282.0,581.0,264.0,581.0,282.0,581.0,324.0,170569.0,170893.0,18.0,413.0,413.3920657196991,0.043542199990371656,1.5272403562750354,87.50442671661573
282.0,580.0,264.0,580.0,282.0,580.0,324.0,171396.0,171720.0,18.0,414.0,414.3911195959682,0.04343722427630694,1.5273454314033659,87.51044707800085
282.0,580.0,263.0,580.0,282.0,580.0,361.0,171396.0,171757.0,19.0,414.0,414.43576100524916,0.04584546457553249,1.5249347872940051,87.37232734462641
283.0,581.0,264.0,581.0,283.0,581.0,361.0,170569.0,170930.0,19.0,413.0,413.43681500321185,0.04595623638367182,1.5248238986091909,87.3659738909908
283.0,580.0,264.0,580.0,283.0,580.0,361.0,171396.0,171757.0,19.0,414.0,414.43576100524916,0.04584546457553249,1.5249347872940051,87.37232734462641
283.0,586.0,264.0,586.0,283.0,586.0,361.0,165649.0,166010.0,19.0,407.0,407.4432475817951,0.04663226133398053,1.5241471480654376,87.32719894105055
283.0,585.0,264.0,585.0,283.0,585.0,361.0,166464.0,166825.0,19.0,408.0,408.4421623681865,0.0465182142064771,1.5242613190931418,87.33374045908067
283.0,585.0,264.0,585.0,283.0,585.0,361.0,166464.0,166825.0,19.0,408.0,408.4421623681865,0.0465182142064771,1.5242613190931418,87.33374045908067
283.0,585.0,264.0,585.0,283.0,585.0,361.0,166464.0,166825.0,19.0,408.0,408.4421623681865,0.0465182142064771,1.5242613190931418,87.33374045908067
283.0,586.0,264.0,586.0,283.0,586.0,361.0,165649.0,166010.0,19.0,407.0,407.4432475817951,0.04663226133398053,1.5241471480654376,87.32719894105055
283.0,586.0,264.0,586.0,283.0,586.0,361.0,166464.0,166825.0,19.0,408.0,408.4421623681865,0.0465182142064771,1.5242613190931418,87.33374045908067
283.0,586.0,264.0,586.0,283.0,586.0,361.0,166464.0,166825.0,19.0,408.0,408.4421623681865,0.0465182142064771,1.5242613190931418,87.33374045908067
283.0,586.0,264.0,586.0,283.0,586.0,361.0,165649.0,166010.0,19.0,407.0,407.4432475817951,0.04663226133398053,1.5241471480654376,87.32719894105055
283.0,587.0,264.0,587.0,283.0,587.0,361.0,164836.0,165197.0,19.0,406.0,406.4443381325418,0.04674686843295154,1.5240324158449063,87.32062526903995
283.0,581.0,264.0,581.0,283.0,581.0,361.0,170569.0,170930.0,19.0,413.0,413.43681500321185,0.04595623638367182,1.5248238986091909,87.3659738909908
283.0,585.0,265.0,585.0,283.0,585.0,324.0,166464.0,166788.0,18.0,408.0,408.3968658057992,0.0440747750707748,1.5267072693968247,87.47388308838045
283.0,584.0,265.0,584.0,283.0,584.0,324.0,166464.0,166788.0,18.0,408.0,408.3968658057992,0.0440747750707748,1.5267072693968247,87.47388308838045
284.0,585.0,265.0,585.0,284.0,585.0,361.0,165649.0,166010.0,19.0,407.0,407.4432475817951,0.04663226133398053,1.5241471480654376,87.32719894105055
284.0,585.0,265.0,585.0,284.0,585.0,361.0,166464.0,166825.0,19.0,408.0,408.4421623681865,0.0465182142064771,1.5242613190931418,87.33374045908067
284.0,582.0,265.0,582.0,284.0,582.0,361.0,168100.0,168461.0,19.0,410.0,410.440007796511,0.04629178354713381,1.524487993948035,87.34672797158778
284.0,583.0,265.0,583.0,284.0,583.0,361.0,167281.0,167642.0,19.0,409.0,409.4410824526528,0.0464047229608356,1.5243749330324854,87.34025005829892
284.0,582.0,272.0,582.0,284.0,582.0,144.0,168100.0,168244.0,12.0,410.0,410.17557216392106,0.02925576463925639,1.5415363872137628,88.32352895319325
284.0,581.0,265.0,581.0,284.0,581.0,361.0,168100.0,168461.0,19.0,410.0,410.440007796511,0.04629178354713381,1.524487993948035,87.34672797158778
284.0,581.0,265.0,581.0,284.0,581.0,361.0,168921.0,169282.0,19.0,411.0,411.4389383614536,0.04617939195465328,1.524600505864941,87.35317442957144
284.0,581.0,265.0,581.0,284.0,581.0,361.0,168921.0,169282.0,19.0,411.0,411.4389383614536,0.04617939195465328,1.524600505864941,87.35317442957144
284.0,586.0,265.0,586.0,284.0,586.0,361.0,164836.0,165197.0,19.0,406.0,406.4443381325418,0.04674686843295154,1.5240324158449063,87.32062526903995
284.0,586.0,265.0,586.0,284.0,586.0,361.0,164025.0,164386.0,19.0,405.0,405.44543405987446,0.04686203963316593,1.5239171182866913,87.31401920556605
284.0,586.0,265.0,586.0,284.0,586.0,361.0,164836.0,165197.0,19.0,406.0,406.4443381325418,0.04674686843295154,1.5240324158449063,87.32062526903995
285.0,587.0,266.0,587.0,285.0,587.0,361.0,163216.0,163577.0,19.0,404.0,404.4465354036303,0.046977779105063525,1.5238012512050478,87.30738051080338
284.0,586.0,272.0,586.0,284.0,586.0,144.0,164025.0,164169.0,12.0,405.0,405.1777387764535,0.02961663203965086,1.5411753633657705,88.30284381039972
284.0,585.0,272.0,585.0,284.0,585.0,144.0,164836.0,164980.0,12.0,406.0,406.1773011875479,0.029543748419508877,1.5412482788930029,88.3070215623711
285.0,585.0,272.0,585.0,285.0,585.0,169.0,164836.0,165005.0,13.0,406.0,406.20807475972214,0.03200330275977327,1.538787558491185,88.1660326687852
284.0,585.0,272.0,585.0,284.0,585.0,144.0,164836.0,164980.0,12.0,406.0,406.1773011875479,0.029543748419508877,1.5412482788930029,88.3070215623711
284.0,585.0,272.0,585.0,284.0,585.0,144.0,164836.0,164980.0,12.0,406.0,406.1773011875479,0.029543748419508877,1.5412482788930029,88.3070215623711
284.0,581.0,266.0,581.0,284.0,581.0,324.0,168921.0,169245.0,18.0,411.0,411.3939717594316,0.04375367952772471,1.5270286749996422,87.49229827293375
284.0,581.0,266.0,581.0,284.0,581.0,324.0,168921.0,169245.0,18.0,411.0,411.3939717594316,0.04375367952772471,1.5270286749996422,87.49229827293375
285.0,582.0,266.0,582.0,285.0,582.0,361.0,168921.0,169282.0,19.0,411.0,411.4389383614536,0.04617939195465328,1.524600505864941,87.35317442957144
285.0,583.0,266.0,583.0,285.0,583.0,361.0,168100.0,168461.0,19.0,410.0,410.440007796511,0.04629178354713381,1.524487993948035,87.34672797158778
285.0,583.0,266.0,583.0,285.0,583.0,361.0,167281.0,167642.0,19.0,409.0,409.4410824526528,0.0464047229608356,1.5243749330324854,87.34025005829892
285.0,583.0,267.0,583.0,285.0,583.0,324.0,166464.0,166788.0,18.0,408.0,408.3968658057992,0.0440747750707748,1.5267072693968247,87.47388308838045
286.0,583.0,267.0,583.0,286.0,583.0,361.0,166464.0,166825.0,19.0,408.0,408.4421623681865,0.0465182142064771,1.5242613190931418,87.33374045908067
286.0,582.0,267.0,582.0,286.0,582.0,361.0,167281.0,167642.0,19.0,409.0,409.4410824526528,0.0464047229608356,1.5243749330324854,87.34025005829892
286.0,582.0,267.0,582.0,286.0,582.0,361.0,167281.0,167642.0,19.0,409.0,409.4410824526528,0.0464047229608356,1.5243749330324854,87.34025005829892
286.0,587.0,273.0,587.0,286.0,587.0,169.0,163216.0,163385.0,13.0,404.0,404.2091043012267,0.032161571477895445,1.5386292082583328,88.15695986875787
286.0,587.0,273.0,587.0,286.0,587.0,169.0,164025.0,164194.0,13.0,405.0,405.20858826041683,0.03208224202702546,1.5387085786676564,88.16150745823033
286.0,586.0,273.0,586.0,286.0,586.0,169.0,164025.0,164194.0,13.0,405.0,405.20858826041683,0.03208224202702546,1.5387085786676564,88.16150745823033
286.0,586.0,273.0,586.0,286.0,586.0,169.0,164836.0,165005.0,13.0,406.0,406.20807475972214,0.03200330275977327,1.538787558491185,88.1660326687852
286.0,586.0,273.0,586.0,286.0,586.0,169.0,164836.0,165005.0,13.0,406.0,406.20807475972214,0.03200330275977327,1.538787558491185,88.1660326687852
286.0,585.0,273.0,585.0,286.0,585.0,169.0,164836.0,165005.0,13.0,406.0,406.20807475972214,0.03200330275977327,1.538787558491185,88.1660326687852
286.0,585.0,273.0,585.0,286.0,585.0,169.0,165649.0,165818.0,13.0,407.0,407.20756378043865,0.03192475080597825,1.5388661506040024,88.17053566515266
286.0,586.0,273.0,586.0,286.0,586.0,169.0,159201.0,159370.0,13.0,399.0,399.21172327475557,0.03256417395100598,1.5382263947827688,88.13388035667704
286.0,585.0,273.0,585.0,286.0,585.0,169.0,160000.0,160169.0,13.0,400.0,400.21119424623794,0.03248284952269848,1.5383077622568804,88.13854236953328
286.0,586.0,273.0,586.0,286.0,586.0,169.0,159201.0,159370.0,13.0,399.0,399.21172327475557,0.03256417395100598,1.5382263947827688,88.13388035667704
286.0,585.0,273.0,585.0,286.0,585.0,169.0,165649.0,165818.0,13.0,407.0,407.20756378043865,0.03192475080597825,1.5388661506040024,88.17053566515266
286.0,585.0,273.0,585.0,286.0,585.0,169.0,165649.0,165818.0,13.0,407.0,407.20756378043865,0.03192475080597825,1.5388661506040024,88.17053566515266
286.0,585.0,273.0,585.0,286.0,585.0,169.0,165649.0,165818.0,13.0,407.0,407.20756378043865,0.03192475080597825,1.5388661506040024,88.17053566515266
286.0,585.0,273.0,585.0,286.0,585.0,169.0,165649.0,165818.0,13.0,407.0,407.20756378043865,0.03192475080597825,1.5388661506040024,88.17053566515266
286.0,585.0,273.0,585.0,286.0,585.0,169.0,170569.0,170738.0,13.0,413.0,413.2045498297423,0.03146141543058165,1.5393297188579707,88.19709616962129
286.0,583.0,273.0,583.0,286.0,583.0,169.0,172225.0,172394.0,13.0,415.0,415.2035645319052,0.031309943147178956,1.539481265801391,88.20577916987737
286.0,584.0,273.0,584.0,286.0,584.0,169.0,171396.0,171565.0,13.0,414.0,414.2040559917298,0.03138549662164478,1.5394056751770984,88.20144814613465
286.0,585.0,273.0,585.0,286.0,585.0,169.0,171396.0,171565.0,13.0,414.0,414.2040559917298,0.03138549662164478,1.5394056751770984,88.20144814613465
286.0,584.0,273.0,584.0,286.0,584.0,169.0,171396.0,171565.0,13.0,414.0,414.2040559917298,0.03138549662164478,1.5394056751770984,88.20144814613465
286.0,589.0,273.0,589.0,286.0,589.0,169.0,167281.0,167450.0,13.0,409.0,409.20654931220247,0.03176879749811067,1.5390221830574866,88.17947566620437
286.0,583.0,273.0,583.0,286.0,583.0,169.0,173056.0,173225.0,13.0,416.0,416.20307543313515,0.031234752377721213,1.5395564933646284,88.21008939175394
287.0,584.0,274.0,584.0,287.0,584.0,169.0,166464.0,166633.0,13.0,408.0,408.2070553040454,0.0318465833235469,1.5389443578530533,88.1750166104506
287.0,583.0,274.0,583.0,287.0,583.0,169.0,167281.0,167450.0,13.0,409.0,409.20654931220247,0.03176879749811067,1.5390221830574866,88.17947566620437
287.0,583.0,274.0,583.0,287.0,583.0,169.0,167281.0,167450.0,13.0,409.0,409.20654931220247,0.03176879749811067,1.5390221830574866,88.17947566620437
288.0,585.0,275.0,585.0,288.0,585.0,169.0,162409.0,162578.0,13.0,403.0,403.20962290104137,0.03224129401095805,1.5385494443596428,88.15238973400541
287.0,583.0,274.0,583.0,287.0,583.0,169.0,167281.0,167450.0,13.0,409.0,409.20654931220247,0.03176879749811067,1.5390221830574866,88.17947566620437
288.0,587.0,275.0,587.0,288.0,587.0,169.0,160801.0,160970.0,13.0,401.0,401.21066785418355,0.03240193006215063,1.5383887243353114,88.14318115492799
287.0,585.0,275.0,585.0,287.0,585.0,144.0,164836.0,164980.0,12.0,406.0,406.1773011875479,0.029543748419508877,1.5412482788930029,88.3070215623711
288.0,585.0,275.0,585.0,288.0,585.0,169.0,164836.0,165005.0,13.0,406.0,406.20807475972214,0.03200330275977327,1.538787558491185,88.1660326687852
289.0,587.0,276.0,587.0,289.0,587.0,169.0,165649.0,165818.0,13.0,407.0,407.20756378043865,0.03192475080597825,1.5388661506040024,88.17053566515266
289.0,586.0,283.0,586.0,289.0,586.0,36.0,166464.0,166500.0,6.0,408.0,408.0441152620633,0.014704292441876154,1.5560915044170451,89.15747573925958
289.0,590.0,282.0,590.0,289.0,590.0,49.0,163216.0,163265.0,7.0,404.0,404.0606390135025,0.017324132380452134,1.5534713277282246,89.00735067341161
289.0,583.0,282.0,583.0,289.0,583.0,49.0,168100.0,168149.0,7.0,410.0,410.0597517435721,0.01707068291934537,1.5537248146772702,89.02187440575356
288.0,591.0,282.0,591.0,288.0,591.0,36.0,161604.0,161640.0,6.0,402.0,402.0447736260229,0.014923710973497512,1.5558720618048116,89.14490260373329
287.0,587.0,287.0,587.0,287.0,587.0,0.0,157609.0,157609.0,0.0,397.0,397.0,nan,nan,nan
287.0,588.0,287.0,588.0,287.0,588.0,0.0,156816.0,156816.0,0.0,396.0,396.0,nan,nan,nan
287.0,582.0,287.0,582.0,287.0,582.0,0.0,166464.0,166464.0,0.0,408.0,408.0,nan,nan,nan
287.0,581.0,287.0,581.0,287.0,581.0,0.0,167281.0,167281.0,0.0,409.0,409.0,nan,nan,nan
287.0,587.0,287.0,587.0,287.0,587.0,0.0,162409.0,162409.0,0.0,403.0,403.0,nan,nan,nan
287.0,585.0,287.0,585.0,287.0,585.0,0.0,163216.0,163216.0,0.0,404.0,404.0,nan,nan,nan
287.0,583.0,287.0,583.0,287.0,583.0,0.0,164836.0,164836.0,0.0,406.0,406.0,nan,nan,nan
287.0,583.0,287.0,583.0,287.0,583.0,0.0,164836.0,164836.0,0.0,406.0,406.0,nan,nan,nan
287.0,583.0,293.0,583.0,287.0,583.0,36.0,164836.0,164872.0,6.0,406.0,406.0443325549564,0.014776711602514302,1.5560190773874043,90.8466740238615
287.0,582.0,293.0,582.0,287.0,582.0,36.0,165649.0,165685.0,6.0,407.0,407.04422364160877,0.014740413084163639,1.5560553798595866,90.84459404541957
287.0,583.0,294.0,583.0,287.0,583.0,49.0,159201.0,159250.0,7.0,399.0,399.06139878469827,0.017541160386140585,1.5532542667374942,91.00508600525417
287.0,583.0,294.0,583.0,287.0,583.0,49.0,164836.0,164885.0,7.0,406.0,406.06034034364893,0.017238817250844786,1.5535566556003668,90.98776039963981
287.0,584.0,294.0,584.0,287.0,584.0,49.0,163216.0,163265.0,7.0,404.0,404.0606390135025,0.017324132380452134,1.5534713277282246,90.99264932658839
288.0,580.0,294.0,580.0,288.0,580.0,36.0,166464.0,166500.0,6.0,408.0,408.0441152620633,0.014704292441876154,1.5560915044170451,90.84252426074042
288.0,586.0,294.0,586.0,288.0,586.0,36.0,161604.0,161640.0,6.0,402.0,402.0447736260229,0.014923710973497512,1.5558720618048116,90.85509739626671
288.0,580.0,294.0,580.0,288.0,580.0,36.0,161604.0,161640.0,6.0,402.0,402.0447736260229,0.014923710973497512,1.5558720618048116,90.85509739626671
288.0,586.0,294.0,586.0,288.0,586.0,36.0,156816.0,156852.0,6.0,396.0,396.045451937022,0.015149776296267384,1.555645970920127,90.86805144974554
288.0,585.0,294.0,585.0,288.0,585.0,36.0,157609.0,157645.0,6.0,397.0,397.04533746160524,0.015111624376095858,1.5556841272082647,90.86586525547335
288.0,584.0,294.0,584.0,288.0,584.0,36.0,158404.0,158440.0,6.0,398.0,398.0452235613436,0.015073664108609325,1.5557220917999373,90.86369004459958
288.0,583.0,294.0,583.0,288.0,583.0,36.0,160000.0,160036.0,6.0,400.0,400.04499746903474,0.014998312784712243,1.555797451643046,90.85937224364469
288.0,582.0,294.0,582.0,288.0,582.0,36.0,160801.0,160837.0,6.0,401.0,401.04488526846967,0.014960918890621051,1.5558348497332328,90.85722949091513
287.0,583.0,294.0,583.0,287.0,583.0,49.0,165649.0,165698.0,7.0,407.0,407.060192109226,0.017196473975332124,1.5535990051535538,90.98533394897794
288.0,583.0,294.0,583.0,288.0,583.0,36.0,165649.0,165685.0,6.0,407.0,407.04422364160877,0.014740413084163639,1.5560553798595866,90.84459404541957
288.0,583.0,295.0,583.0,288.0,583.0,49.0,164836.0,164885.0,7.0,406.0,406.06034034364893,0.017238817250844786,1.5535566556003668,90.98776039963981
288.0,583.0,301.0,583.0,288.0,583.0,169.0,164836.0,165005.0,13.0,406.0,406.20807475972214,0.03200330275977327,1.538787558491185,91.8339673312148
288.0,584.0,301.0,584.0,288.0,584.0,169.0,164836.0,165005.0,13.0,406.0,406.20807475972214,0.03200330275977327,1.538787558491185,91.8339673312148
289.0,584.0,302.0,584.0,289.0,584.0,169.0,164025.0,164194.0,13.0,405.0,405.20858826041683,0.03208224202702546,1.5387085786676564,91.83849254176967
291.0,582.0,298.0,582.0,291.0,582.0,49.0,161604.0,161653.0,7.0,402.0,402.06094065452316,0.01741029603274707,1.5533851510786167,90.9975868849035
292.0,583.0,298.0,583.0,292.0,583.0,36.0,160801.0,160837.0,6.0,401.0,401.04488526846967,0.014960918890621051,1.5558348497332328,90.85722949091513
292.0,583.0,305.0,583.0,292.0,583.0,169.0,160801.0,160970.0,13.0,401.0,401.21066785418355,0.03240193006215063,1.5383887243353114,91.85681884507201
287.0,582.0,300.0,582.0,287.0,582.0,169.0,159201.0,159370.0,13.0,399.0,399.21172327475557,0.03256417395100598,1.5382263947827688,91.86611964332296
292.0,582.0,305.0,582.0,292.0,582.0,169.0,160801.0,160970.0,13.0,401.0,401.21066785418355,0.03240193006215063,1.5383887243353114,91.85681884507201
292.0,580.0,305.0,580.0,292.0,580.0,169.0,157609.0,157778.0,13.0,397.0,397.2127893207871,0.032728049925656505,1.5380624314111333,91.8755140525124
286.0,579.0,305.0,579.0,286.0,579.0,361.0,164025.0,164386.0,19.0,405.0,405.44543405987446,0.04686203963316593,1.5239171182866913,92.68598079443395
291.0,580.0,310.0,580.0,291.0,580.0,361.0,160801.0,161162.0,19.0,401.0,401.44987233775527,0.04732844947579051,1.5234501903381223,92.71273379522364
284.0,585.0,310.0,585.0,284.0,585.0,676.0,157609.0,158285.0,26.0,397.0,397.85047442475167,0.06535118510941368,1.5053985353320416,93.74701744029828
286.0,583.0,305.0,583.0,286.0,583.0,361.0,158404.0,158765.0,19.0,398.0,398.45325949225213,0.04768438843796045,1.5230938490407435,92.73315064762967
285.0,584.0,311.0,584.0,285.0,584.0,676.0,158404.0,159080.0,26.0,398.0,398.84834210511644,0.06518768477956391,1.5055623850425779,93.73762954341011
286.0,586.0,312.0,586.0,286.0,586.0,676.0,157609.0,158285.0,26.0,397.0,397.85047442475167,0.06535118510941368,1.5053985353320416,93.74701744029828
287.0,582.0,313.0,582.0,287.0,582.0,676.0,163216.0,163892.0,26.0,404.0,404.8357691706601,0.0642235740514312,1.5065285204468828,93.68227406230527
286.0,584.0,318.0,584.0,286.0,584.0,1024.0,157609.0,158633.0,32.0,397.0,398.2875845416224,0.08034395557880086,1.490365680428098,94.60833658032678
280.0,585.0,319.0,585.0,280.0,585.0,1521.0,158404.0,159925.0,39.0,398.0,399.9062390110962,0.09752285959939191,1.4731182165863856,95.5965434657614
282.0,586.0,321.0,586.0,282.0,586.0,1521.0,156816.0,158337.0,39.0,396.0,397.91582024342785,0.09801067968632529,1.4726280482716654,95.6246280414459
279.0,591.0,330.0,591.0,279.0,591.0,2601.0,154449.0,157050.0,51.0,393.0,396.2953444086872,0.12869189789775898,1.44174653106064,97.39400864259827
279.0,594.0,331.0,594.0,279.0,594.0,2704.0,150544.0,153248.0,52.0,388.0,391.4690281490989,0.13283298616460343,1.437569575154518,97.6333305872313
277.0,591.0,336.0,591.0,277.0,591.0,3481.0,158404.0,161885.0,59.0,398.0,402.3493506891741,0.14663873546444248,1.4236269133116812,98.43218626600395
275.0,595.0,340.0,595.0,275.0,595.0,4225.0,152100.0,156325.0,65.0,390.0,395.37956446938426,0.1643989873053573,1.4056476493802699,99.46232220802561
272.0,598.0,350.0,598.0,272.0,598.0,6084.0,146689.0,152773.0,78.0,383.0,390.86186818363336,0.19955899091019622,1.3698884883621052,101.51117121329519
273.0,602.0,350.0,602.0,273.0,602.0,5929.0,139129.0,145058.0,77.0,373.0,380.8648054100037,0.20217147635132351,1.367221648884454,101.66396986000348
267.0,607.0,356.0,607.0,267.0,607.0,7921.0,132496.0,140417.0,89.0,364.0,374.7225640390501,0.2375090494703309,1.330995610919492,103.73956894387648
268.0,611.0,362.0,611.0,268.0,611.0,8836.0,127449.0,136285.0,94.0,357.0,369.16798344385177,0.2546266312779988,1.3133347378415023,104.7514624337615
269.0,621.0,381.0,621.0,269.0,621.0,12544.0,126025.0,138569.0,112.0,355.0,372.24857286496075,0.3008742226679532,1.26518710618572,107.51011852118832
262.0,624.0,393.0,624.0,262.0,624.0,17161.0,125316.0,142477.0,131.0,354.0,377.4612562899668,0.3470554866679229,1.216366714526669,110.30732091742762
264.0,633.0,398.0,633.0,264.0,633.0,17956.0,125316.0,143272.0,134.0,354.0,378.5128795695069,0.3540170156228287,1.208933520430026,110.73321156746682
258.0,641.0,412.0,641.0,258.0,641.0,23716.0,122500.0,146216.0,154.0,350.0,382.38200794493457,0.40273861426601687,1.1562894522101106,113.74949449286676
261.0,648.0,418.0,648.0,261.0,648.0,24649.0,118336.0,142985.0,157.0,344.0,378.133574282951,0.415197196645965,1.142636770957764,114.5317355076636
262.0,660.0,422.0,660.0,262.0,660.0,25600.0,112896.0,138496.0,160.0,336.0,372.15050718761626,0.42993358039234775,1.1263771168937977,115.4633450618716
259.0,671.0,430.0,671.0,259.0,671.0,29241.0,105625.0,134866.0,171.0,325.0,367.24106524189256,0.465634201031866,1.0864452208389943,117.75127417376694
261.0,682.0,434.0,682.0,261.0,682.0,29929.0,97969.0,127898.0,173.0,313.0,357.62829865658,0.48374247969153816,1.065870551194338,118.93011590928168
264.0,689.0,438.0,689.0,264.0,689.0,30276.0,94249.0,124525.0,174.0,307.0,352.8809997718778,0.4930840711528346,1.0551651365616121,119.54349098567448
264.0,700.0,448.0,700.0,264.0,700.0,33856.0,86436.0,120292.0,184.0,294.0,346.8313711301214,0.5305171772681669,1.011585764583694,122.04040507383986
268.0,709.0,456.0,709.0,268.0,709.0,35344.0,79524.0,114868.0,188.0,282.0,338.921819893615,0.5547001962252291,0.982793723247329,123.69006752597979
265.0,722.0,459.0,722.0,265.0,722.0,37636.0,72900.0,110536.0,194.0,270.0,332.46954747766,0.5835120884658938,0.9477496453102633,125.69794528870118
268.0,737.0,464.0,737.0,268.0,737.0,38416.0,68644.0,107060.0,196.0,262.0,327.2002444986862,0.5990215572738883,0.9285177112801413,126.7998539405012
265.0,753.0,469.0,753.0,265.0,753.0,41616.0,57121.0,98737.0,204.0,239.0,314.2244420792246,0.6492174785962894,0.8642411597487054,130.48262906490763
268.0,758.0,474.0,758.0,268.0,758.0,42436.0,58081.0,100517.0,206.0,241.0,317.04416096184457,0.6497517550080084,0.8635385108776619,130.52288787969803
268.0,769.0,474.0,769.0,268.0,769.0,42436.0,58081.0,100517.0,206.0,241.0,317.04416096184457,0.6497517550080084,0.8635385108776619,130.52288787969803
272.0,781.0,483.0,781.0,272.0,781.0,44521.0,55225.0,99746.0,211.0,235.0,315.8259014077218,0.668089599553158,0.8391579719352223,131.91978986335417
273.0,791.0,485.0,791.0,273.0,791.0,44944.0,53361.0,98305.0,212.0,231.0,313.53628179207584,0.6761577919731457,0.828261284561996,132.54412406051352
278.0,802.0,488.0,802.0,278.0,802.0,44100.0,52441.0,96541.0,210.0,229.0,310.7104761671225,0.6758703555494113,0.8286513521881547,132.52177483180998
279.0,812.0,487.0,812.0,279.0,812.0,43264.0,53824.0,97088.0,208.0,232.0,311.58947350640716,0.6675450157520257,0.8398896196381797,131.8778695378843
283.0,826.0,487.0,826.0,283.0,826.0,41616.0,49284.0,90900.0,204.0,222.0,301.4962686336267,0.6766252893427926,0.8276265655104501,132.58049078334366
288.0,834.0,495.0,834.0,288.0,834.0,42849.0,48841.0,91690.0,207.0,221.0,302.80356668969404,0.6836114985796344,0.8180967849978777,133.12650698640007
288.0,844.0,502.0,844.0,288.0,844.0,45796.0,47524.0,93320.0,214.0,218.0,305.48322376196046,0.7005294672638184,0.7946571580595715,134.46949868332618
291.0,853.0,510.0,853.0,291.0,853.0,47961.0,47524.0,95485.0,219.0,218.0,309.00647242412253,0.7087230189127385,0.7831098378722275,135.13111139474722
296.0,863.0,511.0,863.0,296.0,863.0,46225.0,46225.0,92450.0,215.0,215.0,304.05591591021545,0.7071067811865475,0.7853981633974484,135.0
300.0,870.0,514.0,870.0,300.0,870.0,45796.0,45796.0,91592.0,214.0,214.0,302.64170234784234,0.7071067811865476,0.7853981633974483,135.0
303.0,881.0,518.0,881.0,303.0,881.0,46225.0,44521.0,90746.0,215.0,211.0,301.24076749337894,0.7137148195080387,0.7760087679710465,135.53797273011227
307.0,892.0,523.0,892.0,307.0,892.0,46656.0,43264.0,89920.0,216.0,208.0,299.866637023861,0.720320213491481,0.7665324773757776,136.0809241866607
310.0,896.0,525.0,896.0,310.0,896.0,46225.0,46225.0,92450.0,215.0,215.0,304.05591591021545,0.7071067811865475,0.7853981633974484,135.0
314.0,899.0,531.0,899.0,314.0,899.0,47089.0,47089.0,94178.0,217.0,217.0,306.8843430349616,0.7071067811865476,0.7853981633974483,135.0
317.0,909.0,535.0,909.0,317.0,909.0,47524.0,45369.0,92893.0,218.0,213.0,304.78352973873115,0.7152617472042392,0.773797755704741,135.6646544014232
323.0,915.0,535.0,915.0,323.0,915.0,44944.0,44521.0,89465.0,212.0,211.0,299.1070042643602,0.7087764478180781,0.7830341016076849,135.13545076306158
326.0,918.0,536.0,918.0,326.0,918.0,44100.0,46225.0,90325.0,210.0,215.0,300.54117854297436,0.6987395238751688,0.797162326547207,134.3259631020155
329.0,925.0,541.0,925.0,329.0,925.0,44944.0,47089.0,92033.0,212.0,217.0,303.3694117738306,0.6988179815506622,0.7970526473592728,134.33224725658454
338.0,927.0,543.0,927.0,338.0,927.0,42025.0,47961.0,89986.0,205.0,219.0,299.9766657591887,0.6833864876829027,0.8184050396064291,133.10884529831463
338.0,933.0,546.0,933.0,338.0,933.0,43264.0,50176.0,93440.0,208.0,224.0,305.6795707926848,0.6804510993672779,0.8224182792713782,132.87890360333856
350.0,935.0,546.0,935.0,350.0,935.0,38416.0,51529.0,89945.0,196.0,227.0,299.90831932442285,0.6535330545064971,0.858553433907681,130.80851175062583
353.0,936.0,550.0,936.0,353.0,936.0,38809.0,54756.0,93565.0,197.0,234.0,305.88396492787916,0.6440350675016533,0.8710350706574147,130.09336664345068
361.0,940.0,554.0,940.0,361.0,940.0,37249.0,55225.0,92474.0,193.0,235.0,304.09537977417546,0.6346692940330889,0.8832158230927906,129.39546093760995
368.0,948.0,558.0,948.0,368.0,948.0,36100.0,53361.0,89461.0,190.0,231.0,299.1003176193566,0.6352383759143957,0.8824791952231685,129.437666605611
377.0,949.0,561.0,949.0,377.0,949.0,33856.0,61009.0,94865.0,184.0,247.0,308.00162337234525,0.5973994486956361,0.9305419598399889,126.68387304133648
383.0,951.0,567.0,951.0,383.0,951.0,33856.0,62500.0,96356.0,184.0,250.0,310.4126286090822,0.5927593887673951,0.9363155918963262,126.35306829204693
391.0,949.0,568.0,949.0,391.0,949.0,31329.0,67600.0,98929.0,177.0,260.0,314.52980780841744,0.5627447561593656,0.973093851104239,124.24582926159536
399.0,954.0,572.0,954.0,399.0,954.0,29929.0,67600.0,97529.0,173.0,260.0,312.2963336320169,0.5539610343419795,0.983681822480982,123.63918318810266
408.0,952.0,574.0,952.0,408.0,952.0,27556.0,72361.0,99917.0,166.0,269.0,316.09650425147066,0.52515607660102,1.0178978215912613,121.67875084726029
418.0,951.0,580.0,951.0,418.0,951.0,26244.0,74529.0,100773.0,162.0,273.0,317.4476334767673,0.5103203896205959,1.0352390248371006,120.68517308959512
431.0,953.0,587.0,953.0,431.0,953.0,24336.0,75625.0,99961.0,156.0,275.0,316.16609558901155,0.4934115396193096,1.0547886879243022,119.56505990379577
445.0,954.0,590.0,954.0,445.0,954.0,21025.0,76729.0,97754.0,145.0,277.0,312.65636088203934,0.46376795146894956,1.0885528644695945,117.63051508901593
457.0,955.0,589.0,955.0,457.0,955.0,17424.0,78961.0,96385.0,132.0,281.0,310.4593371119638,0.42517645379238705,1.1316394973432937,115.16183287192334
467.0,950.0,593.0,950.0,467.0,950.0,15876.0,83521.0,99397.0,126.0,289.0,315.27289766169247,0.39965376324610646,1.1596572248685268,113.55653533317997
484.0,951.0,593.0,951.0,484.0,951.0,11881.0,86436.0,98317.0,109.0,294.0,313.5554177493988,0.34762595008680564,1.2157583752835601,110.34217618856995
496.0,951.0,602.0,951.0,496.0,951.0,11236.0,91204.0,102440.0,106.0,302.0,320.0624938976762,0.33118532168248416,1.2332368128586808,109.34073548303266
511.0,948.0,597.0,948.0,511.0,948.0,7396.0,93025.0,100421.0,86.0,305.0,316.89272632864265,0.2713852128963391,1.29596436086893,105.74671172284114
522.0,948.0,600.0,948.0,522.0,948.0,6084.0,94864.0,100948.0,78.0,308.0,317.72314992773187,0.2454967477747265,1.3227642380430085,104.21119186929745
531.0,949.0,601.0,949.0,531.0,949.0,4900.0,93636.0,98536.0,70.0,306.0,313.90444405901616,0.2229977986130057,1.3459076960928533,102.88516939970326
541.0,945.0,602.0,945.0,541.0,945.0,3721.0,95481.0,99202.0,61.0,309.0,314.9634899476446,0.19367324133390776,1.3758914218197653,101.16722846147339
546.0,943.0,605.0,943.0,546.0,943.0,3481.0,98596.0,102077.0,59.0,314.0,319.49491388752966,0.18466647647721082,1.3850638353838167,100.64168787630469
557.0,942.0,607.0,942.0,557.0,942.0,2500.0,96100.0,98600.0,50.0,310.0,314.00636936215164,0.15923243882462051,1.4108832036366774,99.1623470457217
562.0,938.0,609.0,938.0,562.0,938.0,2209.0,98596.0,100805.0,47.0,314.0,317.49803148996057,0.14803241386863894,1.4222178571382604,98.51291923783782
568.0,937.0,609.0,937.0,568.0,937.0,1681.0,99225.0,100906.0,41.0,315.0,317.6570477732235,0.1290700152488669,1.4413652337148366,97.41585537125235
579.0,937.0,612.0,937.0,579.0,937.0,1089.0,99225.0,100314.0,33.0,315.0,316.7238544852598,0.10419171001070213,1.4664151738445663,95.98059952476345
585.0,936.0,613.0,936.0,585.0,936.0,784.0,99856.0,100640.0,28.0,316.0,317.23808094237364,0.08826178722562063,1.4824195406500478,95.06361685303008
591.0,933.0,615.0,933.0,591.0,933.0,576.0,105625.0,106201.0,24.0,325.0,325.8849490234245,0.07364562270187841,1.4970839694005564,94.22340697665564
597.0,937.0,616.0,937.0,597.0,937.0,361.0,102400.0,102761.0,19.0,320.0,320.5635662392094,0.05927061588097604,1.5114909529346432,93.397947624638
602.0,933.0,616.0,933.0,602.0,933.0,196.0,104976.0,105172.0,14.0,324.0,324.3023280829171,0.04316959450386833,1.527613312457767,92.47420446817044
607.0,937.0,617.0,937.0,607.0,937.0,100.0,102400.0,102500.0,10.0,320.0,320.1562118716424,0.031234752377721213,1.5395564933646284,91.78991060824606
608.0,937.0,617.0,937.0,608.0,937.0,81.0,102400.0,102481.0,9.0,320.0,320.1265374816652,0.028113882937666368,1.5426787390487737,91.6110191079416
614.0,936.0,618.0,936.0,614.0,936.0,16.0,103041.0,103057.0,4.0,321.0,321.024921150991,0.012460091838535607,1.558335912520882,90.7139291488856
619.0,936.0,619.0,936.0,619.0,936.0,0.0,103684.0,103684.0,0.0,322.0,322.0,nan,nan,nan
620.0,939.0,620.0,939.0,620.0,939.0,0.0,101761.0,101761.0,0.0,319.0,319.0,nan,nan,nan
625.0,939.0,620.0,939.0,625.0,939.0,25.0,101761.0,101786.0,5.0,319.0,319.03918254659567,0.015672056203534655,1.5551236289760848,89.10202056139819
630.0,934.0,620.0,934.0,630.0,934.0,100.0,104329.0,104429.0,10.0,323.0,323.154761685481,0.030944925421624355,1.5398464604935593,88.22670328443921
630.0,934.0,620.0,934.0,630.0,934.0,100.0,104329.0,104429.0,10.0,323.0,323.154761685481,0.030944925421624355,1.5398464604935593,88.22670328443921
635.0,934.0,620.0,934.0,635.0,934.0,225.0,104329.0,104554.0,15.0,323.0,323.34810962799827,0.04638963257665871,1.5243900396854542,87.3411156057566
635.0,934.0,620.0,934.0,635.0,934.0,225.0,104329.0,104554.0,15.0,323.0,323.34810962799827,0.04638963257665871,1.5243900396854542,87.3411156057566
635.0,934.0,620.0,934.0,635.0,934.0,225.0,104329.0,104554.0,15.0,323.0,323.34810962799827,0.04638963257665871,1.5243900396854542,87.3411156057566
640.0,933.0,621.0,933.0,640.0,933.0,361.0,104976.0,105337.0,19.0,324.0,324.5566206380637,0.0585414032308041,1.5122214340572973,86.64390586070407
641.0,931.0,621.0,931.0,641.0,931.0,400.0,106276.0,106676.0,20.0,326.0,326.6129207487052,0.061234564615978336,1.5095234292079862,86.48932156973271
646.0,931.0,621.0,931.0,646.0,931.0,625.0,106276.0,106901.0,25.0,326.0,326.95718374123544,0.07646261114050278,1.4942590121100723,85.61473489329491
646.0,930.0,622.0,930.0,646.0,930.0,576.0,106929.0,107505.0,24.0,327.0,327.8795510549568,0.07319761150940851,1.4975331930556572,85.80233164283908
646.0,934.0,617.0,934.0,646.0,934.0,841.0,104329.0,105170.0,29.0,323.0,324.29924452579286,0.0894235817366929,1.4812531337140078,84.86955295234004
646.0,934.0,617.0,934.0,646.0,934.0,841.0,103684.0,104525.0,29.0,322.0,323.3032632065442,0.08969906369758222,1.48097654020861,84.85370531184002
641.0,933.0,616.0,933.0,641.0,933.0,625.0,104329.0,104954.0,25.0,323.0,323.9660476037574,0.07716858042660532,1.4935509507120168,85.5741659635502
641.0,933.0,616.0,933.0,641.0,933.0,625.0,104329.0,104954.0,25.0,323.0,323.9660476037574,0.07716858042660532,1.4935509507120168,85.5741659635502
641.0,934.0,616.0,934.0,641.0,934.0,625.0,103041.0,103666.0,25.0,321.0,321.97204847626136,0.0776464917321642,1.4930716011302936,85.5467012556061
636.0,934.0,617.0,934.0,636.0,934.0,361.0,103684.0,104045.0,19.0,322.0,322.56007192459515,0.05890375670687979,1.5118584541995175,86.62310864680502
636.0,934.0,617.0,934.0,636.0,934.0,361.0,103684.0,104045.0,19.0,322.0,322.56007192459515,0.05890375670687979,1.5118584541995175,86.62310864680502
637.0,933.0,612.0,933.0,637.0,933.0,625.0,103684.0,104309.0,25.0,322.0,322.96903876377996,0.0774068006508978,1.4933120157928796,85.56047600110534
637.0,933.0,612.0,933.0,637.0,933.0,625.0,103684.0,104309.0,25.0,322.0,322.96903876377996,0.0774068006508978,1.4933120157928796,85.56047600110534
632.0,933.0,612.0,933.0,632.0,933.0,400.0,104329.0,104729.0,20.0,323.0,323.6186026791414,0.061801144416377775,1.508955774251834,86.45679733652551
632.0,938.0,612.0,938.0,632.0,938.0,400.0,100489.0,100889.0,20.0,317.0,317.63028822831114,0.06296628735111084,1.507788357401278,86.3899092780562
637.0,938.0,612.0,938.0,637.0,938.0,625.0,101124.0,101749.0,25.0,318.0,318.98119066803923,0.07837452718651762,1.4923413402161239,85.5048603872808
637.0,937.0,612.0,937.0,637.0,937.0,625.0,101761.0,102386.0,25.0,319.0,319.97812425226823,0.07813034112385195,1.492586277360353,85.51889425189113
632.0,937.0,612.0,937.0,632.0,937.0,400.0,101124.0,101524.0,20.0,318.0,318.62831010442244,0.06276906152326986,1.507985974140796,86.4012318831917
631.0,937.0,612.0,937.0,631.0,937.0,361.0,101124.0,101485.0,19.0,318.0,318.56710439089596,0.059642065166547006,1.5111188453539681,86.5807321814645
631.0,937.0,612.0,937.0,631.0,937.0,361.0,101124.0,101485.0,19.0,318.0,318.56710439089596,0.059642065166547006,1.5111188453539681,86.5807321814645
582.0,939.0,572.0,939.0,582.0,939.0,100.0,95481.0,95581.0,10.0,309.0,309.16176995223714,0.032345525779416115,1.5384451581987943,88.14641457712717
582.0,939.0,572.0,939.0,582.0,939.0,100.0,95481.0,95581.0,10.0,309.0,309.16176995223714,0.032345525779416115,1.5384451581987943,88.14641457712717
582.0,939.0,572.0,939.0,582.0,939.0,100.0,95481.0,95581.0,10.0,309.0,309.16176995223714,0.032345525779416115,1.5384451581987943,88.14641457712717
582.0,934.0,572.0,934.0,582.0,934.0,100.0,98596.0,98696.0,10.0,314.0,314.1591953134589,0.031830995715475686,1.538959953367782,88.1759101676239
581.0,934.0,572.0,934.0,581.0,934.0,81.0,98596.0,98677.0,9.0,314.0,314.1289544120376,0.028650654050167094,1.5421417516002638,88.35821377760728
586.0,935.0,572.0,935.0,586.0,935.0,196.0,97969.0,98165.0,14.0,313.0,313.31294259892934,0.04468375894040657,1.5260976849276433,87.43895647103963
586.0,935.0,572.0,935.0,586.0,935.0,196.0,97969.0,98165.0,14.0,313.0,313.31294259892934,0.04468375894040657,1.5260976849276433,87.43895647103963
586.0,935.0,572.0,935.0,586.0,935.0,196.0,97969.0,98165.0,14.0,313.0,313.31294259892934,0.04468375894040657,1.5260976849276433,87.43895647103963
586.0,935.0,571.0,935.0,586.0,935.0,225.0,97344.0,97569.0,15.0,312.0,312.360368805007,0.048021456938936606,1.522756393947134,87.24751459973132
586.0,935.0,571.0,935.0,586.0,935.0,225.0,97344.0,97569.0,15.0,312.0,312.360368805007,0.048021456938936606,1.522756393947134,87.24751459973132
586.0,934.0,572.0,934.0,586.0,934.0,196.0,98596.0,98792.0,14.0,314.0,314.3119469571591,0.04454173675399049,1.5262398486586868,87.44710185282825
586.0,935.0,572.0,935.0,586.0,935.0,196.0,97969.0,98165.0,14.0,313.0,313.31294259892934,0.04468375894040657,1.5260976849276433,87.43895647103963
586.0,935.0,572.0,935.0,586.0,935.0,196.0,97344.0,97540.0,14.0,312.0,312.313944613429,0.04482668879011694,1.5259546117160128,87.43075897985182
586.0,934.0,572.0,934.0,586.0,934.0,196.0,98596.0,98792.0,14.0,314.0,314.3119469571591,0.04454173675399049,1.5262398486586868,87.44710185282825
586.0,934.0,572.0,934.0,586.0,934.0,196.0,98596.0,98792.0,14.0,314.0,314.3119469571591,0.04454173675399049,1.5262398486586868,87.44710185282825
586.0,935.0,572.0,935.0,586.0,935.0,196.0,97969.0,98165.0,14.0,313.0,313.31294259892934,0.04468375894040657,1.5260976849276433,87.43895647103963
581.0,935.0,572.0,935.0,581.0,935.0,81.0,97969.0,98050.0,9.0,313.0,313.12936623702353,0.028742114187998078,1.5420502537812173,88.35297133874127
581.0,935.0,572.0,935.0,581.0,935.0,81.0,97969.0,98050.0,9.0,313.0,313.12936623702353,0.028742114187998078,1.5420502537812173,88.35297133874127
581.0,935.0,572.0,935.0,581.0,935.0,81.0,97969.0,98050.0,9.0,313.0,313.12936623702353,0.028742114187998078,1.5420502537812173,88.35297133874127
581.0,935.0,572.0,935.0,581.0,935.0,81.0,97969.0,98050.0,9.0,313.0,313.12936623702353,0.028742114187998078,1.5420502537812173,88.35297133874127
581.0,935.0,572.0,935.0,581.0,935.0,81.0,97969.0,98050.0,9.0,313.0,313.12936623702353,0.028742114187998078,1.5420502537812173,88.35297133874127
577.0,935.0,572.0,935.0,577.0,935.0,25.0,97344.0,97369.0,5.0,312.0,312.04006153056696,0.016023583559991728,1.5547720574658543,89.08187699766495
577.0,935.0,572.0,935.0,577.0,935.0,25.0,97344.0,97369.0,5.0,312.0,312.04006153056696,0.016023583559991728,1.5547720574658543,89.08187699766495
577.0,934.0,573.0,934.0,577.0,934.0,16.0,97969.0,97985.0,4.0,313.0,313.0255580619576,0.012778509284562234,1.5580174697170095,89.26782542243619
577.0,934.0,573.0,934.0,577.0,934.0,16.0,97969.0,97985.0,4.0,313.0,313.0255580619576,0.012778509284562234,1.5580174697170095,89.26782542243619
573.0,934.0,573.0,934.0,573.0,934.0,0.0,97969.0,97969.0,0.0,313.0,313.0,nan,nan,nan
572.0,935.0,572.0,935.0,572.0,935.0,0.0,97969.0,97969.0,0.0,313.0,313.0,nan,nan,nan
573.0,936.0,573.0,936.0,573.0,936.0,0.0,97344.0,97344.0,0.0,312.0,312.0,nan,nan,nan
573.0,936.0,578.0,936.0,573.0,936.0,25.0,97969.0,97994.0,5.0,313.0,313.0399335548102,0.01597240308359748,1.5548232444929695,90.91519020171553
568.0,936.0,578.0,936.0,568.0,936.0,100.0,97969.0,98069.0,10.0,313.0,313.15970366571753,0.031932588653470255,1.5388583087583458,91.82991363950705
569.0,932.0,578.0,932.0,569.0,932.0,81.0,100489.0,100570.0,9.0,317.0,317.1277345171816,0.028379731636219888,1.542412784227964,91.62625719671516
564.0,933.0,578.0,933.0,564.0,933.0,196.0,103041.0,103237.0,14.0,321.0,321.3051509079803,0.043572286222107626,1.527210241462321,92.49729873505365
564.0,932.0,573.0,932.0,564.0,932.0,81.0,103684.0,103765.0,9.0,322.0,322.1257518423512,0.027939399282813665,1.542853291272057,91.60101800224284
559.0,936.0,573.0,936.0,559.0,936.0,196.0,101124.0,101320.0,14.0,318.0,318.30802691732424,0.043982554054900695,1.5267995799291945,92.52082790771016
555.0,936.0,574.0,936.0,555.0,936.0,361.0,101124.0,101485.0,19.0,318.0,318.56710439089596,0.059642065166547006,1.5111188453539681,93.4192678185355
550.0,936.0,574.0,936.0,550.0,936.0,576.0,101761.0,102337.0,24.0,319.0,319.9015473548073,0.07502308194021101,1.4957026885646985,94.3025485388726
545.0,936.0,574.0,936.0,545.0,936.0,841.0,98596.0,99437.0,29.0,314.0,315.3363283860583,0.09196529987022627,1.478700896509064,95.2766794678195
540.0,937.0,574.0,937.0,540.0,937.0,1156.0,97969.0,99125.0,34.0,313.0,314.8412298286233,0.10799093885672831,1.462594379536749,96.19951491298897
535.0,937.0,573.0,937.0,535.0,937.0,1444.0,97969.0,99413.0,38.0,313.0,315.29827148273426,0.12052080026097092,1.4499818367306105,96.9221603847088
525.0,942.0,568.0,942.0,525.0,942.0,1849.0,94864.0,96713.0,43.0,308.0,310.98713799769916,0.13826938399078786,1.4320825265591113,97.9477153137313
520.0,938.0,572.0,938.0,520.0,938.0,2704.0,97969.0,100673.0,52.0,313.0,317.29008808974794,0.16388788037176694,1.406165784048929,99.43263527829203
515.0,942.0,572.0,942.0,515.0,942.0,3249.0,95481.0,98730.0,57.0,309.0,314.21330334662787,0.18140543189261413,1.3883809197123858,100.4516329439887
509.0,943.0,566.0,943.0,509.0,943.0,3249.0,95481.0,98730.0,57.0,309.0,314.21330334662787,0.18140543189261413,1.3883809197123858,100.4516329439887
504.0,944.0,566.0,944.0,504.0,944.0,3844.0,94864.0,98708.0,62.0,308.0,314.17829333039543,0.19734017695105277,1.3721523281429349,101.38146274835982
494.0,947.0,565.0,947.0,494.0,947.0,5041.0,90601.0,95642.0,71.0,301.0,309.2604080706096,0.22957998549814188,1.3391502069621781,103.27234500699649
489.0,948.0,564.0,948.0,489.0,948.0,5625.0,90000.0,95625.0,75.0,300.0,309.23292192132453,0.24253562503633297,1.3258176636680326,104.03624346792647
479.0,950.0,564.0,950.0,479.0,950.0,7225.0,88804.0,96029.0,85.0,298.0,309.88546271162835,0.27429489352683467,1.2929399301721018,105.9199988371992
474.0,951.0,559.0,951.0,474.0,951.0,7225.0,91204.0,98429.0,85.0,302.0,313.73396373360663,0.2709301823380972,1.2964371027367507,105.71962560901588
464.0,952.0,558.0,952.0,464.0,952.0,8836.0,90601.0,99437.0,94.0,301.0,315.3363283860583,0.29809442026900934,1.2681006373809676,107.34318548022092
458.0,952.0,558.0,952.0,458.0,952.0,10000.0,88209.0,98209.0,100.0,297.0,313.38315206788,0.3190982008450142,1.2460185364387824,108.60839666698999
445.0,959.0,557.0,959.0,445.0,959.0,12544.0,84100.0,96644.0,112.0,290.0,310.87618113969427,0.3602720529742742,1.2022368125702618,111.1169046644634
436.0,962.0,556.0,962.0,436.0,962.0,14400.0,82369.0,96769.0,120.0,287.0,311.0771608459869,0.38575638170817544,1.1747688081208039,112.6907053910639
427.0,962.0,555.0,962.0,427.0,962.0,16384.0,82944.0,99328.0,128.0,288.0,315.1634496574753,0.40613846605344767,1.1525719972156674,113.96248897457819
419.0,964.0,556.0,964.0,419.0,964.0,18769.0,80089.0,98858.0,137.0,283.0,314.416920664267,0.4357271857715571,1.1199502943994073,115.83157486647993
409.0,965.0,553.0,965.0,409.0,965.0,20736.0,77841.0,98577.0,144.0,279.0,313.9697437652233,0.4586429197702523,1.09432890732119,117.2995722113328
396.0,969.0,560.0,969.0,396.0,969.0,26896.0,75625.0,102521.0,164.0,275.0,320.18900668199086,0.512197472672394,1.0330549133193916,120.81031346154577
387.0,972.0,563.0,972.0,387.0,972.0,30976.0,73984.0,104960.0,176.0,272.0,323.9753077010654,0.5432512781572743,0.9964914966201949,122.9052429229879
377.0,975.0,556.0,975.0,377.0,975.0,32041.0,71289.0,103330.0,179.0,267.0,321.4498405661449,0.5568520416272132,0.9802052907192755,123.83837378539164
368.0,979.0,551.0,979.0,368.0,979.0,33489.0,68644.0,102133.0,183.0,262.0,319.5825401989289,0.572622020859115,0.9610957401545047,124.93327038114484
357.0,982.0,545.0,982.0,357.0,982.0,35344.0,66564.0,101908.0,188.0,258.0,319.2303243741108,0.5889164833215531,0.9410788061859038,126.08015621633773
344.0,987.0,547.0,987.0,344.0,987.0,41209.0,62500.0,103709.0,203.0,250.0,322.03881753602315,0.6303587920027451,0.888781022099317,129.07659852238558
337.0,988.0,544.0,988.0,337.0,988.0,42849.0,60516.0,103365.0,207.0,246.0,321.50427679892533,0.6438483558010694,0.8712791144584331,130.079383963636
323.0,990.0,538.0,990.0,323.0,990.0,46225.0,59536.0,105761.0,215.0,244.0,325.2091634625322,0.6611129825213872,0.8484951232962296,131.38481049769362
316.0,990.0,535.0,990.0,316.0,990.0,47961.0,58081.0,106042.0,219.0,241.0,325.64090652127845,0.6725199310476978,0.8331878355622186,132.26185348064485
308.0,988.0,531.0,988.0,308.0,988.0,49729.0,57600.0,107329.0,223.0,240.0,327.61104987469514,0.6806852213479769,0.8220987394196562,132.89721188822847
301.0,991.0,527.0,991.0,301.0,991.0,51076.0,55225.0,106301.0,226.0,235.0,326.03834130359576,0.6931700090743516,0.8049184602412525,133.88156937600746
295.0,985.0,528.0,985.0,295.0,985.0,54289.0,56644.0,110933.0,233.0,238.0,333.06605951372467,0.6995609229597853,0.7960134759037958,134.39178739517385
288.0,984.0,521.0,984.0,288.0,984.0,54289.0,54289.0,108578.0,233.0,233.0,329.51176003293114,0.7071067811865476,0.7853981633974483,135.0
282.0,979.0,519.0,979.0,282.0,979.0,56169.0,54289.0,110458.0,237.0,233.0,332.3522227998483,0.713098886486846,0.7768877305685594,135.4876118829249
278.0,972.0,513.0,972.0,278.0,972.0,55225.0,54756.0,109981.0,235.0,234.0,331.6338342208165,0.7086128607840616,0.7832659704665657,135.1221656560472
274.0,971.0,509.0,971.0,274.0,971.0,55225.0,48841.0,104066.0,235.0,221.0,322.5926223582926,0.7284729523014123,0.7547060500274296,136.75852856043912
269.0,962.0,506.0,962.0,269.0,962.0,56169.0,50625.0,106794.0,237.0,225.0,326.7935127875093,0.7252285945899554,0.759429976185892,136.48786752882776
267.0,953.0,502.0,953.0,267.0,953.0,55225.0,51076.0,106301.0,235.0,226.0,326.03834130359576,0.7207741244799674,0.765877866553644,136.11843062399254
263.0,949.0,496.0,949.0,263.0,949.0,54289.0,50176.0,104465.0,233.0,224.0,323.21045775160184,0.7208925157337217,0.7657070545339347,136.12821743181198
258.0,942.0,488.0,942.0,258.0,942.0,52900.0,51076.0,103976.0,230.0,226.0,322.45309736456244,0.7132820304094154,0.7766264585530054,135.50258166672103
258.0,930.0,488.0,930.0,258.0,930.0,52900.0,48841.0,101741.0,230.0,221.0,318.9686504971923,0.7210739978411281,0.7654451576303063,136.14322301905742
254.0,921.0,489.0,921.0,254.0,921.0,55225.0,49284.0,104509.0,235.0,222.0,323.2785176902418,0.7269273618272765,0.7569594430892725,136.62941864841144
251.0,911.0,483.0,911.0,251.0,911.0,53824.0,51529.0,105353.0,232.0,227.0,324.5812687140156,0.7147670625577973,0.7745053480538198,135.62411234620527
251.0,899.0,484.0,899.0,251.0,899.0,54289.0,52441.0,106730.0,233.0,229.0,326.6955769519998,0.7132021871059303,0.7767403710677012,135.49605496039524
251.0,884.0,481.0,884.0,251.0,884.0,52900.0,55225.0,108125.0,230.0,235.0,328.8236609491476,0.6994630475681292,0.7961504371885494,134.38394009160078
246.0,874.0,479.0,874.0,246.0,874.0,54289.0,51984.0,106273.0,233.0,228.0,325.99539874053437,0.7147340143455487,0.774552601673412,135.6214049132359
246.0,859.0,466.0,859.0,246.0,859.0,48400.0,57600.0,106000.0,220.0,240.0,325.5764119219941,0.6757246285173464,0.8288490587889791,132.51044707800085
245.0,852.0,463.0,852.0,245.0,852.0,47524.0,56644.0,104168.0,218.0,238.0,322.7506777684595,0.675443972750981,0.8292297211230859,132.48863673283694
244.0,835.0,460.0,835.0,244.0,835.0,46656.0,60516.0,107172.0,216.0,246.0,327.37134877688976,0.6598011732150952,0.850242190950655,131.28471089457122
238.0,826.0,452.0,826.0,238.0,826.0,45796.0,62001.0,107797.0,214.0,249.0,328.3245345690754,0.6517941166988148,0.8608486150663907,130.6770075570138
237.0,816.0,448.0,816.0,237.0,816.0,44521.0,61009.0,105530.0,211.0,247.0,324.8538132760642,0.6495229280891647,0.8638395021980803,130.505642347368
238.0,805.0,445.0,805.0,238.0,805.0,42849.0,64516.0,107365.0,207.0,254.0,327.6659884699662,0.6317408802988217,0.8869993881015138,129.17867863109672
231.0,796.0,442.0,796.0,231.0,796.0,44521.0,64009.0,108530.0,211.0,253.0,329.4389169481954,0.6404829215522827,0.8756693992380495,129.82783917490346
229.0,783.0,438.0,783.0,229.0,783.0,43681.0,68644.0,112325.0,209.0,262.0,335.1492204973779,0.6236028229152188,0.8974533333345031,128.57971168998554
230.0,772.0,436.0,772.0,230.0,772.0,42436.0,70225.0,112661.0,206.0,265.0,335.65011544761904,0.613734333817466,0.9100144592186388,127.86001219089204
229.0,757.0,436.0,757.0,229.0,757.0,42849.0,74529.0,117378.0,207.0,273.0,342.6047285137787,0.6041948133581436,0.9220413258885355,127.17092348994038
230.0,745.0,431.0,745.0,230.0,745.0,40401.0,76176.0,116577.0,201.0,276.0,341.43374174208384,0.588694014172254,0.9413540456372822,126.06438615741826
231.0,733.0,425.0,733.0,231.0,733.0,37636.0,83521.0,121157.0,194.0,289.0,348.0761410955942,0.5573493184260527,0.9796064830438836,123.87268293793163
227.0,728.0,427.0,728.0,227.0,728.0,40000.0,81225.0,121225.0,200.0,285.0,348.1738071710737,0.5744257490964301,0.9588938923602299,125.05942696688697
230.0,713.0,424.0,713.0,230.0,713.0,37636.0,90000.0,127636.0,194.0,300.0,357.26180876214573,0.5430191395833172,0.9967679688276931,122.88940223234559
228.0,700.0,425.0,700.0,228.0,700.0,38809.0,92416.0,131225.0,197.0,304.0,362.2499137335991,0.543823455938419,0.995809833467426,122.94429934469113
227.0,695.0,415.0,695.0,227.0,695.0,35344.0,94864.0,130208.0,188.0,308.0,360.84345636300515,0.5210015497991288,1.022772410370619,121.39945748334125
225.0,684.0,411.0,684.0,225.0,684.0,34596.0,96100.0,130696.0,186.0,310.0,361.51901748040865,0.5144957554275265,1.0303768265243125,120.96375653207352
223.0,675.0,406.0,675.0,223.0,675.0,33489.0,96100.0,129589.0,183.0,310.0,359.9847218980272,0.5083549074947641,1.0375229650010418,120.55431295754087
228.0,662.0,408.0,662.0,228.0,662.0,32400.0,103684.0,136084.0,180.0,322.0,368.8956492017763,0.487942865115074,1.061064863768607,119.20546151643515
226.0,657.0,402.0,657.0,226.0,657.0,30976.0,104976.0,135952.0,176.0,324.0,368.7166934110795,0.4773312495612421,1.0731812051156675,118.51124629410873
231.0,644.0,396.0,644.0,231.0,644.0,27225.0,108241.0,135466.0,165.0,329.0,368.0570607935677,0.4483000533782549,1.1059336515633842,116.63466934392633
230.0,638.0,397.0,638.0,230.0,638.0,27889.0,110889.0,138778.0,167.0,333.0,372.52919348689977,0.4482870146011058,1.105948238178705,116.63383359243107
234.0,629.0,386.0,629.0,234.0,629.0,23104.0,117649.0,140753.0,152.0,343.0,375.17062784818324,0.4051489874668664,1.1536545407711387,113.9004637977106
238.0,620.0,378.0,620.0,238.0,620.0,19600.0,121104.0,140704.0,140.0,348.0,375.10531854400574,0.37322851231067206,1.188309754250964,111.91486632719173
234.0,614.0,372.0,614.0,234.0,614.0,19044.0,121801.0,140845.0,138.0,349.0,375.2932186970609,0.36771247953562003,1.194248365425139,111.57460897074228
236.0,611.0,370.0,611.0,236.0,611.0,17956.0,125316.0,143272.0,134.0,354.0,378.5128795695069,0.3540170156228287,1.208933520430026,110.73321156746682
236.0,603.0,360.0,603.0,236.0,603.0,15376.0,129600.0,144976.0,124.0,360.0,380.7571404451924,0.32566690635142276,1.2390793249920473,109.00598419603678
235.0,601.0,352.0,601.0,235.0,601.0,13689.0,133956.0,147645.0,117.0,366.0,384.2460149435515,0.3044924226922383,1.261390824242479,107.72762945437775
235.0,595.0,354.0,595.0,235.0,595.0,14161.0,134689.0,148850.0,119.0,367.0,385.8108344772085,0.308441312077849,1.257242310148167,107.96532180323237
234.0,594.0,352.0,594.0,234.0,594.0,13924.0,135424.0,149348.0,118.0,368.0,386.45568956867487,0.3053390160504569,1.260501899671575,107.77856108059602
239.0,589.0,352.0,589.0,239.0,589.0,12769.0,133956.0,146725.0,113.0,366.0,383.0469945058961,0.2950029673141336,1.2713377026050738,107.15771530487106
238.0,589.0,353.0,589.0,238.0,589.0,13225.0,132496.0,145721.0,115.0,364.0,381.7342007208681,0.301256737758455,1.2647859802396055,107.53310134495386
242.0,580.0,352.0,580.0,242.0,580.0,12100.0,136900.0,149000.0,110.0,370.0,386.00518131237567,0.28497026808296183,1.2818209168023302,106.55707137563665
247.0,576.0,350.0,576.0,247.0,576.0,10609.0,139129.0,149738.0,103.0,373.0,386.9599462476705,0.26617741964972186,1.3013711241961572,105.4369270033649
246.0,581.0,343.0,581.0,246.0,581.0,9409.0,136161.0,145570.0,97.0,369.0,381.5363678602605,0.2542352660743647,1.3137394207822581,104.72827580921526
245.0,578.0,343.0,578.0,245.0,578.0,9604.0,142884.0,152488.0,98.0,378.0,390.4971190674779,0.25096215878372613,1.317122230656254,104.53445508054011
245.0,572.0,336.0,572.0,245.0,572.0,8281.0,148225.0,156506.0,91.0,385.0,395.60839222645416,0.23002545392896967,1.338692488719741,103.29857033049429
252.0,576.0,336.0,576.0,252.0,576.0,7056.0,143641.0,150697.0,84.0,379.0,388.1971148785112,0.2163849157567499,1.3526861961743262,102.49678995360578
251.0,569.0,329.0,569.0,251.0,569.0,6084.0,150544.0,156628.0,78.0,388.0,395.7625550756413,0.1970878725125777,1.3724096869920062,101.3667171724877
257.0,573.0,314.0,573.0,257.0,573.0,3249.0,152881.0,156130.0,57.0,391.0,395.1328890386119,0.14425526596554716,1.4260360015615972,98.29415567680921
254.0,570.0,312.0,570.0,254.0,570.0,3364.0,156816.0,160180.0,58.0,396.0,400.2249367543207,0.14491850625390562,1.4253657179928714,98.33256009637417
254.0,573.0,304.0,573.0,254.0,573.0,2500.0,156025.0,158525.0,50.0,395.0,398.1519810323691,0.1255801864161391,1.4448837011090985,97.21426203920676
260.0,572.0,304.0,572.0,260.0,572.0,1936.0,164025.0,165961.0,44.0,405.0,407.3831120701986,0.10800644085712148,1.4625787863322688,96.20040833779478
261.0,572.0,297.0,572.0,261.0,572.0,1296.0,172225.0,173521.0,36.0,415.0,416.5585192983094,0.08642243126041883,1.484265953177783,94.95782520795078
261.0,573.0,296.0,573.0,261.0,573.0,1225.0,169744.0,170969.0,35.0,412.0,413.48397792417546,0.0846465688361407,1.4860483479460946,94.85570151030032
261.0,569.0,289.0,569.0,261.0,569.0,784.0,186624.0,187408.0,28.0,432.0,432.90645640831,0.06467910003539165,1.5060720453793046,93.70842815713044
266.0,568.0,286.0,568.0,266.0,568.0,400.0,183184.0,183584.0,20.0,428.0,428.46703490467036,0.046678036746630465,1.5241013227515663,92.67542665602915
266.0,573.0,286.0,573.0,266.0,573.0,400.0,175561.0,175961.0,20.0,419.0,419.47705539159114,0.047678412306316864,1.523099831977408,92.73280785060969
262.0,572.0,288.0,572.0,262.0,572.0,676.0,183184.0,183860.0,26.0,428.0,428.78899239602686,0.06063588492492494,1.5101232234922808,93.47631274920114
263.0,573.0,289.0,573.0,263.0,573.0,676.0,180625.0,181301.0,26.0,425.0,425.7945513977369,0.06106231259806156,1.5096960041685221,93.50079061337894
264.0,574.0,283.0,574.0,264.0,574.0,361.0,173056.0,173417.0,19.0,416.0,416.4336681873837,0.0456255136206963,1.5251549686503565,92.6150571929272
265.0,572.0,284.0,572.0,265.0,572.0,361.0,169744.0,170105.0,19.0,412.0,412.43787410954394,0.046067544211406686,1.5247124727694132,92.64041033935716
266.0,574.0,285.0,574.0,266.0,574.0,361.0,167281.0,167642.0,19.0,409.0,409.4410824526528,0.0464047229608356,1.5243749330324854,92.65974994170108
267.0,571.0,286.0,571.0,267.0,571.0,361.0,167281.0,167642.0,19.0,409.0,409.4410824526528,0.0464047229608356,1.5243749330324854,92.65974994170108
271.0,571.0,284.0,571.0,271.0,571.0,169.0,169744.0,169913.0,13.0,412.0,412.20504606324266,0.03153770222891806,1.5392533941847004,91.8072769120298
271.0,573.0,284.0,573.0,271.0,573.0,169.0,163216.0,163385.0,13.0,404.0,404.2091043012267,0.032161571477895445,1.5386292082583328,91.84304013124213
276.0,570.0,282.0,570.0,276.0,570.0,36.0,168100.0,168136.0,6.0,410.0,410.0439000887588,0.014632579581603897,1.5561632249935557,90.83841497440211
276.0,575.0,276.0,575.0,276.0,575.0,0.0,164836.0,164836.0,0.0,406.0,406.0,nan,nan,nan
276.0,576.0,276.0,576.0,276.0,576.0,0.0,164836.0,164836.0,0.0,406.0,406.0,nan,nan,nan
277.0,576.0,277.0,576.0,277.0,576.0,0.0,159201.0,159201.0,0.0,399.0,399.0,nan,nan,nan
276.0,574.0,276.0,574.0,276.0,574.0,0.0,166464.0,166464.0,0.0,408.0,408.0,nan,nan,nan
276.0,573.0,276.0,573.0,276.0,573.0,0.0,167281.0,167281.0,0.0,409.0,409.0,nan,nan,nan
276.0,578.0,270.0,578.0,276.0,578.0,36.0,162409.0,162445.0,6.0,403.0,403.0446625375406,0.014886687649513645,1.5559090892421257,89.14702411961756
276.0,575.0,276.0,575.0,276.0,575.0,0.0,164836.0,164836.0,0.0,406.0,406.0,nan,nan,nan
276.0,573.0,276.0,573.0,276.0,573.0,0.0,166464.0,166464.0,0.0,408.0,408.0,nan,nan,nan
282.0,574.0,276.0,574.0,282.0,574.0,36.0,166464.0,166500.0,6.0,408.0,408.0441152620633,0.014704292441876154,1.5560915044170451,89.15747573925958
282.0,574.0,276.0,574.0,282.0,574.0,36.0,166464.0,166500.0,6.0,408.0,408.0441152620633,0.014704292441876154,1.5560915044170451,89.15747573925958
282.0,576.0,275.0,576.0,282.0,576.0,49.0,166464.0,166513.0,7.0,408.0,408.0600446012817,0.017154338173049382,1.5536411471721316,89.01708061082674
282.0,576.0,269.0,576.0,282.0,576.0,169.0,165649.0,165818.0,13.0,407.0,407.20756378043865,0.03192475080597825,1.5388661506040024,88.17053566515266
282.0,577.0,269.0,577.0,282.0,577.0,169.0,165649.0,165818.0,13.0,407.0,407.20756378043865,0.03192475080597825,1.5388661506040024,88.17053566515266
282.0,577.0,269.0,577.0,282.0,577.0,169.0,165649.0,165818.0,13.0,407.0,407.20756378043865,0.03192475080597825,1.5388661506040024,88.17053566515266
282.0,579.0,269.0,579.0,282.0,579.0,169.0,164836.0,165005.0,13.0,406.0,406.20807475972214,0.03200330275977327,1.538787558491185,88.1660326687852
281.0,577.0,269.0,577.0,281.0,577.0,144.0,166464.0,166608.0,12.0,408.0,408.17643244067875,0.02939905160189274,1.5413930385908916,88.31531568210372
282.0,579.0,270.0,579.0,282.0,579.0,144.0,164836.0,164980.0,12.0,406.0,406.1773011875479,0.029543748419508877,1.5412482788930029,88.3070215623711
282.0,578.0,269.0,578.0,282.0,578.0,169.0,164836.0,165005.0,13.0,406.0,406.20807475972214,0.03200330275977327,1.538787558491185,88.1660326687852
288.0,578.0,269.0,578.0,288.0,578.0,361.0,164836.0,165197.0,19.0,406.0,406.4443381325418,0.04674686843295154,1.5240324158449063,87.32062526903995
288.0,577.0,269.0,577.0,288.0,577.0,361.0,169744.0,170105.0,19.0,412.0,412.43787410954394,0.046067544211406686,1.5247124727694132,87.35958966064284
288.0,582.0,269.0,582.0,288.0,582.0,361.0,160000.0,160361.0,19.0,400.0,400.4509957535379,0.04744650456979701,1.5233320024697243,87.2804945387275
288.0,581.0,269.0,581.0,288.0,581.0,361.0,165649.0,166010.0,19.0,407.0,407.4432475817951,0.04663226133398053,1.5241471480654376,87.32719894105055
288.0,580.0,269.0,580.0,288.0,580.0,361.0,166464.0,166825.0,19.0,408.0,408.4421623681865,0.0465182142064771,1.5242613190931418,87.33374045908067
288.0,579.0,270.0,579.0,288.0,579.0,324.0,167281.0,167605.0,18.0,409.0,409.3958964132396,0.043967221356393374,1.5268149274743532,87.48005144185332
289.0,579.0,270.0,579.0,289.0,579.0,361.0,166464.0,166825.0,19.0,408.0,408.4421623681865,0.0465182142064771,1.5242613190931418,87.33374045908067
289.0,583.0,270.0,583.0,289.0,583.0,361.0,163216.0,163577.0,19.0,404.0,404.4465354036303,0.046977779105063525,1.5238012512050478,87.30738051080338
289.0,582.0,270.0,582.0,289.0,582.0,361.0,164025.0,164386.0,19.0,405.0,405.44543405987446,0.04686203963316593,1.5239171182866913,87.31401920556605
295.0,583.0,270.0,583.0,295.0,583.0,625.0,164025.0,164650.0,25.0,405.0,405.77087130546965,0.061611125312096816,1.5091461561556376,86.46770541610911
296.0,582.0,270.0,582.0,296.0,582.0,676.0,164025.0,164701.0,26.0,405.0,405.83370978764196,0.06406564899107287,1.5066867714072407,86.32679304982713
296.0,578.0,271.0,578.0,296.0,578.0,625.0,168100.0,168725.0,25.0,410.0,410.7614879708174,0.06086257045055823,1.5098961185169086,86.5106750942036
296.0,583.0,271.0,583.0,296.0,583.0,625.0,163216.0,163841.0,25.0,404.0,404.7727757643787,0.06176304706458986,1.5089939445217557,86.4589843318949
296.0,578.0,271.0,578.0,296.0,578.0,625.0,168100.0,168725.0,25.0,410.0,410.7614879708174,0.06086257045055823,1.5098961185169086,86.5106750942036
296.0,583.0,271.0,583.0,296.0,583.0,625.0,164025.0,164650.0,25.0,405.0,405.77087130546965,0.061611125312096816,1.5091461561556376,86.46770541610911
297.0,583.0,272.0,583.0,297.0,583.0,625.0,160801.0,161426.0,25.0,401.0,401.77854596780054,0.062223332357829675,1.5085327721928168,86.43256110381847
296.0,580.0,271.0,580.0,296.0,580.0,625.0,165649.0,166274.0,25.0,407.0,407.76709038371405,0.06130950876019613,1.5094483439864006,86.48501950343206
296.0,585.0,271.0,585.0,296.0,585.0,625.0,162409.0,163034.0,25.0,403.0,403.77468964758054,0.06191571844639471,1.5088409803838614,86.45022013237669
296.0,585.0,271.0,585.0,296.0,585.0,625.0,161604.0,162229.0,25.0,402.0,402.7766130251358,0.06206914500877399,1.5086872581549933,86.4414124974452
298.0,581.0,272.0,581.0,298.0,581.0,676.0,161604.0,162280.0,26.0,402.0,402.8399185780873,0.06454176659496098,1.5062096663702245,86.29945694482167
292.0,580.0,272.0,580.0,292.0,580.0,400.0,162409.0,162809.0,20.0,403.0,403.49597271843993,0.04956678963920175,1.5212092181846055,87.1588679583735
292.0,582.0,279.0,582.0,292.0,582.0,169.0,160801.0,160970.0,13.0,401.0,401.21066785418355,0.03240193006215063,1.5383887243353114,88.14318115492799
292.0,582.0,273.0,582.0,292.0,582.0,361.0,160801.0,161162.0,19.0,401.0,401.44987233775527,0.04732844947579051,1.5234501903381223,87.28726620477636
292.0,582.0,273.0,582.0,292.0,582.0,361.0,166464.0,166825.0,19.0,408.0,408.4421623681865,0.0465182142064771,1.5242613190931418,87.33374045908067
299.0,581.0,273.0,581.0,299.0,581.0,676.0,161604.0,162280.0,26.0,402.0,402.8399185780873,0.06454176659496098,1.5062096663702245,86.29945694482167
292.0,587.0,273.0,587.0,292.0,587.0,361.0,156816.0,157177.0,19.0,396.0,396.4555460578147,0.047924666936628633,1.5228532955190588,87.25306665083079
299.0,587.0,273.0,587.0,299.0,587.0,676.0,156025.0,156701.0,26.0,395.0,395.8547713492917,0.06568065331479431,1.50506835774659,86.23406477756552
299.0,587.0,273.0,587.0,299.0,587.0,676.0,156816.0,157492.0,26.0,396.0,396.8526174790838,0.0655155058952593,1.5052338616407859,86.24354745219593
299.0,581.0,274.0,581.0,299.0,581.0,625.0,161604.0,162229.0,25.0,402.0,402.7766130251358,0.06206914500877399,1.5086872581549933,86.4414124974452
299.0,583.0,274.0,583.0,299.0,583.0,625.0,160801.0,161426.0,25.0,401.0,401.77854596780054,0.062223332357829675,1.5085327721928168,86.43256110381847
299.0,584.0,274.0,584.0,299.0,584.0,625.0,160000.0,160625.0,25.0,400.0,400.7804885470349,0.06237828615518054,1.5083775167989393,86.42366562500266
300.0,584.0,274.0,584.0,300.0,584.0,676.0,164836.0,165512.0,26.0,406.0,406.831660518205,0.06390849710880982,1.5068442459980191,86.33581567925928
300.0,582.0,274.0,582.0,300.0,582.0,676.0,166464.0,167140.0,26.0,408.0,408.8275920238261,0.06359649032319897,1.5071568887814164,86.35372879124317
300.0,581.0,274.0,581.0,300.0,581.0,676.0,161604.0,162280.0,26.0,402.0,402.8399185780873,0.06454176659496098,1.5062096663702245,86.29945694482167
300.0,581.0,274.0,581.0,300.0,581.0,676.0,161604.0,162280.0,26.0,402.0,402.8399185780873,0.06454176659496098,1.5062096663702245,86.29945694482167
300.0,579.0,281.0,579.0,300.0,579.0,361.0,163216.0,163577.0,19.0,404.0,404.4465354036303,0.046977779105063525,1.5238012512050478,87.30738051080338
300.0,579.0,281.0,579.0,300.0,579.0,361.0,163216.0,163577.0,19.0,404.0,404.4465354036303,0.046977779105063525,1.5238012512050478,87.30738051080338
300.0,579.0,281.0,579.0,300.0,579.0,361.0,164025.0,164386.0,19.0,405.0,405.44543405987446,0.04686203963316593,1.5239171182866913,87.31401920556605
300.0,579.0,281.0,579.0,300.0,579.0,361.0,164025.0,164386.0,19.0,405.0,405.44543405987446,0.04686203963316593,1.5239171182866913,87.31401920556605
300.0,580.0,281.0,580.0,300.0,580.0,361.0,163216.0,163577.0,19.0,404.0,404.4465354036303,0.046977779105063525,1.5238012512050478,87.30738051080338
300.0,579.0,281.0,579.0,300.0,579.0,361.0,164025.0,164386.0,19.0,405.0,405.44543405987446,0.04686203963316593,1.5239171182866913,87.31401920556605
300.0,578.0,281.0,578.0,300.0,578.0,361.0,164836.0,165197.0,19.0,406.0,406.4443381325418,0.04674686843295154,1.5240324158449063,87.32062526903995
300.0,584.0,281.0,584.0,300.0,584.0,361.0,160000.0,160361.0,19.0,400.0,400.4509957535379,0.04744650456979701,1.5233320024697243,87.2804945387275
300.0,584.0,281.0,584.0,300.0,584.0,361.0,160000.0,160361.0,19.0,400.0,400.4509957535379,0.04744650456979701,1.5233320024697243,87.2804945387275
307.0,584.0,281.0,584.0,307.0,584.0,676.0,160000.0,160676.0,26.0,400.0,400.84410934925813,0.06486312108268012,1.5058876371014631,86.28100602684196
307.0,584.0,281.0,584.0,307.0,584.0,676.0,160000.0,160676.0,26.0,400.0,400.84410934925813,0.06486312108268012,1.5058876371014631,86.28100602684196
307.0,583.0,281.0,583.0,307.0,583.0,676.0,160000.0,160676.0,26.0,400.0,400.84410934925813,0.06486312108268012,1.5058876371014631,86.28100602684196
307.0,584.0,281.0,584.0,307.0,584.0,676.0,159201.0,159877.0,26.0,399.0,399.8462204398086,0.06502499878928816,1.5057254169326797,86.27171149581876
307.0,583.0,281.0,583.0,307.0,583.0,676.0,165649.0,166325.0,26.0,407.0,407.82962128810607,0.06375211275208631,1.5070009499107182,86.34479415209013
307.0,581.0,281.0,581.0,307.0,581.0,676.0,167281.0,167957.0,26.0,409.0,409.82557265256156,0.06344162427863441,1.5073120681914438,86.36261991650507
307.0,581.0,281.0,581.0,307.0,581.0,676.0,167281.0,167957.0,26.0,409.0,409.82557265256156,0.06344162427863441,1.5073120681914438,86.36261991650507
307.0,579.0,288.0,579.0,307.0,579.0,361.0,168100.0,168461.0,19.0,410.0,410.440007796511,0.04629178354713381,1.524487993948035,87.34672797158778
307.0,578.0,287.0,578.0,307.0,578.0,400.0,169744.0,170144.0,20.0,412.0,412.48515124789645,0.04848659385554547,1.522290714554513,87.22083313592792
307.0,584.0,288.0,584.0,307.0,584.0,361.0,164836.0,165197.0,19.0,406.0,406.4443381325418,0.04674686843295154,1.5240324158449063,87.32062526903995
308.0,585.0,288.0,585.0,308.0,585.0,400.0,164836.0,165236.0,20.0,406.0,406.49231235043055,0.04920142249272926,1.5215750316765615,87.17982752755152
308.0,582.0,282.0,582.0,308.0,582.0,676.0,161604.0,162280.0,26.0,402.0,402.8399185780873,0.06454176659496098,1.5062096663702245,86.29945694482167
309.0,583.0,289.0,583.0,309.0,583.0,400.0,160801.0,161201.0,20.0,401.0,401.49844333446674,0.049813393630866655,1.5209623091817652,87.14472111458697
309.0,582.0,290.0,582.0,309.0,582.0,361.0,161604.0,161965.0,19.0,402.0,402.44875450173777,0.047210979752002086,1.5235677915210195,87.29400425622211
309.0,581.0,290.0,581.0,309.0,581.0,361.0,162409.0,162770.0,19.0,403.0,403.44764220404113,0.04709409106024932,1.5236848103728382,87.30070894255479
309.0,582.0,290.0,582.0,309.0,582.0,361.0,161604.0,161965.0,19.0,402.0,402.44875450173777,0.047210979752002086,1.5235677915210195,87.29400425622211
309.0,582.0,290.0,582.0,309.0,582.0,361.0,160801.0,161162.0,19.0,401.0,401.44987233775527,0.04732844947579051,1.5234501903381223,87.28726620477636
309.0,582.0,290.0,582.0,309.0,582.0,361.0,160801.0,161162.0,19.0,401.0,401.44987233775527,0.04732844947579051,1.5234501903381223,87.28726620477636
309.0,583.0,290.0,583.0,309.0,583.0,361.0,160000.0,160361.0,19.0,400.0,400.4509957535379,0.04744650456979701,1.5233320024697243,87.2804945387275
309.0,584.0,290.0,584.0,309.0,584.0,361.0,159201.0,159562.0,19.0,399.0,399.45212479094414,0.047565149415449405,1.5232132235179132,87.27368900609373
309.0,585.0,290.0,585.0,309.0,585.0,361.0,159201.0,159562.0,19.0,399.0,399.45212479094414,0.047565149415449405,1.5232132235179132,87.27368900609373
309.0,583.0,290.0,583.0,309.0,583.0,361.0,160801.0,161162.0,19.0,401.0,401.44987233775527,0.04732844947579051,1.5234501903381223,87.28726620477636
309.0,582.0,290.0,582.0,309.0,582.0,361.0,161604.0,161965.0,19.0,402.0,402.44875450173777,0.047210979752002086,1.5235677915210195,87.29400425622211
309.0,581.0,290.0,581.0,309.0,581.0,361.0,162409.0,162770.0,19.0,403.0,403.44764220404113,0.04709409106024932,1.5236848103728382,87.30070894255479
316.0,580.0,290.0,580.0,316.0,580.0,676.0,163216.0,163892.0,26.0,404.0,404.8357691706601,0.0642235740514312,1.5065285204468828,86.31772593769473
316.0,581.0,290.0,581.0,316.0,581.0,676.0,162409.0,163085.0,26.0,403.0,403.83783874223576,0.06438227799796503,1.5063694873693432,86.30861401354873
316.0,578.0,297.0,578.0,316.0,578.0,361.0,160000.0,160361.0,19.0,400.0,400.4509957535379,0.04744650456979701,1.5233320024697243,87.2804945387275
316.0,579.0,297.0,579.0,316.0,579.0,361.0,164836.0,165197.0,19.0,406.0,406.4443381325418,0.04674686843295154,1.5240324158449063,87.32062526903995
316.0,580.0,297.0,580.0,316.0,580.0,361.0,164025.0,164386.0,19.0,405.0,405.44543405987446,0.04686203963316593,1.5239171182866913,87.31401920556605
316.0,584.0,297.0,584.0,316.0,584.0,361.0,160000.0,160361.0,19.0,400.0,400.4509957535379,0.04744650456979701,1.5233320024697243,87.2804945387275
317.0,583.0,297.0,583.0,317.0,583.0,400.0,155236.0,155636.0,20.0,394.0,394.50728763864424,0.05069614840250897,1.520078437548101,87.09407900034667
317.0,585.0,297.0,585.0,317.0,585.0,400.0,159201.0,159601.0,20.0,399.0,399.50093867223893,0.05006246059513899,1.520712931073605,87.13043280148642
317.0,579.0,297.0,579.0,317.0,579.0,400.0,158404.0,158804.0,20.0,398.0,398.5021957279533,0.050187929237041046,1.5205873045117855,87.12323492969944
317.0,580.0,297.0,580.0,317.0,580.0,400.0,156816.0,157216.0,20.0,396.0,396.50472884948044,0.05044076033603201,1.5203341527780407,87.10873040377943
317.0,580.0,298.0,580.0,317.0,580.0,361.0,156816.0,157177.0,19.0,396.0,396.4555460578147,0.047924666936628633,1.5228532955190588,87.25306665083079
317.0,581.0,298.0,581.0,317.0,581.0,361.0,161604.0,161965.0,19.0,402.0,402.44875450173777,0.047210979752002086,1.5235677915210195,87.29400425622211
317.0,580.0,298.0,580.0,317.0,580.0,361.0,156816.0,157177.0,19.0,396.0,396.4555460578147,0.047924666936628633,1.5228532955190588,87.25306665083079
317.0,583.0,298.0,583.0,317.0,583.0,361.0,160000.0,160361.0,19.0,400.0,400.4509957535379,0.04744650456979701,1.5233320024697243,87.2804945387275
318.0,582.0,298.0,582.0,318.0,582.0,400.0,160801.0,161201.0,20.0,401.0,401.49844333446674,0.049813393630866655,1.5209623091817652,87.14472111458697
318.0,581.0,298.0,581.0,318.0,581.0,400.0,161604.0,162004.0,20.0,402.0,402.4972049592394,0.049689786049633276,1.5210860700256774,87.15181208861212
318.0,581.0,298.0,581.0,318.0,581.0,400.0,161604.0,162004.0,20.0,402.0,402.4972049592394,0.049689786049633276,1.5210860700256774,87.15181208861212
312.0,581.0,298.0,581.0,312.0,581.0,196.0,161604.0,161800.0,14.0,402.0,402.24370722237535,0.03480477071145398,1.5359845253290239,88.00543069875816
312.0,581.0,299.0,581.0,312.0,581.0,169.0,162409.0,162578.0,13.0,403.0,403.20962290104137,0.03224129401095805,1.5385494443596428,88.15238973400541
312.0,581.0,299.0,581.0,312.0,581.0,169.0,161604.0,161773.0,13.0,402.0,402.2101440789379,0.03232141255355463,1.5384692840391732,88.14779688595809
312.0,580.0,299.0,580.0,312.0,580.0,169.0,162409.0,162578.0,13.0,403.0,403.20962290104137,0.03224129401095805,1.5385494443596428,88.15238973400541
312.0,580.0,299.0,580.0,312.0,580.0,169.0,162409.0,162578.0,13.0,403.0,403.20962290104137,0.03224129401095805,1.5385494443596428,88.15238973400541
312.0,581.0,298.0,581.0,312.0,581.0,196.0,161604.0,161800.0,14.0,402.0,402.24370722237535,0.03480477071145398,1.5359845253290239,88.00543069875816
311.0,581.0,298.0,581.0,311.0,581.0,169.0,161604.0,161773.0,13.0,402.0,402.2101440789379,0.03232141255355463,1.5384692840391732,88.14779688595809
311.0,581.0,298.0,581.0,311.0,581.0,169.0,161604.0,161773.0,13.0,402.0,402.2101440789379,0.03232141255355463,1.5384692840391732,88.14779688595809
311.0,582.0,298.0,582.0,311.0,582.0,169.0,160801.0,160970.0,13.0,401.0,401.21066785418355,0.03240193006215063,1.5383887243353114,88.14318115492799
311.0,578.0,305.0,578.0,311.0,578.0,36.0,164025.0,164061.0,6.0,405.0,405.0444420060594,0.014813189313952469,1.5559825956829954,89.15123572844642
311.0,580.0,305.0,580.0,311.0,580.0,36.0,162409.0,162445.0,6.0,403.0,403.0446625375406,0.014886687649513645,1.5559090892421257,89.14702411961756
311.0,579.0,305.0,579.0,311.0,579.0,36.0,163216.0,163252.0,6.0,404.0,404.04455199891015,0.014849847548535154,1.555945933415817,89.14913513526972
312.0,584.0,305.0,584.0,312.0,584.0,49.0,159201.0,159250.0,7.0,399.0,399.06139878469827,0.017541160386140585,1.5532542667374942,88.99491399474583
312.0,581.0,305.0,581.0,312.0,581.0,49.0,161604.0,161653.0,7.0,402.0,402.06094065452316,0.01741029603274707,1.5533851510786167,89.0024131150965
312.0,579.0,305.0,579.0,312.0,579.0,49.0,163216.0,163265.0,7.0,404.0,404.0606390135025,0.017324132380452134,1.5534713277282246,89.00735067341161
312.0,580.0,305.0,580.0,312.0,580.0,49.0,157609.0,157658.0,7.0,397.0,397.06170805052454,0.01762950155623991,1.5531659119047148,88.98985163572797
312.0,582.0,305.0,582.0,312.0,582.0,49.0,156025.0,156074.0,7.0,395.0,395.0620204474229,0.01771873690129016,1.5530766626189458,88.98473802832886
312.0,583.0,305.0,583.0,312.0,583.0,49.0,155236.0,155285.0,7.0,394.0,394.06217783491985,0.01776369414202556,1.5530316983013739,88.9821617627033
311.0,580.0,305.0,580.0,311.0,580.0,36.0,157609.0,157645.0,6.0,397.0,397.04533746160524,0.015111624376095858,1.5556841272082647,89.13413474452665
305.0,581.0,305.0,581.0,305.0,581.0,0.0,156816.0,156816.0,0.0,396.0,396.0,nan,nan,nan
305.0,581.0,305.0,581.0,305.0,581.0,0.0,151321.0,151321.0,0.0,389.0,389.0,nan,nan,nan
305.0,580.0,305.0,580.0,305.0,580.0,0.0,156816.0,156816.0,0.0,396.0,396.0,nan,nan,nan
305.0,583.0,305.0,583.0,305.0,583.0,0.0,155236.0,155236.0,0.0,394.0,394.0,nan,nan,nan
305.0,583.0,305.0,583.0,305.0,583.0,0.0,150544.0,150544.0,0.0,388.0,388.0,nan,nan,nan
305.0,584.0,305.0,584.0,305.0,584.0,0.0,149769.0,149769.0,0.0,387.0,387.0,nan,nan,nan
306.0,586.0,306.0,586.0,306.0,586.0,0.0,146689.0,146689.0,0.0,383.0,383.0,nan,nan,nan
306.0,583.0,306.0,583.0,306.0,583.0,0.0,154449.0,154449.0,0.0,393.0,393.0,nan,nan,nan
299.0,588.0,312.0,588.0,299.0,588.0,169.0,150544.0,150713.0,13.0,388.0,388.2177224187479,0.033486364092306056,1.5373037012950617,91.91898608595278
299.0,585.0,313.0,585.0,299.0,585.0,196.0,152881.0,153077.0,14.0,391.0,391.2505591050318,0.03578269646955745,1.5350059898866704,92.05063525219266
299.0,590.0,313.0,590.0,299.0,590.0,196.0,148996.0,149192.0,14.0,386.0,386.25380257027894,0.036245597860367205,1.5345427880034654,92.07717476516281
299.0,587.0,313.0,587.0,299.0,587.0,196.0,149769.0,149965.0,14.0,387.0,387.25314717894804,0.03615206255129712,1.5346363846551063,92.07181207204724
300.0,584.0,307.0,584.0,300.0,584.0,49.0,156816.0,156865.0,7.0,396.0,396.06186385462564,0.01767400661066764,1.5531213999151217,91.01269871341343
301.0,584.0,315.0,584.0,301.0,584.0,196.0,160801.0,160997.0,14.0,401.0,401.2443146014657,0.034891460116775595,1.5358977832382614,91.99953925694867
301.0,584.0,314.0,584.0,301.0,584.0,169.0,156816.0,156985.0,13.0,396.0,396.2133263786063,0.03281060765628488,1.5379798293183111,91.88024680381007
295.0,585.0,316.0,585.0,295.0,585.0,441.0,155236.0,155677.0,21.0,394.0,394.5592477689504,0.05322394575401607,1.5175472202578006,93.05094906741807
297.0,585.0,324.0,585.0,297.0,585.0,729.0,151321.0,152050.0,27.0,389.0,389.9358921669048,0.06924215119044018,1.5014987259212274,93.97046006044333
298.0,588.0,326.0,588.0,298.0,588.0,784.0,145924.0,146708.0,28.0,382.0,383.0248033744029,0.0731023154462148,1.4976287451073467,94.1921936278753
298.0,587.0,332.0,587.0,298.0,587.0,1156.0,142884.0,144040.0,34.0,378.0,379.52602018833966,0.08958542548183525,1.4810906377778366,95.1397573789906
296.0,587.0,336.0,587.0,296.0,587.0,1600.0,143641.0,145241.0,40.0,379.0,381.10497241573745,0.10495795881761691,1.4656447005286515,96.02474439399282
296.0,584.0,350.0,584.0,296.0,584.0,2916.0,141376.0,144292.0,54.0,376.0,379.85786815597226,0.1421584348433905,1.4281546706902193,98.1727648775545
295.0,584.0,349.0,584.0,295.0,584.0,2916.0,138384.0,141300.0,54.0,372.0,375.89892258425004,0.14365563920417196,1.4266419396817422,98.25943797987881
296.0,584.0,348.0,584.0,296.0,584.0,2704.0,145161.0,147865.0,52.0,381.0,384.5321833084976,0.13522925325155968,1.4351514893618171,97.77187669765361
296.0,583.0,354.0,583.0,296.0,583.0,3364.0,147456.0,150820.0,58.0,384.0,388.35550723531657,0.14934769539615675,1.420887790283786,98.58912645506945
296.0,587.0,355.0,587.0,296.0,587.0,3481.0,145161.0,148642.0,59.0,381.0,385.5411780860768,0.15303164319020557,1.417160999902357,98.80265581505527
296.0,587.0,355.0,587.0,296.0,587.0,3481.0,147456.0,150937.0,59.0,384.0,388.5061132080163,0.15186376222710776,1.418342693113376,98.73494978138463
295.0,592.0,355.0,592.0,295.0,592.0,3600.0,143641.0,147241.0,60.0,379.0,383.7199499635118,0.15636403581754205,1.4137880008446115,98.9959144253657
290.0,590.0,356.0,590.0,290.0,590.0,4356.0,146689.0,151045.0,66.0,383.0,388.6450823051798,0.16982075164448918,1.4001485508356977,99.77739734575613
295.0,589.0,355.0,589.0,295.0,589.0,3600.0,147456.0,151056.0,60.0,384.0,388.6592337768395,0.1543768802736096,1.4157995848709557,98.88065915052024
290.0,589.0,361.0,589.0,290.0,589.0,5041.0,143641.0,148682.0,71.0,379.0,385.5930497298933,0.18413194960265822,1.385607688570994,100.61052738400468
294.0,589.0,364.0,589.0,294.0,589.0,4900.0,148996.0,153896.0,70.0,386.0,392.2958067581146,0.1784367785586891,1.391398823322842,100.27871980413225
291.0,594.0,368.0,594.0,291.0,594.0,5929.0,148225.0,154154.0,77.0,385.0,392.6245025466444,0.19611613513818404,1.373400766945016,101.30993247402021
292.0,597.0,375.0,597.0,292.0,597.0,6889.0,142129.0,149018.0,83.0,377.0,386.02849635745804,0.2150100336715633,1.354094223004004,102.41611595882405
292.0,600.0,381.0,600.0,292.0,600.0,7921.0,141376.0,149297.0,89.0,376.0,386.38969965567145,0.23033740309152065,1.3383719318776732,103.3169368846388
293.0,604.0,381.0,604.0,293.0,604.0,7744.0,134689.0,142433.0,88.0,367.0,377.4029676618879,0.23317251728353777,1.3354574678891087,103.48392337072642
287.0,607.0,387.0,607.0,287.0,607.0,10000.0,133225.0,143225.0,100.0,365.0,378.4507894033252,0.26423514707860024,1.303385529611023,105.32151007486479
287.0,612.0,393.0,612.0,287.0,612.0,11236.0,131044.0,142280.0,106.0,362.0,377.2002120890178,0.28101786956308605,1.285941772597012,106.32096373061935
286.0,612.0,399.0,612.0,286.0,612.0,12769.0,131769.0,144538.0,113.0,363.0,380.1815355853043,0.29722642849035813,1.269009841784896,107.29109190516111
286.0,615.0,404.0,615.0,286.0,615.0,13924.0,130321.0,144245.0,118.0,361.0,379.7959978725421,0.3106931106725361,1.254874182669389,108.1010055131153
279.0,624.0,409.0,624.0,279.0,624.0,16900.0,124609.0,141509.0,130.0,353.0,376.17682012585516,0.3455821652075923,1.2179372242501516,110.21733733858781
281.0,625.0,409.0,625.0,281.0,625.0,16384.0,125316.0,141700.0,128.0,354.0,376.4306044943742,0.3400361141515872,1.2238410270713127,109.87907435385786
275.0,630.0,414.0,630.0,275.0,630.0,19321.0,123201.0,142522.0,139.0,351.0,377.52086035078906,0.36819157455522433,1.193733123483452,111.60413015942906
277.0,637.0,414.0,637.0,277.0,637.0,18769.0,119716.0,138485.0,137.0,346.0,372.1357279273249,0.36814524840988927,1.193782949448433,111.60127534192547
270.0,646.0,422.0,646.0,270.0,646.0,23104.0,115600.0,138704.0,152.0,340.0,372.4298591681392,0.40813054125012366,1.1503909755921538,114.0874523086323
271.0,659.0,427.0,659.0,271.0,659.0,24336.0,108241.0,132577.0,156.0,329.0,364.1112467364885,0.42844048734616264,1.1280302031197307,115.36863019795445
267.0,667.0,425.0,667.0,267.0,667.0,24964.0,102400.0,127364.0,158.0,320.0,356.88093252512107,0.44272468938608334,1.1121612071423086,116.27785669257081
269.0,673.0,434.0,673.0,269.0,673.0,27225.0,101761.0,128986.0,165.0,319.0,359.14620978091915,0.4594229188737667,1.0934509444212246,117.34987578006988
265.0,687.0,434.0,687.0,265.0,687.0,28561.0,90000.0,118561.0,169.0,300.0,344.32687957811254,0.49081268417693014,1.0577740553045882,119.39401095260936
264.0,696.0,445.0,696.0,264.0,696.0,32761.0,84100.0,116861.0,181.0,290.0,341.8493820383474,0.5294729477664993,1.0128171664105916,121.96985094627394
263.0,704.0,442.0,704.0,263.0,704.0,32041.0,82944.0,114985.0,179.0,288.0,339.09438214160963,0.5278766308940134,1.0146977877323515,121.86209928167477
271.0,709.0,451.0,709.0,271.0,709.0,32400.0,80656.0,113056.0,180.0,284.0,336.23801093868013,0.5353350726097017,1.00589192476412,122.36663806472498
266.0,718.0,447.0,718.0,266.0,718.0,32761.0,77284.0,110045.0,181.0,278.0,331.7303121513016,0.545623940200696,0.9936628604245992,123.06731183877346
267.0,730.0,452.0,730.0,267.0,730.0,34225.0,72361.0,106586.0,185.0,269.0,326.4751139060985,0.5666588114070161,0.968351227072347,124.51756160244008
265.0,735.0,452.0,735.0,265.0,735.0,34969.0,70225.0,105194.0,187.0,265.0,324.33624527641064,0.5765621410602201,0.9562815449709208,125.2091034469164
268.0,742.0,458.0,742.0,268.0,742.0,36100.0,69169.0,105269.0,190.0,263.0,324.45184542548066,0.5856030800220514,0.945172474785321,125.84560628286589
268.0,750.0,462.0,750.0,268.0,750.0,37636.0,67600.0,105236.0,194.0,260.0,324.4009864349984,0.5980253085293025,0.9297613042477415,126.72860131202555
271.0,753.0,462.0,753.0,271.0,753.0,36481.0,66049.0,102530.0,191.0,257.0,320.2030605725061,0.5964964846322897,0.9316674574737096,126.61938677707234
271.0,762.0,467.0,762.0,271.0,762.0,38416.0,65536.0,103952.0,196.0,256.0,322.41588050218616,0.6079105027169126,0.9173699856141345,127.43857157233305
273.0,773.0,467.0,773.0,273.0,773.0,37636.0,62001.0,99637.0,194.0,249.0,315.65329081129505,0.6145983762798081,0.9089195932581386,127.92274338956122
273.0,782.0,472.0,782.0,273.0,782.0,39601.0,59049.0,98650.0,199.0,243.0,314.0859754907882,0.6335844817300238,0.8846187872447528,129.31507701289436
277.0,795.0,474.0,795.0,277.0,795.0,38809.0,58081.0,96890.0,197.0,241.0,311.2715855968868,0.6328878353038155,0.8855188954238159,129.26350461312884
278.0,801.0,478.0,801.0,278.0,801.0,40000.0,57121.0,97121.0,200.0,239.0,311.64242329952447,0.6417611501107372,0.874003821770377,129.92326973425318
279.0,808.0,481.0,808.0,279.0,808.0,40804.0,55225.0,96029.0,202.0,235.0,309.88546271162835,0.6518537469696543,0.8607699855785289,130.68151269481356
284.0,814.0,488.0,814.0,284.0,814.0,41616.0,54289.0,95905.0,204.0,233.0,309.6853241598639,0.6587331852209191,0.8516625604754465,131.20332971545167
284.0,820.0,485.0,820.0,284.0,820.0,40401.0,55225.0,95626.0,201.0,235.0,309.23453882126427,0.6499920764548776,0.8632223166429347,130.54100447485428
289.0,829.0,488.0,829.0,289.0,829.0,39601.0,51984.0,91585.0,199.0,228.0,302.63013729633735,0.6575683498604699,0.8532097209993924,131.11468394720032
290.0,835.0,489.0,835.0,290.0,835.0,39601.0,53824.0,93425.0,199.0,232.0,305.6550343115585,0.6510607634787278,0.8618151930781474,130.62162671637
290.0,839.0,488.0,839.0,290.0,839.0,39204.0,54756.0,93960.0,198.0,234.0,306.52895458667524,0.6459422414661738,0.8685393952858895,130.2363583092738
295.0,847.0,491.0,847.0,295.0,847.0,38416.0,54289.0,92705.0,196.0,233.0,304.4749579193665,0.6437311013666559,0.871432347678196,130.07060434686238
296.0,854.0,492.0,854.0,296.0,854.0,38416.0,53824.0,92240.0,196.0,232.0,303.7103883636515,0.64535164916821,0.8693127903366398,130.19204603696954
298.0,861.0,497.0,861.0,298.0,861.0,39601.0,53361.0,92962.0,199.0,231.0,304.89670381950674,0.6526800634676732,0.8596798428100111,130.74397327451635
302.0,868.0,500.0,868.0,302.0,868.0,39204.0,52441.0,91645.0,198.0,229.0,302.72925197278175,0.654049777845063,0.8578705469435278,130.84763829155628
303.0,877.0,499.0,877.0,303.0,877.0,38416.0,51529.0,89945.0,196.0,227.0,299.90831932442285,0.6535330545064971,0.858553433907681,130.80851175062583
309.0,882.0,503.0,882.0,309.0,882.0,37636.0,52441.0,90077.0,194.0,229.0,300.1283058959951,0.6463902144145903,0.8679524260713586,130.26998916797055
315.0,889.0,503.0,889.0,315.0,889.0,35344.0,52441.0,87785.0,188.0,229.0,296.2853354454115,0.6345234728454446,0.883404504429967,129.38465029331684
312.0,898.0,505.0,898.0,312.0,898.0,37249.0,52441.0,89690.0,193.0,229.0,299.482887658043,0.6444441667744709,0.8705001770867613,130.12401378753782
316.0,900.0,509.0,900.0,316.0,900.0,37249.0,58081.0,95330.0,193.0,241.0,308.75556675143525,0.6250899442256058,0.8955495677201976,128.68878942486737
322.0,905.0,509.0,905.0,322.0,905.0,34969.0,57600.0,92569.0,187.0,240.0,304.25154066988716,0.6146230174817585,0.9088883556230459,127.924533174214
322.0,910.0,509.0,910.0,322.0,910.0,34969.0,59049.0,94018.0,187.0,243.0,306.62354769325856,0.6098683594486093,0.9149018538667786,127.5799851047388
327.0,915.0,519.0,915.0,327.0,915.0,36864.0,59049.0,95913.0,192.0,243.0,309.6982402274834,0.6199583176803646,0.9021067479216459,128.31309067381764
330.0,919.0,518.0,919.0,330.0,919.0,35344.0,61009.0,96353.0,188.0,247.0,310.4077962938431,0.6056548909036824,0.9202077078131795,127.27598206689719
336.0,923.0,518.0,923.0,336.0,923.0,33124.0,63001.0,96125.0,182.0,251.0,310.0403199585499,0.5870204237446667,0.9434228518452484,125.94585229307131
341.0,930.0,519.0,930.0,341.0,930.0,31684.0,64516.0,96200.0,178.0,254.0,310.16124838541646,0.5738950333950533,0.9595421004368662,125.02228737984942
347.0,930.0,521.0,930.0,347.0,930.0,30276.0,64516.0,94792.0,174.0,254.0,307.8830946966722,0.5651495746183323,0.9701817793672727,124.41267868176286
350.0,933.0,524.0,933.0,350.0,933.0,30276.0,67081.0,97357.0,174.0,259.0,312.0208326378224,0.5576550723520765,0.9792381826747417,123.89378499467657
359.0,936.0,524.0,936.0,359.0,936.0,27225.0,67081.0,94306.0,165.0,259.0,307.09281984442424,0.5372968344997137,1.0035676088134318,122.49981155895436
363.0,940.0,524.0,940.0,363.0,940.0,25921.0,69169.0,95090.0,161.0,263.0,308.36666486505965,0.5221057213510842,1.0214782849876702,121.47360540594498
371.0,940.0,532.0,940.0,371.0,940.0,25921.0,71289.0,97210.0,161.0,267.0,311.7851824574093,0.5163811786404988,1.0281766100526983,121.08981964991217
379.0,941.0,531.0,941.0,379.0,941.0,23104.0,73441.0,96545.0,152.0,271.0,310.71691296097805,0.48919126593887474,1.0596340748442405,119.28743968317542
387.0,946.0,527.0,946.0,387.0,946.0,19600.0,72900.0,92500.0,140.0,270.0,304.138126514911,0.4603171644550004,1.092443895416239,117.40757543781841
393.0,946.0,529.0,946.0,393.0,946.0,18496.0,75625.0,94121.0,136.0,275.0,306.79146011582526,0.44329786738084204,1.1115218677584273,116.3144881409437
400.0,947.0,533.0,947.0,400.0,947.0,17689.0,74529.0,92218.0,133.0,273.0,303.67416748877406,0.4379694232796954,1.1174576309403337,115.97439396243132
408.0,945.0,537.0,945.0,408.0,945.0,16641.0,80089.0,96730.0,129.0,283.0,311.01446911679204,0.41477169974223277,1.14310443811469,114.50494015335487
419.0,947.0,540.0,947.0,419.0,947.0,14641.0,80656.0,95297.0,121.0,284.0,308.7021217938095,0.391963616242389,1.168031291875847,113.07673663630077
431.0,947.0,543.0,947.0,431.0,947.0,12544.0,81225.0,93769.0,112.0,285.0,306.2172431461037,0.3657534071213686,1.1963541567278173,111.45395601656345
440.0,947.0,544.0,947.0,440.0,947.0,10816.0,82369.0,93185.0,104.0,287.0,305.26218239408564,0.3406907438856565,1.223144830160035,109.91896349858412
449.0,946.0,549.0,946.0,449.0,946.0,10000.0,85264.0,95264.0,100.0,292.0,308.6486675817668,0.3239929748716901,1.2408492346483417,108.90457584261166
459.0,946.0,551.0,946.0,459.0,946.0,8464.0,85264.0,93728.0,92.0,292.0,306.15028989043924,0.3005060032212403,1.2655731930009753,107.48799737614854
470.0,946.0,553.0,946.0,470.0,946.0,6889.0,87025.0,93914.0,83.0,295.0,306.45391170614874,0.2708400735951013,1.2965307113484696,105.7142622306383
479.0,943.0,555.0,943.0,479.0,943.0,5776.0,92416.0,98192.0,76.0,304.0,313.3560275469422,0.242535625036333,1.3258176636680323,104.03624346792648
484.0,942.0,556.0,942.0,484.0,942.0,5184.0,93025.0,98209.0,72.0,305.0,313.38315206788,0.2297507046084102,1.3389747991407883,103.2823951348557
494.0,941.0,553.0,941.0,494.0,941.0,3481.0,93636.0,97117.0,59.0,306.0,311.6360056219435,0.1893234380355104,1.3803232491917017,100.91330345753087
499.0,942.0,555.0,942.0,499.0,942.0,3136.0,92416.0,95552.0,56.0,304.0,309.1148653817865,0.18116242947693448,1.3886280163221332,100.43747535111818
510.0,937.0,557.0,937.0,510.0,937.0,2209.0,97344.0,99553.0,47.0,312.0,315.5202053751867,0.14896034928765356,1.421279518273934,98.56668209451682
515.0,939.0,558.0,939.0,515.0,939.0,1849.0,96100.0,97949.0,43.0,310.0,312.96804948748365,0.13739421666338394,1.4329661273113896,97.89708871985117
525.0,933.0,558.0,933.0,525.0,933.0,1089.0,99856.0,100945.0,33.0,316.0,317.71842880135233,0.10386555203769011,1.4667431111073537,95.96181010366065
530.0,936.0,558.0,936.0,530.0,936.0,784.0,97969.0,98753.0,28.0,313.0,314.2499005568657,0.08910106240410155,1.4815769456562575,95.11189399001312
534.0,931.0,558.0,931.0,534.0,931.0,576.0,103684.0,104260.0,24.0,322.0,322.893171188243,0.0743279887638388,1.496399727970078,94.26261112279005
544.0,934.0,563.0,934.0,544.0,934.0,361.0,101124.0,101485.0,19.0,318.0,318.56710439089596,0.059642065166547006,1.5111188453539681,93.4192678185355
549.0,929.0,564.0,929.0,549.0,929.0,225.0,104329.0,104554.0,15.0,323.0,323.34810962799827,0.04638963257665871,1.5243900396854542,92.6588843942434
555.0,933.0,564.0,933.0,555.0,933.0,81.0,101761.0,101842.0,9.0,319.0,319.1269339933563,0.02820194424638368,1.5425906428087535,91.61606665068574
560.0,932.0,565.0,932.0,560.0,932.0,25.0,101761.0,101786.0,5.0,319.0,319.03918254659567,0.015672056203534655,1.5551236289760848,90.89797943860181
565.0,930.0,565.0,930.0,565.0,930.0,0.0,103041.0,103041.0,0.0,321.0,321.0,nan,nan,nan
570.0,932.0,565.0,932.0,570.0,932.0,25.0,101761.0,101786.0,5.0,319.0,319.03918254659567,0.015672056203534655,1.5551236289760848,89.10202056139819
575.0,931.0,565.0,931.0,575.0,931.0,100.0,102400.0,102500.0,10.0,320.0,320.1562118716424,0.031234752377721213,1.5395564933646284,88.21008939175394
576.0,931.0,566.0,931.0,576.0,931.0,100.0,102400.0,102500.0,10.0,320.0,320.1562118716424,0.031234752377721213,1.5395564933646284,88.21008939175394
581.0,934.0,567.0,934.0,581.0,934.0,196.0,103041.0,103237.0,14.0,321.0,321.3051509079803,0.043572286222107626,1.527210241462321,87.50270126494635
581.0,934.0,567.0,934.0,581.0,934.0,196.0,103684.0,103880.0,14.0,322.0,322.3042041301975,0.04343722427630693,1.5273454314033659,87.51044707800085
587.0,932.0,567.0,932.0,587.0,932.0,400.0,104976.0,105376.0,20.0,324.0,324.6166970443757,0.061611125312096816,1.5091461561556376,86.46770541610911
587.0,932.0,568.0,932.0,587.0,932.0,361.0,104329.0,104690.0,19.0,323.0,323.5583409526016,0.05872202195147035,1.512040504079174,86.63353933657021
588.0,932.0,563.0,932.0,588.0,932.0,625.0,104976.0,105601.0,25.0,324.0,324.96307482543307,0.0769318176024453,1.4937884194804096,85.58777192174527
593.0,935.0,564.0,935.0,593.0,935.0,841.0,103041.0,103882.0,29.0,321.0,322.3073067741406,0.08997624127808551,1.4806982372878563,84.83775972905467
593.0,935.0,564.0,935.0,593.0,935.0,841.0,105625.0,106466.0,29.0,325.0,326.29128091323554,0.08887764306430064,1.4818012549262212,84.90095798446146
598.0,935.0,564.0,935.0,598.0,935.0,1156.0,105625.0,106781.0,34.0,325.0,326.7736219464478,0.10404756601061262,1.4665601055807034,84.02770445203471
599.0,935.0,565.0,935.0,599.0,935.0,1156.0,105625.0,106781.0,34.0,325.0,326.7736219464478,0.10404756601061262,1.4665601055807034,84.02770445203471
599.0,935.0,565.0,935.0,599.0,935.0,1156.0,105625.0,106781.0,34.0,325.0,326.7736219464478,0.10404756601061262,1.4665601055807034,84.02770445203471
599.0,934.0,565.0,934.0,599.0,934.0,1156.0,106929.0,108085.0,34.0,327.0,328.76283244916846,0.1034180164062703,1.4671930699105404,84.0639706367167
599.0,934.0,565.0,934.0,599.0,934.0,1156.0,106929.0,108085.0,34.0,327.0,328.76283244916846,0.1034180164062703,1.4671930699105404,84.0639706367167
604.0,939.0,565.0,939.0,604.0,939.0,1521.0,103684.0,105205.0,39.0,322.0,324.35320254315354,0.1202392937520364,1.4502654053857393,83.09408690243228
605.0,934.0,566.0,934.0,605.0,934.0,1521.0,106929.0,108450.0,39.0,327.0,329.31747600150226,0.11842675485531201,1.4520909896517196,83.19868517601843
604.0,940.0,565.0,940.0,604.0,940.0,1521.0,103041.0,104562.0,39.0,321.0,323.3604799600594,0.1206084305813041,1.4498935624922051,83.07278187399083
604.0,939.0,565.0,939.0,604.0,939.0,1521.0,103041.0,104562.0,39.0,321.0,323.3604799600594,0.1206084305813041,1.4498935624922051,83.07278187399083
604.0,939.0,565.0,939.0,604.0,939.0,1521.0,103041.0,104562.0,39.0,321.0,323.3604799600594,0.1206084305813041,1.4498935624922051,83.07278187399083
604.0,939.0,565.0,939.0,604.0,939.0,1521.0,103041.0,104562.0,39.0,321.0,323.3604799600594,0.1206084305813041,1.4498935624922051,83.07278187399083
604.0,939.0,565.0,939.0,604.0,939.0,1521.0,103041.0,104562.0,39.0,321.0,323.3604799600594,0.1206084305813041,1.4498935624922051,83.07278187399083
604.0,939.0,565.0,939.0,604.0,939.0,1521.0,103041.0,104562.0,39.0,321.0,323.3604799600594,0.1206084305813041,1.4498935624922051,83.07278187399083
604.0,939.0,565.0,939.0,604.0,939.0,1521.0,103684.0,105205.0,39.0,322.0,324.35320254315354,0.1202392937520364,1.4502654053857393,83.09408690243228
604.0,939.0,565.0,939.0,604.0,939.0,1521.0,103041.0,104562.0,39.0,321.0,323.3604799600594,0.1206084305813041,1.4498935624922051,83.07278187399083
604.0,939.0,565.0,939.0,604.0,939.0,1521.0,103041.0,104562.0,39.0,321.0,323.3604799600594,0.1206084305813041,1.4498935624922051,83.07278187399083
609.0,940.0,565.0,940.0,609.0,940.0,1936.0,105625.0,107561.0,44.0,325.0,327.96493715029965,0.1341606830971559,1.4362298868884797,82.2899109292615
666.0,951.0,581.0,951.0,666.0,951.0,7225.0,97344.0,104569.0,85.0,312.0,323.3713036124263,0.262855729777049,1.304815500854028,74.76042124218448
672.0,951.0,582.0,951.0,672.0,951.0,8100.0,97344.0,105444.0,90.0,312.0,324.7214190656354,0.2771606513021811,1.2899586021736937,73.90918365114783
672.0,951.0,577.0,951.0,672.0,951.0,9025.0,94249.0,103274.0,95.0,307.0,321.3627234139019,0.2956161156178775,1.2706959323819642,72.80551396992759
672.0,950.0,573.0,950.0,672.0,950.0,9801.0,91809.0,101610.0,99.0,303.0,318.76323501934786,0.31057533969998463,1.254998083052846,71.90609345593684
674.0,952.0,573.0,952.0,674.0,952.0,10201.0,85849.0,96050.0,101.0,293.0,309.9193443462347,0.3258912418424748,1.2388420449043003,70.98042065637281
675.0,951.0,573.0,951.0,675.0,951.0,10404.0,84100.0,94504.0,102.0,290.0,307.41502891042916,0.3317990026756939,1.2325863535634747,70.62199594460698
676.0,949.0,574.0,949.0,676.0,949.0,10404.0,85849.0,96253.0,102.0,293.0,310.24667604988133,0.32877064566390546,1.2357947641368139,70.80582432940446
673.0,952.0,569.0,952.0,673.0,952.0,10816.0,81796.0,92612.0,104.0,286.0,304.32219767871027,0.3417430630867044,1.2220253232109897,70.01689347810003
674.0,951.0,570.0,951.0,674.0,951.0,10816.0,82369.0,93185.0,104.0,287.0,305.26218239408564,0.3406907438856565,1.223144830160035,70.08103650141588
674.0,946.0,571.0,946.0,674.0,946.0,10609.0,88209.0,98818.0,103.0,297.0,314.35330442036076,0.3276568070118517,1.2369739242329987,70.87338522628609
676.0,950.0,566.0,950.0,676.0,950.0,12100.0,85849.0,97949.0,110.0,293.0,312.96804948748365,0.3514735775109822,1.2116516849635983,69.42252778832902
673.0,945.0,563.0,945.0,673.0,945.0,12100.0,88804.0,100904.0,110.0,298.0,317.653899708472,0.346288838578569,1.217184048500894,69.73950886974812
674.0,946.0,564.0,946.0,674.0,946.0,12100.0,91809.0,103909.0,110.0,303.0,322.3491895445062,0.34124484741356076,1.2225554053240761,70.04726494597526
673.0,948.0,565.0,948.0,673.0,948.0,11664.0,88209.0,99873.0,108.0,297.0,316.0268975894299,0.3417430630867043,1.2220253232109897,70.01689347810003
673.0,943.0,565.0,943.0,673.0,943.0,11664.0,90601.0,102265.0,108.0,301.0,319.7889929312765,0.3377226933611486,1.2262999431808561,70.26181116139571
669.0,948.0,566.0,948.0,669.0,948.0,10609.0,87616.0,98225.0,103.0,296.0,313.40867888429636,0.3286443769415376,1.235928462225163,70.81348466559584
666.0,941.0,567.0,941.0,666.0,941.0,9801.0,91809.0,101610.0,99.0,303.0,318.76323501934786,0.31057533969998463,1.254998083052846,71.90609345593684
668.0,947.0,574.0,947.0,668.0,947.0,8836.0,88804.0,97640.0,94.0,298.0,312.47399891831,0.30082502968374786,1.2652386889157763,72.49283695153967
664.0,942.0,575.0,942.0,664.0,942.0,7921.0,91809.0,99730.0,89.0,303.0,315.8005699804863,0.2818234305451045,1.285102283203891,73.63093707020882
664.0,943.0,575.0,943.0,664.0,943.0,7921.0,91204.0,99125.0,89.0,302.0,314.8412298286233,0.2826821634779064,1.2842071543532827,73.57964996494856
663.0,944.0,580.0,944.0,663.0,944.0,6889.0,90601.0,97490.0,83.0,301.0,312.23388669393336,0.26582636778742913,1.3017352962679232,74.58393851936383
659.0,944.0,580.0,944.0,659.0,944.0,6241.0,90000.0,96241.0,79.0,300.0,310.22733599732953,0.2546519627163998,1.3133085429163385,75.24703670758194
659.0,944.0,575.0,944.0,659.0,944.0,7056.0,90000.0,97056.0,84.0,300.0,311.53811965793204,0.2696299255199709,1.297787623708186,74.35775354279127
659.0,944.0,575.0,944.0,659.0,944.0,7056.0,90000.0,97056.0,84.0,300.0,311.53811965793204,0.2696299255199709,1.297787623708186,74.35775354279127
658.0,944.0,575.0,944.0,658.0,944.0,6889.0,90000.0,96889.0,83.0,300.0,311.2699792784392,0.2666495503112888,1.3008812903637366,74.53500758537467
658.0,944.0,579.0,944.0,658.0,944.0,6241.0,90601.0,96842.0,79.0,301.0,311.1944729586308,0.2538605498000024,1.3141268479097257,75.29392213005751
653.0,944.0,579.0,944.0,653.0,944.0,5476.0,90601.0,96077.0,74.0,301.0,309.9629010059107,0.23873824822212802,1.3297300067738693,76.18791728004508
652.0,944.0,573.0,944.0,652.0,944.0,6241.0,90601.0,96842.0,79.0,301.0,311.1944729586308,0.2538605498000024,1.3141268479097257,75.29392213005751
647.0,942.0,573.0,942.0,647.0,942.0,5476.0,88209.0,93685.0,74.0,297.0,306.08005488760614,0.24176681498300537,1.3266100565291294,76.00915729873067
642.0,942.0,572.0,942.0,642.0,942.0,4900.0,88804.0,93704.0,70.0,298.0,306.11109094575454,0.2286751511803425,1.3400797710667687,76.78091509298342
636.0,942.0,572.0,942.0,636.0,942.0,4096.0,88804.0,92900.0,64.0,298.0,304.7950130825634,0.20997718877593174,1.3592446984621644,77.87898454741425
630.0,941.0,571.0,941.0,630.0,941.0,3481.0,92416.0,95897.0,59.0,304.0,309.67240755353066,0.1905239167612992,1.379100515227725,79.01663904686596
624.0,938.0,570.0,938.0,624.0,938.0,2916.0,94249.0,97165.0,54.0,307.0,311.7130090323469,0.1732362732233493,1.3966816449190067,80.02396357724854
618.0,938.0,569.0,938.0,618.0,938.0,2401.0,94249.0,96650.0,49.0,307.0,310.8858311341963,0.15761413063192567,1.4125222105689486,80.93156113409012
608.0,938.0,563.0,938.0,608.0,938.0,2025.0,94249.0,96274.0,45.0,307.0,310.28051824115545,0.14503005298265362,1.4252529802374745,81.66098050604981
602.0,938.0,562.0,938.0,602.0,938.0,1600.0,94249.0,95849.0,40.0,307.0,309.594896598765,0.12920109614028943,1.4412330460090632,82.57657083110331
591.0,940.0,561.0,940.0,591.0,940.0,900.0,93025.0,93925.0,30.0,305.0,306.4718584144391,0.09788826992209926,1.4727510495010574,84.38241940987318
585.0,940.0,560.0,940.0,585.0,940.0,625.0,93025.0,93650.0,25.0,305.0,306.0228749619871,0.08169323944527151,1.4890119461769007,85.3141001604973
579.0,941.0,559.0,941.0,579.0,941.0,400.0,92416.0,92816.0,20.0,304.0,304.6571843892738,0.06564755740158461,1.5051015252424318,86.23596513509428
568.0,937.0,558.0,937.0,568.0,937.0,100.0,94864.0,94964.0,10.0,308.0,308.162294903189,0.03245043331190651,1.5383401955658773,88.14040066125445
557.0,939.0,557.0,939.0,557.0,939.0,0.0,93636.0,93636.0,0.0,306.0,306.0,nan,nan,nan
547.0,939.0,551.0,939.0,547.0,939.0,16.0,93636.0,93652.0,4.0,306.0,306.0261426741186,0.013070778741473481,1.5577251758447148,90.74892178282383
531.0,941.0,550.0,941.0,531.0,941.0,361.0,93025.0,93386.0,19.0,305.0,305.5912302406599,0.062174559083508635,1.5085816400865717,93.56463897211567
521.0,946.0,550.0,946.0,521.0,946.0,841.0,90000.0,90841.0,29.0,300.0,301.3984074277766,0.09621815937082946,1.4744290819197794,95.52143641464792
509.0,948.0,548.0,948.0,509.0,948.0,1521.0,88804.0,90325.0,39.0,298.0,300.54117854297436,0.12976591157681705,1.4406634353404915,97.45606545617147
494.0,948.0,546.0,948.0,494.0,948.0,2704.0,88804.0,91508.0,52.0,298.0,302.50289254815397,0.17189918272177304,1.398039100551165,99.89825994415253
483.0,951.0,545.0,951.0,483.0,951.0,3844.0,87025.0,90869.0,62.0,295.0,301.4448539948891,0.20567609358178393,1.3636418054548858,101.86907977983536
471.0,953.0,547.0,953.0,471.0,953.0,5776.0,86436.0,92212.0,76.0,294.0,303.66428831853113,0.2502763839002339,1.317830613064328,104.49386775827615
455.0,953.0,548.0,953.0,455.0,953.0,8649.0,86436.0,95085.0,93.0,294.0,308.3585575267857,0.3015969485196516,1.2644291741788496,107.55354482633987
441.0,957.0,547.0,957.0,441.0,957.0,11236.0,83521.0,94757.0,106.0,289.0,307.82624969290714,0.34435010044058123,1.2192498654472461,110.1421285379793
426.0,961.0,545.0,961.0,426.0,961.0,14161.0,81796.0,95957.0,119.0,286.0,309.7692689728921,0.38415689327275937,1.1765018546828085,112.59140913736138
412.0,964.0,545.0,964.0,412.0,964.0,17689.0,77841.0,95530.0,133.0,279.0,309.0792778560219,0.43031031042448353,1.1259598127032486,115.48725483076319
403.0,963.0,534.0,963.0,403.0,963.0,17161.0,78961.0,96122.0,131.0,281.0,310.0354818403855,0.4225322831515209,1.1345588785750322,114.99456464855501
391.0,967.0,531.0,967.0,391.0,967.0,19600.0,75625.0,95225.0,140.0,275.0,308.58548248418947,0.4536830406698506,1.0999024678141933,116.98023071822286
382.0,966.0,530.0,966.0,382.0,966.0,21904.0,75076.0,96980.0,148.0,274.0,311.4161203277698,0.47524835851216674,1.0755500434354728,118.37552185603504
369.0,967.0,527.0,967.0,369.0,967.0,24964.0,73984.0,98948.0,158.0,272.0,314.5600101729398,0.5022888952512884,1.0445525399390496,120.15154798182209
359.0,969.0,522.0,969.0,359.0,969.0,26569.0,70756.0,97325.0,163.0,266.0,311.96954979612997,0.5224868904882526,1.0210313042168226,121.49921551763805
349.0,963.0,520.0,963.0,349.0,963.0,29241.0,69696.0,98937.0,171.0,264.0,314.5425249469458,0.543646681887744,0.9960204650959164,122.93223104134667
342.0,965.0,513.0,965.0,342.0,965.0,29241.0,68121.0,97362.0,171.0,261.0,312.0288448204749,0.5480262573108728,0.9907935525872158,123.23171106797935
337.0,961.0,504.0,961.0,337.0,961.0,27889.0,68644.0,96533.0,167.0,262.0,310.6976021793538,0.5375001249723109,1.003326551519829,122.51362312449865
332.0,952.0,499.0,952.0,332.0,952.0,27889.0,70756.0,98645.0,167.0,266.0,314.0780157858872,0.5317150249505109,1.0101720395313292,122.12140555273228
328.0,947.0,494.0,947.0,328.0,947.0,27556.0,72900.0,100456.0,166.0,270.0,316.9479452528443,0.5237453105038241,1.019554738207249,121.5838165181591
320.0,945.0,493.0,945.0,320.0,945.0,29929.0,71824.0,101753.0,173.0,268.0,318.9874605685935,0.5423410678640107,0.9975752552917265,122.84314812509842
318.0,936.0,488.0,936.0,318.0,936.0,28900.0,70756.0,99656.0,170.0,266.0,315.68338568888925,0.5385142446727861,1.0021234771221883,122.5825542099237
312.0,928.0,483.0,928.0,312.0,928.0,29241.0,69696.0,98937.0,171.0,264.0,314.5425249469458,0.543646681887744,0.9960204650959164,122.93223104134667
311.0,916.0,483.0,916.0,311.0,916.0,29584.0,70756.0,100340.0,172.0,266.0,316.76489704511135,0.542989458757815,0.9968033145084361,122.88737707401499
307.0,906.0,480.0,906.0,307.0,906.0,29929.0,72900.0,102829.0,173.0,270.0,320.6696119060863,0.5394960843706826,1.0009578152970857,122.64934171284159
302.0,895.0,477.0,895.0,302.0,895.0,30625.0,72361.0,102986.0,175.0,269.0,320.9143187830671,0.5453168953744852,0.9940292055052918,123.0463218118044
297.0,885.0,480.0,885.0,297.0,885.0,33489.0,73984.0,107473.0,183.0,272.0,327.8307490154028,0.5582148732222856,0.9785636300348503,123.93243401400176
295.0,876.0,474.0,876.0,295.0,876.0,32041.0,72900.0,104941.0,179.0,270.0,323.94598315151245,0.5525612580794993,0.9853622107497854,123.54290403235694
291.0,864.0,472.0,864.0,291.0,864.0,32761.0,76176.0,108937.0,181.0,276.0,330.056055845064,0.5483916952730163,0.990356604262319,123.25674636286125
287.0,850.0,471.0,850.0,287.0,850.0,33856.0,76176.0,110032.0,184.0,276.0,331.710717342687,0.5547001962252291,0.982793723247329,123.69006752597979
287.0,837.0,476.0,837.0,287.0,837.0,35721.0,73441.0,109162.0,189.0,271.0,330.39673121869714,0.5720395577246089,0.9618060412974913,124.8925731234684
280.0,824.0,481.0,824.0,280.0,824.0,40401.0,72900.0,113301.0,201.0,270.0,336.6021390306366,0.597144155348655,0.9308602652867306,126.66563548264216
282.0,807.0,481.0,807.0,282.0,807.0,39601.0,77841.0,117442.0,199.0,279.0,342.6981178821967,0.580686002099395,0.951225266759551,125.49880684847184
279.0,794.0,470.0,794.0,279.0,794.0,36481.0,82369.0,118850.0,191.0,287.0,344.74628351876396,0.5540306281201844,0.9835982283030469,123.64397278169022
274.0,779.0,471.0,779.0,274.0,779.0,38809.0,80656.0,119465.0,197.0,284.0,345.6370929168338,0.5699619746755641,0.9643367503619502,124.7475741748994
277.0,767.0,466.0,767.0,277.0,767.0,35721.0,82369.0,118090.0,189.0,287.0,343.64225584174017,0.5499905695155296,0.9884433806509134,123.36636600105956
275.0,760.0,461.0,760.0,275.0,760.0,34596.0,82369.0,116965.0,186.0,287.0,342.0014619851792,0.5438573242358257,0.9957694750850119,122.94661170967143
271.0,744.0,463.0,744.0,271.0,744.0,36864.0,83521.0,120385.0,192.0,289.0,346.96541614403014,0.5533692727470514,0.9843924429084508,123.59846763677292
271.0,730.0,463.0,730.0,271.0,730.0,36864.0,86436.0,123300.0,192.0,294.0,351.14099732158877,0.5467889009387269,0.9922721123771915,123.14699583225598
274.0,716.0,458.0,716.0,274.0,716.0,33856.0,93025.0,126881.0,184.0,305.0,356.2035934686791,0.5165585170217523,1.0279695129271058,121.10168544115791
268.0,703.0,449.0,703.0,268.0,703.0,32761.0,99225.0,131986.0,181.0,315.0,363.2987751149183,0.4982125247814178,1.0492603229365633,119.8818118852011
272.0,694.0,444.0,694.0,272.0,694.0,29584.0,102400.0,131984.0,172.0,320.0,363.29602254910526,0.47344311339591244,1.0776006698921967,118.25802961470689
269.0,679.0,438.0,679.0,269.0,679.0,28561.0,114244.0,142805.0,169.0,338.0,377.89548819746443,0.4472135954999579,1.1071487177940904,116.56505117707799
274.0,672.0,439.0,672.0,274.0,672.0,27225.0,113569.0,140794.0,165.0,337.0,375.22526567383494,0.4397358469550035,1.1154917900029748,116.08702835133602
274.0,664.0,437.0,664.0,274.0,664.0,26569.0,113569.0,140138.0,163.0,337.0,374.35010351274116,0.435421276688527,1.1202901356804402,115.81210339537242
275.0,654.0,426.0,654.0,275.0,654.0,22801.0,119716.0,142517.0,151.0,346.0,377.5142381420865,0.39998491379593354,1.1592959410664,113.57723537024826
280.0,642.0,423.0,642.0,280.0,642.0,20449.0,121104.0,141553.0,143.0,348.0,376.2352987161093,0.3800812961675389,1.180912139701103,112.33871841936333
277.0,635.0,415.0,635.0,277.0,635.0,19044.0,126736.0,145780.0,138.0,356.0,381.81147180251145,0.36143492323190135,1.200989930423427,111.18834574902725
278.0,625.0,410.0,625.0,278.0,625.0,17424.0,128164.0,145588.0,132.0,358.0,381.55995597022496,0.34594825252129086,1.2175470728075763,110.23969136961831
284.0,615.0,404.0,615.0,284.0,615.0,14400.0,129600.0,144000.0,120.0,360.0,379.4733192202055,0.31622776601683794,1.2490457723982544,108.43494882292201
284.0,606.0,393.0,606.0,284.0,606.0,11881.0,133956.0,145837.0,109.0,366.0,381.88610867639585,0.28542541224604967,1.2813460508180796,106.58427919236853
284.0,602.0,389.0,602.0,284.0,602.0,11025.0,134689.0,145714.0,105.0,367.0,381.72503192743335,0.2750671064714475,1.2921368261356514,105.96601330899773
284.0,593.0,391.0,593.0,284.0,593.0,11449.0,135424.0,146873.0,107.0,368.0,383.24013359772226,0.2791983161980506,1.2878372033021306,106.21236355085655
286.0,590.0,388.0,590.0,286.0,590.0,10404.0,137641.0,148045.0,102.0,371.0,384.76616275343133,0.2650960761987909,1.3024927646797861,105.37266173752195
286.0,585.0,380.0,585.0,286.0,585.0,8836.0,138384.0,147220.0,94.0,372.0,383.6925852814985,0.24498779388983058,1.3232892240498357,104.18111238680282
290.0,584.0,380.0,584.0,290.0,584.0,8100.0,140625.0,148725.0,90.0,375.0,385.64880396547323,0.2333729524753242,1.3352513460740332,103.49573328079582
297.0,582.0,373.0,582.0,297.0,582.0,5776.0,139876.0,145652.0,76.0,374.0,381.6438129984554,0.19913856169419308,1.370317529027608,101.4865889939224
297.0,581.0,373.0,581.0,297.0,581.0,5776.0,138384.0,144160.0,76.0,372.0,379.68407920269715,0.2001664124542521,1.3692685590595632,101.54669054592732
297.0,577.0,365.0,577.0,297.0,577.0,4624.0,145924.0,150548.0,68.0,382.0,388.0051546049356,0.17525540367946185,1.3946311459159468,100.09352136152258
295.0,578.0,364.0,578.0,295.0,578.0,4761.0,148225.0,152986.0,69.0,385.0,391.1342480530182,0.1764100186661411,1.3934582573247511,100.16072292763712
299.0,577.0,361.0,577.0,299.0,577.0,3844.0,153664.0,157508.0,62.0,392.0,396.8727755843174,0.1562213480345613,1.4139324639661113,98.98763729820847
297.0,572.0,353.0,572.0,297.0,572.0,3136.0,158404.0,161540.0,56.0,398.0,401.9203901271992,0.13933107494814384,1.4310104583574403,98.00914029703722
304.0,573.0,339.0,573.0,304.0,573.0,1225.0,163216.0,164441.0,35.0,404.0,405.51325502380314,0.08631037226624205,1.4843784324574412,94.95138061994369
303.0,577.0,332.0,577.0,303.0,577.0,841.0,160801.0,161642.0,29.0,401.0,402.0472609034913,0.07213082346296908,1.4986028087238512,94.13638389367235
300.0,571.0,328.0,571.0,300.0,571.0,784.0,170569.0,171353.0,28.0,413.0,413.94806437523056,0.06764133573679161,1.503103304100928,93.8785245028477
305.0,577.0,327.0,577.0,305.0,577.0,484.0,173056.0,173540.0,22.0,416.0,416.58132459341,0.052810816763023044,1.5179609310989748,93.02724518228
302.0,574.0,316.0,574.0,302.0,574.0,196.0,173889.0,174085.0,14.0,417.0,417.2349458039199,0.03355423638598891,1.5372357908381904,91.92287706851631
302.0,580.0,309.0,580.0,302.0,580.0,49.0,179776.0,179825.0,7.0,424.0,424.05777908204914,0.01650718450479268,1.554288392532249,90.9458349617291
303.0,578.0,310.0,578.0,303.0,578.0,49.0,175561.0,175610.0,7.0,419.0,419.0584684742691,0.016704112973747985,1.5540914369060852,90.95711968785966
302.0,579.0,309.0,579.0,302.0,579.0,49.0,174724.0,174773.0,7.0,418.0,418.05860833141566,0.016744063775983187,1.5540514805156527,90.95940902039601
309.0,572.0,309.0,572.0,309.0,572.0,0.0,174724.0,174724.0,0.0,418.0,418.0,nan,nan,nan
307.0,576.0,307.0,576.0,307.0,576.0,0.0,168921.0,168921.0,0.0,411.0,411.0,nan,nan,nan
308.0,576.0,308.0,576.0,308.0,576.0,0.0,168100.0,168100.0,0.0,410.0,410.0,nan,nan,nan
303.0,579.0,310.0,579.0,303.0,579.0,49.0,162409.0,162458.0,7.0,403.0,403.0607894598531,0.017367107352170844,1.553428346290092,90.9951119815908
310.0,574.0,304.0,574.0,310.0,574.0,36.0,164025.0,164061.0,6.0,405.0,405.0444420060594,0.014813189313952469,1.5559825956829954,89.15123572844642
304.0,579.0,304.0,579.0,304.0,579.0,0.0,164025.0,164025.0,0.0,405.0,405.0,nan,nan,nan
307.0,578.0,301.0,578.0,307.0,578.0,36.0,160801.0,160837.0,6.0,401.0,401.04488526846967,0.014960918890621051,1.5558348497332328,89.14277050908487
309.0,573.0,302.0,573.0,309.0,573.0,49.0,164025.0,164074.0,7.0,405.0,405.0604893099301,0.01728136953551148,1.5535140969758874,89.00980117079564
308.0,575.0,302.0,575.0,308.0,575.0,36.0,162409.0,162445.0,6.0,403.0,403.0446625375406,0.014886687649513645,1.5559090892421257,89.14702411961756
308.0,576.0,301.0,576.0,308.0,576.0,49.0,160801.0,160850.0,7.0,401.0,401.06109260310956,0.017453700020029633,1.5533417404951437,88.9999258718773
306.0,578.0,300.0,578.0,306.0,578.0,36.0,156816.0,156852.0,6.0,396.0,396.045451937022,0.015149776296267384,1.555645970920127,89.13194855025446
308.0,580.0,295.0,580.0,308.0,580.0,169.0,157609.0,157778.0,13.0,397.0,397.2127893207871,0.032728049925656505,1.5380624314111333,88.1244859474876
306.0,577.0,293.0,577.0,306.0,577.0,169.0,156816.0,156985.0,13.0,396.0,396.2133263786063,0.03281060765628488,1.5379798293183111,88.11975319618993
309.0,576.0,296.0,576.0,309.0,576.0,169.0,157609.0,157778.0,13.0,397.0,397.2127893207871,0.032728049925656505,1.5380624314111333,88.1244859474876
308.0,580.0,296.0,580.0,308.0,580.0,144.0,158404.0,158548.0,12.0,398.0,398.180863427664,0.030137058563538915,1.540654704407277,88.27301224951236
309.0,582.0,296.0,582.0,309.0,582.0,169.0,161604.0,161773.0,13.0,402.0,402.2101440789379,0.03232141255355463,1.5384692840391732,88.14779688595809
307.0,585.0,295.0,585.0,307.0,585.0,144.0,160801.0,160945.0,12.0,401.0,401.1795109424209,0.02991179677100283,1.5408800678019416,88.28592462088339
305.0,580.0,292.0,580.0,305.0,580.0,169.0,165649.0,165818.0,13.0,407.0,407.20756378043865,0.03192475080597825,1.5388661506040024,88.17053566515266
304.0,580.0,291.0,580.0,304.0,580.0,169.0,166464.0,166633.0,13.0,408.0,408.2070553040454,0.0318465833235469,1.5389443578530533,88.1750166104506
304.0,581.0,291.0,581.0,304.0,581.0,169.0,165649.0,165818.0,13.0,407.0,407.20756378043865,0.03192475080597825,1.5388661506040024,88.17053566515266
304.0,583.0,291.0,583.0,304.0,583.0,169.0,164836.0,165005.0,13.0,406.0,406.20807475972214,0.03200330275977327,1.538787558491185,88.1660326687852
304.0,586.0,285.0,586.0,304.0,586.0,361.0,162409.0,162770.0,19.0,403.0,403.44764220404113,0.04709409106024932,1.5236848103728382,87.30070894255479
303.0,581.0,290.0,581.0,303.0,581.0,169.0,166464.0,166633.0,13.0,408.0,408.2070553040454,0.0318465833235469,1.5389443578530533,88.1750166104506
303.0,586.0,290.0,586.0,303.0,586.0,169.0,162409.0,162578.0,13.0,403.0,403.20962290104137,0.03224129401095805,1.5385494443596428,88.15238973400541
303.0,587.0,290.0,587.0,303.0,587.0,169.0,161604.0,161773.0,13.0,402.0,402.2101440789379,0.03232141255355463,1.5384692840391732,88.14779688595809
303.0,582.0,290.0,582.0,303.0,582.0,169.0,165649.0,165818.0,13.0,407.0,407.20756378043865,0.03192475080597825,1.5388661506040024,88.17053566515266
302.0,585.0,283.0,585.0,302.0,585.0,361.0,164025.0,164386.0,19.0,405.0,405.44543405987446,0.04686203963316593,1.5239171182866913,87.31401920556605
308.0,587.0,283.0,587.0,308.0,587.0,625.0,162409.0,163034.0,25.0,403.0,403.77468964758054,0.06191571844639471,1.5088409803838614,86.45022013237669
308.0,582.0,283.0,582.0,308.0,582.0,625.0,166464.0,167089.0,25.0,408.0,408.76521378414776,0.0611598031264996,1.5095983310863852,86.49361313124257
308.0,581.0,289.0,581.0,308.0,581.0,361.0,168100.0,168461.0,19.0,410.0,410.440007796511,0.04629178354713381,1.524487993948035,87.34672797158778
306.0,584.0,287.0,584.0,306.0,584.0,361.0,168100.0,168461.0,19.0,410.0,410.440007796511,0.04629178354713381,1.524487993948035,87.34672797158778
306.0,586.0,280.0,586.0,306.0,586.0,676.0,161604.0,162280.0,26.0,402.0,402.8399185780873,0.06454176659496098,1.5062096663702245,86.29945694482167
306.0,585.0,280.0,585.0,306.0,585.0,676.0,162409.0,163085.0,26.0,403.0,403.83783874223576,0.06438227799796503,1.5063694873693432,86.30861401354873
306.0,586.0,281.0,586.0,306.0,586.0,625.0,161604.0,162229.0,25.0,402.0,402.7766130251358,0.06206914500877399,1.5086872581549933,86.4414124974452
306.0,586.0,280.0,586.0,306.0,586.0,676.0,161604.0,162280.0,26.0,402.0,402.8399185780873,0.06454176659496098,1.5062096663702245,86.29945694482167
306.0,586.0,280.0,586.0,306.0,586.0,676.0,161604.0,162280.0,26.0,402.0,402.8399185780873,0.06454176659496098,1.5062096663702245,86.29945694482167
299.0,585.0,280.0,585.0,299.0,585.0,361.0,162409.0,162770.0,19.0,403.0,403.44764220404113,0.04709409106024932,1.5236848103728382,87.30070894255479
299.0,588.0,280.0,588.0,299.0,588.0,361.0,160801.0,161162.0,19.0,401.0,401.44987233775527,0.04732844947579051,1.5234501903381223,87.28726620477636
299.0,589.0,280.0,589.0,299.0,589.0,361.0,164836.0,165197.0,19.0,406.0,406.4443381325418,0.04674686843295154,1.5240324158449063,87.32062526903995
293.0,587.0,280.0,587.0,293.0,587.0,169.0,160801.0,160970.0,13.0,401.0,401.21066785418355,0.03240193006215063,1.5383887243353114,88.14318115492799
292.0,586.0,279.0,586.0,292.0,586.0,169.0,161604.0,161773.0,13.0,402.0,402.2101440789379,0.03232141255355463,1.5384692840391732,88.14779688595809
292.0,590.0,285.0,590.0,292.0,590.0,49.0,158404.0,158453.0,7.0,398.0,398.06155302917665,0.017585220041300805,1.5532102002853128,88.99238917301771
292.0,589.0,279.0,589.0,292.0,589.0,169.0,163216.0,163385.0,13.0,404.0,404.2091043012267,0.032161571477895445,1.5386292082583328,88.15695986875787
292.0,586.0,279.0,586.0,292.0,586.0,169.0,165649.0,165818.0,13.0,407.0,407.20756378043865,0.03192475080597825,1.5388661506040024,88.17053566515266
292.0,585.0,279.0,585.0,292.0,585.0,169.0,166464.0,166633.0,13.0,408.0,408.2070553040454,0.0318465833235469,1.5389443578530533,88.1750166104506
292.0,587.0,279.0,587.0,292.0,587.0,169.0,160000.0,160169.0,13.0,400.0,400.21119424623794,0.03248284952269848,1.5383077622568804,88.13854236953328
285.0,586.0,279.0,586.0,285.0,586.0,36.0,164836.0,164872.0,6.0,406.0,406.0443325549564,0.014776711602514302,1.5560190773874043,89.1533259761385
285.0,586.0,279.0,586.0,285.0,586.0,36.0,164836.0,164872.0,6.0,406.0,406.0443325549564,0.014776711602514302,1.5560190773874043,89.1533259761385
285.0,586.0,279.0,586.0,285.0,586.0,36.0,164836.0,164872.0,6.0,406.0,406.0443325549564,0.014776711602514302,1.5560190773874043,89.1533259761385
285.0,587.0,278.0,587.0,285.0,587.0,49.0,164025.0,164074.0,7.0,405.0,405.0604893099301,0.01728136953551148,1.5535140969758874,89.00980117079564
285.0,587.0,278.0,587.0,285.0,587.0,49.0,164836.0,164885.0,7.0,406.0,406.06034034364893,0.017238817250844786,1.5535566556003668,89.01223960036019
284.0,587.0,278.0,587.0,284.0,587.0,36.0,164836.0,164872.0,6.0,406.0,406.0443325549564,0.014776711602514302,1.5560190773874043,89.1533259761385
284.0,588.0,277.0,588.0,284.0,588.0,49.0,164836.0,164885.0,7.0,406.0,406.06034034364893,0.017238817250844786,1.5535566556003668,89.01223960036019
283.0,587.0,277.0,587.0,283.0,587.0,36.0,165649.0,165685.0,6.0,407.0,407.04422364160877,0.014740413084163639,1.5560553798595866,89.15540595458043
290.0,582.0,277.0,582.0,290.0,582.0,169.0,169744.0,169913.0,13.0,412.0,412.20504606324266,0.03153770222891806,1.5392533941847004,88.1927230879702
283.0,583.0,277.0,583.0,283.0,583.0,36.0,169744.0,169780.0,6.0,412.0,412.0436870041816,0.014561562740164272,1.556234249402158,89.16565442445321
290.0,588.0,277.0,588.0,290.0,588.0,169.0,165649.0,165818.0,13.0,407.0,407.20756378043865,0.03192475080597825,1.5388661506040024,88.17053566515266
289.0,582.0,277.0,582.0,289.0,582.0,144.0,170569.0,170713.0,12.0,413.0,413.1742973612952,0.029043432944975148,1.541748809174999,88.33569983504798
289.0,582.0,277.0,582.0,289.0,582.0,144.0,170569.0,170713.0,12.0,413.0,413.1742973612952,0.029043432944975148,1.541748809174999,88.33569983504798
289.0,583.0,276.0,583.0,289.0,583.0,169.0,169744.0,169913.0,13.0,412.0,412.20504606324266,0.03153770222891806,1.5392533941847004,88.1927230879702
289.0,583.0,276.0,583.0,289.0,583.0,169.0,170569.0,170738.0,13.0,413.0,413.2045498297423,0.03146141543058165,1.5393297188579707,88.19709616962129
283.0,584.0,276.0,584.0,283.0,584.0,49.0,169744.0,169793.0,7.0,412.0,412.0594617285229,0.01698783949927064,1.553807670112101,89.0266216724791
283.0,584.0,276.0,584.0,283.0,584.0,49.0,169744.0,169793.0,7.0,412.0,412.0594617285229,0.01698783949927064,1.553807670112101,89.0266216724791
283.0,585.0,277.0,585.0,283.0,585.0,36.0,168921.0,168957.0,6.0,411.0,411.04379328728464,0.014596984793312548,1.5561988235838364,89.16362467457759
289.0,585.0,277.0,585.0,289.0,585.0,144.0,168921.0,169065.0,12.0,411.0,411.17514516322603,0.029184643432754932,1.541607538802102,88.32760563891074
283.0,587.0,276.0,587.0,283.0,587.0,49.0,168100.0,168149.0,7.0,410.0,410.0597517435721,0.01707068291934537,1.5537248146772702,89.02187440575356
283.0,587.0,276.0,587.0,283.0,587.0,49.0,167281.0,167330.0,7.0,409.0,409.05989781448875,0.01711240832308266,1.5536830831777624,89.01948336695902
283.0,586.0,276.0,586.0,283.0,586.0,49.0,168100.0,168149.0,7.0,410.0,410.0597517435721,0.01707068291934537,1.5537248146772702,89.02187440575356
283.0,583.0,276.0,583.0,283.0,583.0,49.0,164836.0,164885.0,7.0,406.0,406.06034034364893,0.017238817250844786,1.5535566556003668,89.01223960036019
289.0,588.0,276.0,588.0,289.0,588.0,169.0,165649.0,165818.0,13.0,407.0,407.20756378043865,0.03192475080597825,1.5388661506040024,88.17053566515266
289.0,584.0,283.0,584.0,289.0,584.0,36.0,169744.0,169780.0,6.0,412.0,412.0436870041816,0.014561562740164272,1.556234249402158,89.16565442445321
289.0,585.0,283.0,585.0,289.0,585.0,36.0,168921.0,168957.0,6.0,411.0,411.04379328728464,0.014596984793312548,1.5561988235838364,89.16362467457759
289.0,586.0,283.0,586.0,289.0,586.0,36.0,168921.0,168957.0,6.0,411.0,411.04379328728464,0.014596984793312548,1.5561988235838364,89.16362467457759
283.0,582.0,283.0,582.0,283.0,582.0,0.0,172225.0,172225.0,0.0,415.0,415.0,nan,nan,nan
283.0,586.0,283.0,586.0,283.0,586.0,0.0,163216.0,163216.0,0.0,404.0,404.0,nan,nan,nan
289.0,587.0,283.0,587.0,289.0,587.0,36.0,162409.0,162445.0,6.0,403.0,403.0446625375406,0.014886687649513645,1.5559090892421257,89.14702411961756
289.0,585.0,283.0,585.0,289.0,585.0,36.0,164025.0,164061.0,6.0,405.0,405.0444420060594,0.014813189313952469,1.5559825956829954,89.15123572844642
283.0,585.0,283.0,585.0,283.0,585.0,0.0,164025.0,164025.0,0.0,405.0,405.0,nan,nan,nan
283.0,586.0,283.0,586.0,283.0,586.0,0.0,163216.0,163216.0,0.0,404.0,404.0,nan,nan,nan
283.0,586.0,283.0,586.0,283.0,586.0,0.0,162409.0,162409.0,0.0,403.0,403.0,nan,nan,nan
283.0,587.0,283.0,587.0,283.0,587.0,0.0,161604.0,161604.0,0.0,402.0,402.0,nan,nan,nan
283.0,587.0,283.0,587.0,283.0,587.0,0.0,161604.0,161604.0,0.0,402.0,402.0,nan,nan,nan
283.0,581.0,283.0,581.0,283.0,581.0,0.0,166464.0,166464.0,0.0,408.0,408.0,nan,nan,nan
284.0,587.0,284.0,587.0,284.0,587.0,0.0,161604.0,161604.0,0.0,402.0,402.0,nan,nan,nan
290.0,581.0,283.0,581.0,290.0,581.0,49.0,166464.0,166513.0,7.0,408.0,408.0600446012817,0.017154338173049382,1.5536411471721316,89.01708061082674
284.0,581.0,284.0,581.0,284.0,581.0,0.0,171396.0,171396.0,0.0,414.0,414.0,nan,nan,nan
284.0,587.0,284.0,587.0,284.0,587.0,0.0,166464.0,166464.0,0.0,408.0,408.0,nan,nan,nan
290.0,586.0,284.0,586.0,290.0,586.0,36.0,161604.0,161640.0,6.0,402.0,402.0447736260229,0.014923710973497512,1.5558720618048116,89.14490260373329
291.0,586.0,284.0,586.0,291.0,586.0,49.0,161604.0,161653.0,7.0,402.0,402.06094065452316,0.01741029603274707,1.5533851510786167,89.0024131150965
291.0,585.0,284.0,585.0,291.0,585.0,49.0,161604.0,161653.0,7.0,402.0,402.06094065452316,0.01741029603274707,1.5533851510786167,89.0024131150965
291.0,584.0,284.0,584.0,291.0,584.0,49.0,168100.0,168149.0,7.0,410.0,410.0597517435721,0.01707068291934537,1.5537248146772702,89.02187440575356
291.0,586.0,284.0,586.0,291.0,586.0,49.0,166464.0,166513.0,7.0,408.0,408.0600446012817,0.017154338173049382,1.5536411471721316,89.01708061082674
291.0,587.0,285.0,587.0,291.0,587.0,36.0,165649.0,165685.0,6.0,407.0,407.04422364160877,0.014740413084163639,1.5560553798595866,89.15540595458043
291.0,582.0,285.0,582.0,291.0,582.0,36.0,169744.0,169780.0,6.0,412.0,412.0436870041816,0.014561562740164272,1.556234249402158,89.16565442445321
291.0,581.0,285.0,581.0,291.0,581.0,36.0,170569.0,170605.0,6.0,413.0,413.0435812356851,0.014526312167955866,1.5562695037031682,89.16767434711078
291.0,586.0,285.0,586.0,291.0,586.0,36.0,166464.0,166500.0,6.0,408.0,408.0441152620633,0.014704292441876154,1.5560915044170451,89.15747573925958
291.0,587.0,285.0,587.0,291.0,587.0,36.0,165649.0,165685.0,6.0,407.0,407.04422364160877,0.014740413084163639,1.5560553798595866,89.15540595458043
291.0,586.0,285.0,586.0,291.0,586.0,36.0,165649.0,165685.0,6.0,407.0,407.04422364160877,0.014740413084163639,1.5560553798595866,89.15540595458043
291.0,586.0,285.0,586.0,291.0,586.0,36.0,165649.0,165685.0,6.0,407.0,407.04422364160877,0.014740413084163639,1.5560553798595866,89.15540595458043
291.0,586.0,285.0,586.0,291.0,586.0,36.0,165649.0,165685.0,6.0,407.0,407.04422364160877,0.014740413084163639,1.5560553798595866,89.15540595458043
291.0,585.0,285.0,585.0,291.0,585.0,36.0,166464.0,166500.0,6.0,408.0,408.0441152620633,0.014704292441876154,1.5560915044170451,89.15747573925958
298.0,585.0,285.0,585.0,298.0,585.0,169.0,166464.0,166633.0,13.0,408.0,408.2070553040454,0.0318465833235469,1.5389443578530533,88.1750166104506
298.0,585.0,285.0,585.0,298.0,585.0,169.0,166464.0,166633.0,13.0,408.0,408.2070553040454,0.0318465833235469,1.5389443578530533,88.1750166104506
298.0,585.0,285.0,585.0,298.0,585.0,169.0,166464.0,166633.0,13.0,408.0,408.2070553040454,0.0318465833235469,1.5389443578530533,88.1750166104506
298.0,585.0,285.0,585.0,298.0,585.0,169.0,166464.0,166633.0,13.0,408.0,408.2070553040454,0.0318465833235469,1.5389443578530533,88.1750166104506
298.0,584.0,285.0,584.0,298.0,584.0,169.0,167281.0,167450.0,13.0,409.0,409.20654931220247,0.03176879749811067,1.5390221830574866,88.17947566620437
298.0,583.0,285.0,583.0,298.0,583.0,169.0,167281.0,167450.0,13.0,409.0,409.20654931220247,0.03176879749811067,1.5390221830574866,88.17947566620437
298.0,583.0,285.0,583.0,298.0,583.0,169.0,167281.0,167450.0,13.0,409.0,409.20654931220247,0.03176879749811067,1.5390221830574866,88.17947566620437
298.0,582.0,291.0,582.0,298.0,582.0,49.0,168100.0,168149.0,7.0,410.0,410.0597517435721,0.01707068291934537,1.5537248146772702,89.02187440575356
298.0,582.0,292.0,582.0,298.0,582.0,36.0,168100.0,168136.0,6.0,410.0,410.0439000887588,0.014632579581603897,1.5561632249935557,89.16158502559789
298.0,581.0,292.0,581.0,298.0,581.0,36.0,168921.0,168957.0,6.0,411.0,411.04379328728464,0.014596984793312548,1.5561988235838364,89.16362467457759
298.0,581.0,292.0,581.0,298.0,581.0,36.0,168921.0,168957.0,6.0,411.0,411.04379328728464,0.014596984793312548,1.5561988235838364,89.16362467457759
298.0,581.0,292.0,581.0,298.0,581.0,36.0,164025.0,164061.0,6.0,405.0,405.0444420060594,0.014813189313952469,1.5559825956829954,89.15123572844642
298.0,583.0,292.0,583.0,298.0,583.0,36.0,167281.0,167317.0,6.0,409.0,409.04400741240545,0.014668348371500998,1.556127452364402,89.1595354049253
298.0,582.0,292.0,582.0,298.0,582.0,36.0,168921.0,168957.0,6.0,411.0,411.04379328728464,0.014596984793312548,1.5561988235838364,89.16362467457759
298.0,582.0,292.0,582.0,298.0,582.0,36.0,168921.0,168957.0,6.0,411.0,411.04379328728464,0.014596984793312548,1.5561988235838364,89.16362467457759
298.0,582.0,292.0,582.0,298.0,582.0,36.0,168921.0,168957.0,6.0,411.0,411.04379328728464,0.014596984793312548,1.5561988235838364,89.16362467457759
298.0,583.0,292.0,583.0,298.0,583.0,36.0,168100.0,168136.0,6.0,410.0,410.0439000887588,0.014632579581603897,1.5561632249935557,89.16158502559789
298.0,583.0,292.0,583.0,298.0,583.0,36.0,168100.0,168136.0,6.0,410.0,410.0439000887588,0.014632579581603897,1.5561632249935557,89.16158502559789
298.0,582.0,292.0,582.0,298.0,582.0,36.0,168921.0,168957.0,6.0,411.0,411.04379328728464,0.014596984793312548,1.5561988235838364,89.16362467457759
299.0,583.0,292.0,583.0,299.0,583.0,49.0,168100.0,168149.0,7.0,410.0,410.0597517435721,0.01707068291934537,1.5537248146772702,89.02187440575356
299.0,584.0,292.0,584.0,299.0,584.0,49.0,167281.0,167330.0,7.0,409.0,409.05989781448875,0.01711240832308266,1.5536830831777624,89.01948336695902
299.0,583.0,292.0,583.0,299.0,583.0,49.0,163216.0,163265.0,7.0,404.0,404.0606390135025,0.017324132380452134,1.5534713277282246,89.00735067341161
299.0,583.0,292.0,583.0,299.0,583.0,49.0,163216.0,163265.0,7.0,404.0,404.0606390135025,0.017324132380452134,1.5534713277282246,89.00735067341161
298.0,582.0,292.0,582.0,298.0,582.0,36.0,169744.0,169780.0,6.0,412.0,412.0436870041816,0.014561562740164272,1.556234249402158,89.16565442445321
299.0,582.0,292.0,582.0,299.0,582.0,49.0,164025.0,164074.0,7.0,405.0,405.0604893099301,0.01728136953551148,1.5535140969758874,89.00980117079564
299.0,581.0,292.0,581.0,299.0,581.0,49.0,170569.0,170618.0,7.0,413.0,413.05931777409404,0.016946718543287685,1.5538487969884918,89.02897806892084
305.0,581.0,292.0,581.0,305.0,581.0,169.0,164836.0,165005.0,13.0,406.0,406.20807475972214,0.03200330275977327,1.538787558491185,88.1660326687852
298.0,583.0,292.0,583.0,298.0,583.0,36.0,168100.0,168136.0,6.0,410.0,410.0439000887588,0.014632579581603897,1.5561632249935557,89.16158502559789
298.0,580.0,292.0,580.0,298.0,580.0,36.0,164836.0,164872.0,6.0,406.0,406.0443325549564,0.014776711602514302,1.5560190773874043,89.1533259761385
299.0,582.0,292.0,582.0,299.0,582.0,49.0,164025.0,164074.0,7.0,405.0,405.0604893099301,0.01728136953551148,1.5535140969758874,89.00980117079564
298.0,583.0,292.0,583.0,298.0,583.0,36.0,163216.0,163252.0,6.0,404.0,404.04455199891015,0.014849847548535154,1.555945933415817,89.14913513526972
299.0,582.0,292.0,582.0,299.0,582.0,49.0,164025.0,164074.0,7.0,405.0,405.0604893099301,0.01728136953551148,1.5535140969758874,89.00980117079564
299.0,582.0,292.0,582.0,299.0,582.0,49.0,164025.0,164074.0,7.0,405.0,405.0604893099301,0.01728136953551148,1.5535140969758874,89.00980117079564
299.0,582.0,292.0,582.0,299.0,582.0,49.0,164025.0,164074.0,7.0,405.0,405.0604893099301,0.01728136953551148,1.5535140969758874,89.00980117079564
299.0,579.0,292.0,579.0,299.0,579.0,49.0,165649.0,165698.0,7.0,407.0,407.060192109226,0.017196473975332124,1.5535990051535538,89.01466605102206
299.0,579.0,293.0,579.0,299.0,579.0,36.0,165649.0,165685.0,6.0,407.0,407.04422364160877,0.014740413084163639,1.5560553798595866,89.15540595458043
306.0,578.0,293.0,578.0,306.0,578.0,169.0,165649.0,165818.0,13.0,407.0,407.20756378043865,0.03192475080597825,1.5388661506040024,88.17053566515266
306.0,579.0,293.0,579.0,306.0,579.0,169.0,165649.0,165818.0,13.0,407.0,407.20756378043865,0.03192475080597825,1.5388661506040024,88.17053566515266
306.0,578.0,299.0,578.0,306.0,578.0,49.0,167281.0,167330.0,7.0,409.0,409.05989781448875,0.01711240832308266,1.5536830831777624,89.01948336695902
306.0,579.0,299.0,579.0,306.0,579.0,49.0,166464.0,166513.0,7.0,408.0,408.0600446012817,0.017154338173049382,1.5536411471721316,89.01708061082674
306.0,578.0,299.0,578.0,306.0,578.0,49.0,167281.0,167330.0,7.0,409.0,409.05989781448875,0.01711240832308266,1.5536830831777624,89.01948336695902
306.0,584.0,299.0,584.0,306.0,584.0,49.0,162409.0,162458.0,7.0,403.0,403.0607894598531,0.017367107352170844,1.553428346290092,89.0048880184092
306.0,583.0,299.0,583.0,306.0,583.0,49.0,163216.0,163265.0,7.0,404.0,404.0606390135025,0.017324132380452134,1.5534713277282246,89.00735067341161
306.0,583.0,299.0,583.0,306.0,583.0,49.0,163216.0,163265.0,7.0,404.0,404.0606390135025,0.017324132380452134,1.5534713277282246,89.00735067341161
306.0,578.0,299.0,578.0,306.0,578.0,49.0,167281.0,167330.0,7.0,409.0,409.05989781448875,0.01711240832308266,1.5536830831777624,89.01948336695902
306.0,579.0,300.0,579.0,306.0,579.0,36.0,166464.0,166500.0,6.0,408.0,408.0441152620633,0.014704292441876154,1.5560915044170451,89.15747573925958
307.0,575.0,300.0,575.0,307.0,575.0,49.0,169744.0,169793.0,7.0,412.0,412.0594617285229,0.01698783949927064,1.553807670112101,89.0266216724791
307.0,579.0,301.0,579.0,307.0,579.0,36.0,165649.0,165685.0,6.0,407.0,407.04422364160877,0.014740413084163639,1.5560553798595866,89.15540595458043
307.0,578.0,301.0,578.0,307.0,578.0,36.0,167281.0,167317.0,6.0,409.0,409.04400741240545,0.014668348371500998,1.556127452364402,89.1595354049253
307.0,579.0,301.0,579.0,307.0,579.0,36.0,166464.0,166500.0,6.0,408.0,408.0441152620633,0.014704292441876154,1.5560915044170451,89.15747573925958
308.0,574.0,301.0,574.0,308.0,574.0,49.0,175561.0,175610.0,7.0,419.0,419.0584684742691,0.016704112973747985,1.5540914369060852,89.04288031214034
308.0,574.0,301.0,574.0,308.0,574.0,49.0,174724.0,174773.0,7.0,418.0,418.05860833141566,0.016744063775983187,1.5540514805156527,89.04059097960399
308.0,578.0,301.0,578.0,308.0,578.0,49.0,171396.0,171445.0,7.0,414.0,414.0591745149478,0.01690579615389562,1.5538897252412418,89.03132308506626
308.0,574.0,308.0,574.0,308.0,574.0,0.0,173889.0,173889.0,0.0,417.0,417.0,nan,nan,nan
307.0,578.0,307.0,578.0,307.0,578.0,0.0,176400.0,176400.0,0.0,420.0,420.0,nan,nan,nan
307.0,576.0,307.0,576.0,307.0,576.0,0.0,178929.0,178929.0,0.0,423.0,423.0,nan,nan,nan
308.0,581.0,308.0,581.0,308.0,581.0,0.0,174724.0,174724.0,0.0,418.0,418.0,nan,nan,nan
309.0,577.0,309.0,577.0,309.0,577.0,0.0,184041.0,184041.0,0.0,429.0,429.0,nan,nan,nan
304.0,577.0,304.0,577.0,304.0,577.0,0.0,171396.0,171396.0,0.0,414.0,414.0,nan,nan,nan
303.0,582.0,310.0,582.0,303.0,582.0,49.0,167281.0,167330.0,7.0,409.0,409.05989781448875,0.01711240832308266,1.5536830831777624,90.98051663304098
303.0,577.0,310.0,577.0,303.0,577.0,49.0,171396.0,171445.0,7.0,414.0,414.0591745149478,0.01690579615389562,1.5538897252412418,90.96867691493374
304.0,579.0,311.0,579.0,304.0,579.0,49.0,168921.0,168970.0,7.0,411.0,411.0596063833079,0.017029160470398028,1.553766343162821,90.9757461872948
303.0,581.0,310.0,581.0,303.0,581.0,49.0,169744.0,169793.0,7.0,412.0,412.0594617285229,0.01698783949927064,1.553807670112101,90.9733783275209
303.0,580.0,309.0,580.0,303.0,580.0,36.0,171396.0,171432.0,6.0,414.0,414.04347597806685,0.014491231834595646,1.5563045877293966,90.830315486258
308.0,584.0,308.0,584.0,308.0,584.0,0.0,169744.0,169744.0,0.0,412.0,412.0,nan,nan,nan
308.0,585.0,308.0,585.0,308.0,585.0,0.0,179776.0,179776.0,0.0,424.0,424.0,nan,nan,nan
310.0,586.0,317.0,586.0,310.0,586.0,49.0,172225.0,172274.0,7.0,415.0,415.05903194605946,0.01686507089649289,1.5539304563056382,90.96634319684875
311.0,582.0,318.0,582.0,311.0,582.0,49.0,182329.0,182378.0,7.0,427.0,427.05737319475,0.01639124023930107,1.5544043524868913,90.93919094573558
310.0,579.0,324.0,579.0,310.0,579.0,196.0,178929.0,179125.0,14.0,423.0,423.2316150761897,0.033078814297650555,1.5377114770079778,91.89562225861475
310.0,583.0,330.0,583.0,310.0,583.0,400.0,170569.0,170969.0,20.0,413.0,413.48397792417546,0.04836946790636611,1.5224079780920512,92.77244815828037
308.0,581.0,341.0,581.0,308.0,581.0,1089.0,165649.0,166738.0,33.0,407.0,408.3356462519529,0.0808158687660548,1.489892227639666,94.63546342690265
308.0,583.0,348.0,583.0,308.0,583.0,1600.0,160000.0,161600.0,40.0,400.0,401.9950248448356,0.09950371902099892,1.4711276743037347,95.71059313749963
306.0,586.0,345.0,586.0,306.0,586.0,1521.0,157609.0,159130.0,39.0,397.0,398.911017646793,0.09776616406852842,1.4728737438687702,95.61055072068686
301.0,583.0,353.0,583.0,301.0,583.0,2704.0,157609.0,160313.0,52.0,397.0,400.39105884122836,0.12987303000844522,1.4405554026984333,97.46225527061105
303.0,581.0,355.0,581.0,303.0,581.0,2704.0,160801.0,163505.0,52.0,401.0,404.357515077932,0.12859906904408097,1.441840137725161,97.38864537578692
304.0,584.0,356.0,584.0,304.0,584.0,2704.0,154449.0,157153.0,52.0,393.0,396.42527669158534,0.13117226135016474,1.4392449608591718,97.5373380572981
304.0,586.0,362.0,586.0,304.0,586.0,3364.0,158404.0,161768.0,58.0,398.0,402.20392837464925,0.1442054537716338,1.4260863400881458,98.29127149169106
301.0,587.0,358.0,587.0,301.0,587.0,3249.0,157609.0,160858.0,57.0,397.0,401.07106602197075,0.14211945171052934,1.4281940536898707,98.1705083978899
301.0,585.0,358.0,585.0,301.0,585.0,3249.0,164836.0,168085.0,57.0,406.0,409.98170690897905,0.1390305934129268,1.4313138932310019,97.99175475942506
304.0,584.0,361.0,584.0,304.0,584.0,3249.0,163216.0,166465.0,57.0,404.0,408.0012254883556,0.1397054627269172,1.4306323727085617,98.03080300901243
298.0,588.0,362.0,588.0,298.0,588.0,4096.0,160801.0,164897.0,64.0,401.0,406.0751162038866,0.15760630840493606,1.4125301318002246,99.06798501278922
298.0,588.0,368.0,588.0,298.0,588.0,4900.0,160801.0,165701.0,70.0,401.0,407.06387705125593,0.17196318304408492,1.3979741327915072,99.90198232258534
298.0,589.0,368.0,589.0,298.0,589.0,4900.0,160801.0,165701.0,70.0,401.0,407.06387705125593,0.17196318304408492,1.3979741327915072,99.90198232258534
298.0,590.0,375.0,590.0,298.0,590.0,5929.0,155236.0,161165.0,77.0,394.0,401.4536087769046,0.19180298374846683,1.3777974166804035,101.05802300018519
298.0,591.0,375.0,591.0,298.0,591.0,5929.0,160000.0,165929.0,77.0,400.0,407.3438351073942,0.18902949637055222,1.380622596133754,100.89615214114113
305.0,592.0,374.0,592.0,305.0,592.0,4761.0,154449.0,159210.0,69.0,393.0,399.0112780360976,0.17292744290239767,1.3969952077057104,99.95807059846098
305.0,593.0,381.0,593.0,305.0,593.0,5776.0,154449.0,160225.0,76.0,393.0,400.2811511925087,0.18986654698474434,1.379770107563679,100.94499613828957
305.0,595.0,381.0,595.0,305.0,595.0,5776.0,153664.0,159440.0,76.0,392.0,399.2993864257745,0.190333375366024,1.3792946083252777,100.97224023781165
299.0,597.0,387.0,597.0,299.0,597.0,7744.0,147456.0,155200.0,88.0,384.0,393.9543120718442,0.22337615632939617,1.3455195475808412,102.90740867126584
298.0,604.0,393.0,604.0,298.0,604.0,9025.0,142884.0,151909.0,95.0,378.0,389.7550512822124,0.2437428320363519,1.324573109239041,104.107551184082
299.0,607.0,399.0,607.0,299.0,607.0,10000.0,136900.0,146900.0,100.0,370.0,383.275357934736,0.26090902514277464,1.3068326031691921,105.12400730831055
293.0,617.0,399.0,617.0,293.0,617.0,11236.0,130321.0,141557.0,106.0,361.0,376.24061450088027,0.28173460257771293,1.285194862548333,106.36375852408457
292.0,620.0,404.0,620.0,292.0,620.0,12544.0,133956.0,146500.0,112.0,366.0,382.7531841800928,0.29261676879297194,1.273834082435554,107.01468327652296
293.0,621.0,403.0,621.0,293.0,621.0,12100.0,134689.0,146789.0,110.0,367.0,383.13052606128895,0.28710842002290216,1.2795895323118212,106.68492028941377
294.0,629.0,409.0,629.0,294.0,629.0,13225.0,130321.0,143546.0,115.0,361.0,378.87464945546304,0.303530468890657,1.2624005710503738,107.66977522390856
289.0,635.0,414.0,635.0,289.0,635.0,15625.0,126736.0,142361.0,125.0,356.0,377.30756684699554,0.3312947075103044,1.2331208823512592,109.34737781182473
289.0,642.0,418.0,642.0,289.0,642.0,16641.0,123904.0,140545.0,129.0,352.0,374.8933181586463,0.34409789065755003,1.2195184916344384,110.1267373911865
291.0,648.0,423.0,648.0,291.0,648.0,17424.0,121801.0,139225.0,132.0,349.0,373.1286641361127,0.3537653701990797,1.2092025774494621,110.71779573580477
287.0,660.0,426.0,660.0,287.0,660.0,19321.0,112225.0,131546.0,139.0,335.0,362.6927073984256,0.38324454052864526,1.1774898295462677,112.53480234742015
293.0,663.0,434.0,663.0,293.0,663.0,19881.0,110224.0,130105.0,141.0,332.0,360.70070695799865,0.39090580439704703,1.169180830206848,113.0108729415459
293.0,678.0,437.0,678.0,293.0,678.0,20736.0,105625.0,126361.0,144.0,325.0,355.4729244260384,0.40509414390001286,1.1537145274240364,113.89702681567245
289.0,686.0,438.0,686.0,289.0,686.0,22201.0,99225.0,121426.0,149.0,315.0,348.4623365587736,0.4275928396493113,1.128968104309895,115.31489241815774
294.0,698.0,446.0,698.0,294.0,698.0,23104.0,93025.0,116129.0,152.0,305.0,340.77705321808276,0.44603942244528566,1.108461052998717,116.48985990854646
290.0,710.0,452.0,710.0,290.0,710.0,26244.0,89401.0,115645.0,162.0,299.0,340.06617003165724,0.4763778766494744,1.0742658379885786,118.44910140816978
291.0,714.0,455.0,714.0,291.0,714.0,26896.0,86436.0,113332.0,164.0,294.0,336.6481843111589,0.48715545677328603,1.061966721996737,119.15378884624417
289.0,729.0,456.0,729.0,289.0,729.0,27889.0,84681.0,112570.0,167.0,291.0,335.5145302367693,0.497742973701168,1.0498017858180484,119.85078834732903
292.0,738.0,460.0,738.0,292.0,738.0,28224.0,81796.0,110020.0,168.0,286.0,331.6926287996162,0.5064930161637478,1.0396836932721858,120.43051234692973
296.0,749.0,462.0,749.0,296.0,749.0,27556.0,79524.0,107080.0,166.0,282.0,327.2308053958246,0.5072872029856824,1.038762374203587,120.48330004114537
293.0,756.0,468.0,756.0,293.0,756.0,30625.0,77841.0,108466.0,175.0,279.0,329.34176777323586,0.5313629096704614,1.0105877434488366,122.09758747273204
299.0,770.0,472.0,770.0,299.0,770.0,29929.0,72900.0,102829.0,173.0,270.0,320.6696119060863,0.5394960843706826,1.0009578152970857,122.64934171284159
306.0,779.0,482.0,779.0,306.0,779.0,30976.0,69696.0,100672.0,176.0,264.0,317.28851224083104,0.5547001962252291,0.982793723247329,123.69006752597979
306.0,787.0,485.0,787.0,306.0,787.0,32041.0,68121.0,100162.0,179.0,261.0,316.48380685273617,0.5655897588570492,0.9696481176773758,124.44325524428177
307.0,795.0,483.0,795.0,307.0,795.0,30976.0,66049.0,97025.0,176.0,257.0,311.4883625434504,0.5650291348379002,0.9703277617232252,124.4043145088834
309.0,811.0,488.0,811.0,309.0,811.0,32041.0,64516.0,96557.0,179.0,254.0,310.7362225425288,0.5760512840613592,0.9569066503140253,125.17328754900544
310.0,818.0,489.0,818.0,310.0,818.0,32041.0,64516.0,96557.0,179.0,254.0,310.7362225425288,0.5760512840613592,0.9569066503140253,125.17328754900544
312.0,825.0,490.0,825.0,312.0,825.0,31684.0,66564.0,98248.0,178.0,258.0,313.4453700407776,0.5678820522276119,0.9668658667919423,124.60266647756364
315.0,838.0,492.0,838.0,315.0,838.0,31329.0,63504.0,94833.0,177.0,252.0,307.9496712126837,0.5747692449320914,0.9584741945673013,125.08347387909274
316.0,843.0,495.0,843.0,316.0,843.0,32041.0,64009.0,96050.0,179.0,253.0,309.9193443462347,0.5775696266317127,0.9550479356959723,125.27978405193915
319.0,852.0,496.0,852.0,319.0,852.0,31329.0,60516.0,91845.0,177.0,246.0,303.0594001181947,0.5840439198750117,0.9470946105680051,125.735476014867
318.0,859.0,504.0,859.0,318.0,859.0,34596.0,62500.0,97096.0,186.0,250.0,311.60231064611827,0.5969147007104104,0.9311462901058856,126.6492474676686
323.0,872.0,503.0,872.0,323.0,872.0,32400.0,59049.0,91449.0,180.0,243.0,302.405357095406,0.5952275506257376,0.9332475286562038,126.52885536698517
324.0,875.0,507.0,875.0,324.0,875.0,33489.0,65536.0,99025.0,183.0,256.0,314.6823795511913,0.5815387574639536,0.9501774281949671,125.55884357583355
328.0,885.0,514.0,885.0,328.0,885.0,34596.0,61504.0,96100.0,186.0,248.0,310.0,0.6,0.9272952180016123,126.86989764584402
328.0,892.0,513.0,892.0,328.0,892.0,34225.0,63504.0,97729.0,185.0,252.0,312.61637832973497,0.591779614965885,0.9375315847017693,126.28339703637675
333.0,900.0,521.0,900.0,333.0,900.0,35344.0,62500.0,97844.0,188.0,250.0,312.80025575437116,0.6010225264893276,0.9260164463201362,126.94316586615344
335.0,908.0,525.0,908.0,335.0,908.0,36100.0,63001.0,99101.0,190.0,251.0,314.80311307228203,0.603551845932267,0.9228479792141732,127.12470565885116
336.0,913.0,528.0,913.0,336.0,913.0,36864.0,62001.0,98865.0,192.0,249.0,314.42805218364344,0.6106325395161032,0.9139372339462845,127.63525375501735
344.0,922.0,528.0,922.0,344.0,922.0,33856.0,61504.0,95360.0,184.0,248.0,308.8041450499005,0.5958469241734657,0.9324765187858508,126.57303097851933
347.0,923.0,533.0,923.0,347.0,923.0,34596.0,64516.0,99112.0,186.0,254.0,314.8205838251368,0.5908127027148625,0.938730551795771,126.2147012821154
352.0,928.0,533.0,928.0,352.0,928.0,32761.0,64516.0,97277.0,181.0,254.0,311.8926097232828,0.5803279537805872,0.9516649916692271,125.47361246700063
357.0,933.0,538.0,933.0,357.0,933.0,32761.0,63504.0,96265.0,181.0,252.0,310.26601489689455,0.5833703702938546,0.9479241416925394,125.68794738245646
360.0,937.0,541.0,937.0,360.0,937.0,32761.0,64009.0,96770.0,181.0,253.0,311.07876816009156,0.5818462027175424,0.9497994567957778,125.58049974178375
370.0,939.0,542.0,939.0,370.0,939.0,29584.0,66049.0,95633.0,172.0,257.0,309.2458568841303,0.556191768365213,0.9810000031979612,123.79284011443656
373.0,940.0,546.0,940.0,373.0,940.0,29929.0,72361.0,102290.0,173.0,269.0,319.8280788173546,0.5409156089099849,0.999270982977006,122.74599008552843
380.0,940.0,547.0,940.0,380.0,940.0,27889.0,74529.0,102418.0,167.0,273.0,320.0281237641467,0.5218291381262327,1.0218025457630433,121.45502663205446
390.0,944.0,547.0,944.0,390.0,944.0,24649.0,72900.0,97549.0,157.0,270.0,312.3283528596147,0.5026761053312644,1.044104684585567,120.17720820340898
398.0,945.0,550.0,945.0,398.0,945.0,23104.0,75625.0,98729.0,152.0,275.0,314.2117120668802,0.48375026825112966,1.065861652101156,118.93062578976252
401.0,947.0,555.0,947.0,401.0,947.0,23716.0,76176.0,99892.0,154.0,276.0,316.0569568922665,0.4872539478777984,1.061853940042328,119.16025077623704
413.0,946.0,558.0,946.0,413.0,946.0,21025.0,76729.0,97754.0,145.0,277.0,312.65636088203934,0.46376795146894956,1.0885528644695945,117.63051508901593
420.0,946.0,563.0,946.0,420.0,946.0,20449.0,78400.0,98849.0,143.0,280.0,314.40260813167566,0.45483083251049194,1.0986140743815496,117.05405022426572
434.0,947.0,564.0,947.0,434.0,947.0,16900.0,79524.0,96424.0,130.0,282.0,310.5221409175198,0.4186496963336676,1.1388383937491213,114.74936649071752
445.0,945.0,571.0,945.0,445.0,945.0,15876.0,82369.0,98245.0,126.0,287.0,313.4405844813336,0.401990062035198,1.1571071135160333,113.70264595096623
454.0,947.0,572.0,947.0,454.0,947.0,13924.0,81225.0,95149.0,118.0,285.0,308.4623153644542,0.382542677411277,1.1782495923540377,112.49127114510392
464.0,949.0,579.0,949.0,464.0,949.0,13225.0,82369.0,95594.0,115.0,287.0,309.18279382915216,0.3719482529275111,1.1896893491541476,111.83582136180155
473.0,946.0,580.0,946.0,473.0,946.0,11449.0,85849.0,97298.0,107.0,293.0,311.926273340352,0.34302977705006954,1.2206558362555868,110.06157234454278
482.0,943.0,577.0,943.0,482.0,943.0,9025.0,88804.0,97829.0,95.0,298.0,312.77627787285917,0.3037314742859644,1.2621896059302578,107.68186263491569
492.0,943.0,579.0,943.0,492.0,943.0,7569.0,88209.0,95778.0,87.0,297.0,309.48020938341114,0.28111652171017115,1.2858389765447424,106.326853510565
497.0,941.0,580.0,941.0,497.0,941.0,6889.0,89401.0,96290.0,83.0,299.0,310.3063002905355,0.2674776500583077,1.300021979473568,105.51422730192162
508.0,940.0,582.0,940.0,508.0,940.0,5476.0,89401.0,94877.0,74.0,299.0,308.021103173143,0.24024327955998379,1.328179863998747,103.90089935861212
517.0,936.0,582.0,936.0,517.0,936.0,4225.0,91809.0,96034.0,65.0,303.0,309.8935301034857,0.20974945807450038,1.3594776160686413,102.10767025676034
522.0,935.0,583.0,935.0,522.0,935.0,3721.0,95481.0,99202.0,61.0,309.0,314.9634899476446,0.19367324133390776,1.3758914218197653,101.16722846147339
527.0,933.0,583.0,933.0,527.0,933.0,3136.0,96100.0,99236.0,56.0,310.0,315.01745983357813,0.17776792444959866,1.3920785448559656,100.23977462904011
537.0,930.0,580.0,930.0,537.0,930.0,1849.0,97969.0,99818.0,43.0,313.0,315.93986769637036,0.13610184847366133,1.43427075141572,97.822339264822
543.0,929.0,581.0,929.0,543.0,929.0,1444.0,98596.0,100040.0,38.0,314.0,316.29100524675056,0.12014252498377172,1.4503628807728952,96.90032816927729
548.0,927.0,577.0,927.0,548.0,927.0,841.0,99856.0,100697.0,29.0,316.0,317.3279061160553,0.09138811759402568,1.4792805196890442,95.24346950589869
559.0,929.0,583.0,929.0,559.0,929.0,576.0,101761.0,102337.0,24.0,319.0,319.9015473548073,0.07502308194021101,1.4957026885646985,94.3025485388726
565.0,927.0,584.0,927.0,565.0,927.0,361.0,102400.0,102761.0,19.0,320.0,320.5635662392094,0.05927061588097604,1.5114909529346432,93.397947624638
565.0,926.0,585.0,926.0,565.0,926.0,400.0,103041.0,103441.0,20.0,321.0,321.6224494652076,0.062184713888150264,1.5085714655940248,93.5652219275973
570.0,925.0,580.0,925.0,570.0,925.0,100.0,103684.0,103784.0,10.0,322.0,322.1552420805845,0.031040935219357944,1.5397504045508734,91.77880031567385
576.0,928.0,586.0,928.0,576.0,928.0,100.0,101761.0,101861.0,10.0,319.0,319.15670132397344,0.03133257098634153,1.5394586268548605,91.79551794621145
576.0,929.0,586.0,929.0,576.0,929.0,100.0,101124.0,101224.0,10.0,318.0,318.1571938523471,0.03143100389752897,1.5393601454386223,91.80116051572236
581.0,928.0,586.0,928.0,581.0,928.0,25.0,101761.0,101786.0,5.0,319.0,319.03918254659567,0.015672056203534655,1.5551236289760848,90.89797943860181
587.0,932.0,582.0,932.0,587.0,932.0,25.0,99225.0,99250.0,5.0,315.0,315.03968004046726,0.015871016626723793,1.5549246438031066,89.09061955080087
592.0,933.0,582.0,933.0,592.0,933.0,100.0,101761.0,101861.0,10.0,319.0,319.15670132397344,0.03133257098634153,1.5394586268548605,88.20448205378855
592.0,933.0,582.0,933.0,592.0,933.0,100.0,101761.0,101861.0,10.0,319.0,319.15670132397344,0.03133257098634153,1.5394586268548605,88.20448205378855
597.0,933.0,582.0,933.0,597.0,933.0,225.0,101761.0,101986.0,15.0,319.0,319.35246985110354,0.046970045376488474,1.5238089934801926,87.30782411049302
602.0,933.0,583.0,933.0,602.0,933.0,361.0,101761.0,102122.0,19.0,319.0,319.5653297840678,0.059455761402021974,1.5113054803232655,86.5914255775148
602.0,933.0,578.0,933.0,602.0,933.0,576.0,101761.0,102337.0,24.0,319.0,319.9015473548073,0.07502308194021101,1.4957026885646985,85.6974514611274
602.0,933.0,577.0,933.0,602.0,933.0,625.0,101761.0,102386.0,25.0,319.0,319.97812425226823,0.07813034112385195,1.492586277360353,85.51889425189113
606.0,933.0,577.0,933.0,606.0,933.0,841.0,101124.0,101965.0,29.0,318.0,319.3195891266303,0.09081810508186415,1.4798529125249131,84.78932618782012
606.0,934.0,577.0,934.0,606.0,934.0,841.0,103684.0,104525.0,29.0,322.0,323.3032632065442,0.08969906369758222,1.48097654020861,84.85370531184002
611.0,933.0,577.0,933.0,611.0,933.0,1156.0,104329.0,105485.0,34.0,323.0,324.7845439672276,0.10468478451804275,1.4659193880646628,83.99099404250548
611.0,933.0,577.0,933.0,611.0,933.0,1156.0,104329.0,105485.0,34.0,323.0,324.7845439672276,0.10468478451804275,1.4659193880646628,83.99099404250548
611.0,933.0,577.0,933.0,611.0,933.0,1156.0,104329.0,105485.0,34.0,323.0,324.7845439672276,0.10468478451804275,1.4659193880646628,83.99099404250548
611.0,934.0,577.0,934.0,611.0,934.0,1156.0,103684.0,104840.0,34.0,322.0,323.7900554371613,0.10500631328561127,1.4655960773743437,83.97246970447874
611.0,934.0,577.0,934.0,611.0,934.0,1156.0,103684.0,104840.0,34.0,322.0,323.7900554371613,0.10500631328561127,1.4655960773743437,83.97246970447874
604.0,936.0,575.0,936.0,604.0,936.0,841.0,101761.0,102602.0,29.0,319.0,320.31546949843056,0.09053574604251854,1.4801364395941514,84.8055710922652
604.0,936.0,575.0,936.0,604.0,936.0,841.0,101761.0,102602.0,29.0,319.0,320.31546949843056,0.09053574604251854,1.4801364395941514,84.8055710922652
604.0,936.0,575.0,936.0,604.0,936.0,841.0,101761.0,102602.0,29.0,319.0,320.31546949843056,0.09053574604251854,1.4801364395941514,84.8055710922652
604.0,936.0,575.0,936.0,604.0,936.0,841.0,101761.0,102602.0,29.0,319.0,320.31546949843056,0.09053574604251854,1.4801364395941514,84.8055710922652
605.0,936.0,575.0,936.0,605.0,936.0,900.0,101761.0,102661.0,30.0,319.0,320.4075529696515,0.09363075159105738,1.4770282269418875,84.62748362546131
604.0,935.0,575.0,935.0,604.0,935.0,841.0,102400.0,103241.0,29.0,320.0,321.3113754600045,0.09025513011633103,1.4804182090992333,84.82171529570188
600.0,935.0,575.0,935.0,600.0,935.0,625.0,102400.0,103025.0,25.0,320.0,320.97507691408066,0.07788766729290965,1.4928296929633542,85.53284093861072
600.0,939.0,576.0,939.0,600.0,939.0,576.0,99856.0,100432.0,24.0,316.0,316.9100818844361,0.07573126060644482,1.4949924894337574,85.65676004831062
600.0,935.0,576.0,935.0,600.0,935.0,576.0,102400.0,102976.0,24.0,320.0,320.8987379221053,0.07478994824163422,1.4959364790841299,85.71084667118099
600.0,935.0,576.0,935.0,600.0,935.0,576.0,102400.0,102976.0,24.0,320.0,320.8987379221053,0.07478994824163422,1.4959364790841299,85.71084667118099
600.0,935.0,576.0,935.0,600.0,935.0,576.0,102400.0,102976.0,24.0,320.0,320.8987379221053,0.07478994824163422,1.4959364790841299,85.71084667118099
600.0,935.0,576.0,935.0,600.0,935.0,576.0,102400.0,102976.0,24.0,320.0,320.8987379221053,0.07478994824163422,1.4959364790841299,85.71084667118099
600.0,935.0,576.0,935.0,600.0,935.0,576.0,102400.0,102976.0,24.0,320.0,320.8987379221053,0.07478994824163422,1.4959364790841299,85.71084667118099
600.0,935.0,576.0,935.0,600.0,935.0,576.0,103041.0,103617.0,24.0,321.0,321.895945920417,0.07455825493973003,1.4961688210873838,85.72415888737106
600.0,935.0,576.0,935.0,600.0,935.0,576.0,102400.0,102976.0,24.0,320.0,320.8987379221053,0.07478994824163422,1.4959364790841299,85.71084667118099
600.0,934.0,576.0,934.0,600.0,934.0,576.0,103041.0,103617.0,24.0,321.0,321.895945920417,0.07455825493973003,1.4961688210873838,85.72415888737106
595.0,935.0,575.0,935.0,595.0,935.0,400.0,102400.0,102800.0,20.0,320.0,320.62439083762797,0.06237828615518053,1.5083775167989393,86.42366562500266
594.0,935.0,575.0,935.0,594.0,935.0,361.0,102400.0,102761.0,19.0,320.0,320.5635662392094,0.05927061588097604,1.5114909529346432,86.602052375362
594.0,935.0,575.0,935.0,594.0,935.0,361.0,102400.0,102761.0,19.0,320.0,320.5635662392094,0.05927061588097604,1.5114909529346432,86.602052375362
589.0,935.0,575.0,935.0,589.0,935.0,196.0,99856.0,100052.0,14.0,316.0,316.30997455028194,0.04426038103889924,1.5265214821253905,87.46323826184002
584.0,936.0,574.0,936.0,584.0,936.0,100.0,99225.0,99325.0,10.0,315.0,315.15869018638847,0.031730046834773575,1.5390609532664388,88.18169703554817
584.0,932.0,574.0,932.0,584.0,932.0,100.0,101761.0,101861.0,10.0,319.0,319.15670132397344,0.03133257098634153,1.5394586268548605,88.20448205378855
579.0,932.0,574.0,932.0,579.0,932.0,25.0,101761.0,101786.0,5.0,319.0,319.03918254659567,0.015672056203534655,1.5551236289760848,89.10202056139819
573.0,937.0,573.0,937.0,573.0,937.0,0.0,98596.0,98596.0,0.0,314.0,314.0,nan,nan,nan
568.0,933.0,573.0,933.0,568.0,933.0,25.0,101124.0,101149.0,5.0,318.0,318.0393057469469,0.01572132723738974,1.555074351871253,90.90080280873529
563.0,937.0,573.0,937.0,563.0,937.0,100.0,98596.0,98696.0,10.0,314.0,314.1591953134589,0.031830995715475686,1.538959953367782,91.8240898323761
558.0,936.0,572.0,936.0,558.0,936.0,196.0,99225.0,99421.0,14.0,315.0,315.3109576275458,0.04440061362072038,1.5263811115479857,92.5448043798131
552.0,933.0,571.0,933.0,552.0,933.0,361.0,97969.0,98330.0,19.0,313.0,313.5761470520358,0.06059134337423656,1.5101678470921858,93.4737560052599
542.0,933.0,571.0,933.0,542.0,933.0,841.0,97969.0,98810.0,29.0,313.0,314.3405796266209,0.09225662189223768,1.478408330715327,95.29344225303053
532.0,936.0,570.0,936.0,532.0,936.0,1444.0,96721.0,98165.0,38.0,311.0,313.31294259892934,0.12128448855253211,1.4492125048852673,96.96623985249198
522.0,940.0,570.0,940.0,522.0,940.0,2304.0,94249.0,96553.0,48.0,307.0,310.72978614867293,0.154475052407862,1.4157002208013303,98.88635229234502
512.0,941.0,564.0,941.0,512.0,941.0,2704.0,91204.0,93908.0,52.0,302.0,306.44412214953644,0.1696883583057449,1.4002828939808702,99.76970005053123
502.0,942.0,564.0,942.0,502.0,942.0,3844.0,90601.0,94445.0,62.0,301.0,307.31905245200795,0.2017447324053628,1.3676573712589914,101.63900480690306
492.0,944.0,568.0,944.0,492.0,944.0,5776.0,92416.0,98192.0,76.0,304.0,313.3560275469422,0.242535625036333,1.3258176636680323,104.03624346792648
482.0,949.0,568.0,949.0,482.0,949.0,7396.0,86436.0,93832.0,86.0,294.0,306.32009401931174,0.28075206843785505,1.2862187233619313,106.30509562065656
467.0,949.0,567.0,949.0,467.0,949.0,10000.0,87025.0,97025.0,100.0,295.0,311.4883625434504,0.32103928115789787,1.243969673864956,108.72578784527256
457.0,948.0,566.0,948.0,457.0,948.0,11881.0,88209.0,100090.0,109.0,297.0,316.3700365078842,0.3445332598597201,1.2190547675413765,110.15330682457747
442.0,951.0,559.0,951.0,442.0,951.0,13689.0,87025.0,100714.0,117.0,295.0,317.35469115801646,0.36867266582091784,1.1932156288715277,111.63378041661309
432.0,954.0,557.0,954.0,432.0,954.0,15625.0,85264.0,100889.0,125.0,292.0,317.63028822831114,0.39353929594444276,1.1663179344507124,113.17490478555838
418.0,956.0,552.0,956.0,418.0,956.0,17956.0,84681.0,102637.0,134.0,291.0,320.3700984798675,0.41826625092610115,1.1392605806523262,114.72517696299818
404.0,954.0,550.0,954.0,404.0,954.0,21316.0,85849.0,107165.0,146.0,293.0,327.3606573795941,0.4459912842571804,1.1085148371628144,116.48677830293903
394.0,956.0,549.0,956.0,394.0,956.0,24025.0,82369.0,106394.0,155.0,287.0,326.18093138624766,0.47519638668410236,1.0756091113438095,118.37213751418267
379.0,958.0,552.0,958.0,379.0,958.0,29929.0,79524.0,109453.0,173.0,282.0,330.83681778181824,0.5229164068253456,1.0205274819924457,121.52808240471974
368.0,954.0,550.0,954.0,368.0,954.0,33124.0,79524.0,112648.0,182.0,282.0,335.6307494852044,0.5422625914912576,0.9976686591135394,122.83779648031816
361.0,956.0,543.0,956.0,361.0,956.0,33124.0,76729.0,109853.0,182.0,277.0,331.4407941095966,0.5491176802449326,0.9894881839091144,123.30650318394314
349.0,956.0,542.0,956.0,349.0,956.0,37249.0,72900.0,110149.0,193.0,270.0,331.8870289722092,0.5815231785275977,0.9501965781293763,125.55774636541395
343.0,953.0,537.0,953.0,343.0,953.0,37636.0,71824.0,109460.0,194.0,268.0,330.84739684634064,0.5863730585436696,0.9442222589437178,125.90004964021622
335.0,948.0,529.0,948.0,335.0,948.0,37636.0,74529.0,112165.0,194.0,273.0,334.91043578843585,0.5792593459898948,0.9529765479364124,125.39846582829699
329.0,945.0,521.0,945.0,329.0,945.0,36864.0,70756.0,107620.0,192.0,266.0,328.05487345869443,0.5852679400117945,0.9455858609584324,125.82192099983754
322.0,938.0,514.0,938.0,322.0,938.0,36864.0,71289.0,108153.0,192.0,267.0,328.8662342047295,0.5838239990320016,0.9473655153834838,125.71995431229031
321.0,933.0,513.0,933.0,321.0,933.0,36864.0,71289.0,108153.0,192.0,267.0,328.8662342047295,0.5838239990320016,0.9473655153834838,125.71995431229031
318.0,924.0,509.0,924.0,318.0,924.0,36481.0,68121.0,104602.0,191.0,261.0,323.4223245232153,0.5905591096148651,0.9390448318875648,126.19669435927062
312.0,914.0,508.0,914.0,312.0,914.0,38416.0,68121.0,106537.0,196.0,261.0,326.400061274504,0.600490083349473,0.9266824729802593,126.9050053494852
310.0,904.0,503.0,904.0,310.0,904.0,37249.0,69696.0,106945.0,193.0,264.0,327.0244639166923,0.5901699147778917,0.9395270238382425,126.16906679558161
304.0,895.0,497.0,895.0,304.0,895.0,37249.0,70225.0,107474.0,193.0,265.0,327.8322741891042,0.5887156793131093,0.9413272438898147,126.06592178443171
304.0,882.0,495.0,882.0,304.0,882.0,36481.0,70225.0,106706.0,191.0,265.0,326.65884344373717,0.5847078805105037,0.9462764041382694,125.78235579006133
301.0,872.0,494.0,872.0,301.0,872.0,37249.0,69169.0,106418.0,193.0,263.0,326.2177187094533,0.5916294208773374,0.9377178939140752,126.27272230482723
298.0,860.0,492.0,860.0,298.0,860.0,37636.0,69169.0,106805.0,194.0,263.0,326.8103425535979,0.5936164641673891,0.9352509864983987,126.41406568819502
296.0,843.0,490.0,843.0,296.0,843.0,37636.0,73984.0,111620.0,194.0,272.0,334.0957946457872,0.5806717806959569,0.9512427349238198,125.4978059963834
297.0,834.0,480.0,834.0,297.0,834.0,33489.0,74529.0,108018.0,183.0,273.0,328.6609194899813,0.5568048683244143,0.9802620830863203,123.8351198224514
294.0,822.0,479.0,822.0,294.0,822.0,34225.0,77841.0,112066.0,185.0,279.0,334.7626024513491,0.5526304271902235,0.985279219371858,123.54765908804815
290.0,812.0,472.0,812.0,290.0,812.0,33124.0,77284.0,110408.0,182.0,278.0,332.27699288394916,0.5477357864002494,0.9911407747954839,123.21181670089237
285.0,803.0,466.0,803.0,285.0,803.0,32761.0,78400.0,111161.0,181.0,280.0,333.4081582685103,0.5428781375356497,0.9969358752015203,122.87978190577195
286.0,788.0,459.0,788.0,286.0,788.0,29929.0,81796.0,111725.0,173.0,286.0,334.2528982671654,0.5175721763277655,1.02678525653897,121.16953833405951
286.0,778.0,452.0,778.0,286.0,778.0,27556.0,83521.0,111077.0,166.0,289.0,333.28216273902206,0.498076460605505,1.0494172426832125,119.87282104599586
284.0,762.0,447.0,762.0,284.0,762.0,26569.0,85264.0,111833.0,163.0,292.0,334.41441356496586,0.48741918227257985,1.0616647145445581,119.17109259863551
287.0,752.0,446.0,752.0,287.0,752.0,25281.0,87616.0,112897.0,159.0,296.0,336.0014880919428,0.47321218993081227,1.0778628188523416,118.24300958568685
280.0,743.0,442.0,743.0,280.0,743.0,26244.0,87616.0,113860.0,162.0,296.0,337.4314745248285,0.4800974782454086,1.0700304953767688,118.6917686646184
283.0,731.0,439.0,731.0,283.0,731.0,24336.0,93636.0,117972.0,156.0,306.0,343.47052275268106,0.4541874474402252,1.0993363767339894,117.01266534793854
280.0,716.0,439.0,716.0,280.0,716.0,25281.0,97969.0,123250.0,159.0,313.0,351.0697936308392,0.4529013970572286,1.1007793771754273,116.92998751280864
279.0,704.0,436.0,704.0,279.0,704.0,24649.0,102400.0,127049.0,157.0,320.0,356.4393356519451,0.4404676597010239,1.1146768064457018,116.13372346954033
280.0,696.0,431.0,696.0,280.0,696.0,22801.0,102400.0,125201.0,151.0,320.0,353.8375333398084,0.4267495270350162,1.1299007961131804,115.26145311424303
284.0,682.0,430.0,682.0,284.0,682.0,21316.0,108241.0,129557.0,146.0,329.0,359.94027282314494,0.4056228519661551,1.153136172050027,113.93016413766189
278.0,677.0,426.0,677.0,278.0,677.0,21904.0,106929.0,128833.0,148.0,327.0,358.93314140658566,0.4123330585189716,1.1457828511735644,114.35147838928864
276.0,664.0,420.0,664.0,276.0,664.0,20736.0,114244.0,134980.0,144.0,338.0,367.39624385668395,0.39194739306091636,1.1680489260720786,113.0757262712816
281.0,656.0,421.0,656.0,281.0,656.0,19600.0,113569.0,133169.0,140.0,337.0,364.9232796081938,0.38364228270203377,1.1770591696053807,112.55947734443833
282.0,651.0,417.0,651.0,282.0,651.0,18225.0,115600.0,133825.0,135.0,340.0,365.8209944768069,0.3690329479123403,1.1928280152986233,111.65598903842249
281.0,636.0,410.0,636.0,281.0,636.0,16641.0,120409.0,137050.0,129.0,347.0,370.20264720825537,0.34845779999901455,1.2148710487820593,110.39301625215604
280.0,631.0,410.0,631.0,280.0,631.0,16900.0,122500.0,139400.0,130.0,350.0,373.3630940518894,0.3481865296036271,1.215160442494137,110.37643521383639
279.0,623.0,402.0,623.0,279.0,623.0,15129.0,123201.0,138330.0,123.0,351.0,371.9274122728789,0.3307096921099118,1.2337408450740626,109.31185656435265
278.0,614.0,396.0,614.0,278.0,614.0,13924.0,128881.0,142805.0,118.0,359.0,377.89548819746443,0.3122556465621008,1.2532298484003292,108.19521892684115
278.0,607.0,389.0,607.0,278.0,607.0,12321.0,133225.0,145546.0,111.0,365.0,381.5049147783027,0.2909530013905679,1.275573544597568,106.91501943601686
278.0,607.0,390.0,607.0,278.0,607.0,12544.0,128164.0,140708.0,112.0,358.0,375.11065034200243,0.29857856581220876,1.2675933922728901,107.37224848409241
276.0,601.0,383.0,601.0,276.0,601.0,11449.0,131044.0,142493.0,107.0,362.0,377.48244992317194,0.28345688659638996,1.2833993932897245,106.46663133484832
280.0,594.0,380.0,594.0,280.0,594.0,10000.0,133956.0,143956.0,100.0,366.0,379.41533970043963,0.26356340805554446,1.3040819568262398,105.28160773469482
280.0,594.0,379.0,594.0,280.0,594.0,9801.0,132496.0,142297.0,99.0,364.0,377.22274586774324,0.262444407407792,1.3052417897373163,105.21515420394977
279.0,592.0,365.0,592.0,279.0,592.0,7396.0,137641.0,145037.0,86.0,371.0,380.8372355744643,0.2258182550618389,1.3430134208024063,103.05099915859488
279.0,588.0,365.0,588.0,279.0,588.0,7396.0,140625.0,148021.0,86.0,375.0,384.7349737156735,0.22353049729124871,1.3453612028128203,102.91648115818141
278.0,587.0,357.0,587.0,278.0,587.0,6241.0,140625.0,146866.0,79.0,375.0,383.2310008337008,0.20614198702124634,1.363165709821597,101.89635805026742
284.0,584.0,356.0,584.0,284.0,584.0,5184.0,141376.0,146560.0,72.0,376.0,382.83155564817275,0.1880722707878578,1.3815973046949284,100.84030545433056
282.0,581.0,348.0,581.0,282.0,581.0,4356.0,147456.0,151812.0,66.0,384.0,389.6305942813013,0.16939121559933262,1.4005844015094222,99.75242494165379
287.0,583.0,347.0,583.0,287.0,583.0,3600.0,146689.0,150289.0,60.0,383.0,387.6712524807585,0.15477031019466167,1.4154013688996505,98.90347524501072
287.0,577.0,346.0,577.0,287.0,577.0,3481.0,154449.0,157930.0,59.0,393.0,397.404076476324,0.1484634997283804,1.421781954649523,98.53789461072172
285.0,582.0,337.0,582.0,285.0,582.0,2704.0,148225.0,150929.0,52.0,385.0,388.4958172233004,0.13384957493663655,1.436543826586045,97.6921016510464
289.0,580.0,335.0,580.0,289.0,580.0,2116.0,150544.0,152660.0,46.0,388.0,390.7172890978847,0.11773218458340556,1.4527904532821114,96.76123851003722
289.0,581.0,335.0,581.0,289.0,581.0,2116.0,148996.0,151112.0,46.0,386.0,388.73126964523965,0.11833367570862025,1.4521847279341598,96.79594401601894
289.0,574.0,334.0,574.0,289.0,574.0,2025.0,154449.0,156474.0,45.0,393.0,395.56794612303963,0.11376048145721836,1.4567890344015544,96.53213668785244
288.0,575.0,328.0,575.0,288.0,575.0,1600.0,152100.0,153700.0,40.0,390.0,392.04591567825315,0.10202886549856947,1.468589608687643,95.85601358542895
287.0,579.0,327.0,579.0,287.0,579.0,1600.0,149769.0,151369.0,40.0,387.0,389.06169176622876,0.10281145855921062,1.4678028783707073,95.90108991220436
286.0,580.0,326.0,580.0,286.0,580.0,1600.0,146689.0,148289.0,40.0,383.0,385.0831079130841,0.1038736812340994,1.466734937700351,95.96227840538616
287.0,578.0,327.0,578.0,287.0,578.0,1600.0,150544.0,152144.0,40.0,388.0,390.05640617736304,0.10254927073755468,1.4680664593762272,95.88598783302827
287.0,582.0,320.0,582.0,287.0,582.0,1089.0,145924.0,147013.0,33.0,382.0,383.4227431960707,0.08606688201363373,1.4846228321618682,94.93737754836577
287.0,577.0,320.0,577.0,287.0,577.0,1089.0,149769.0,150858.0,33.0,387.0,388.4044283990593,0.08496298596805578,1.4857307868262517,94.87389642220477
286.0,578.0,320.0,578.0,286.0,578.0,1156.0,148996.0,150152.0,34.0,386.0,387.49451609022805,0.0877431772275278,1.4829401705652623,95.03378695620005
286.0,583.0,319.0,583.0,286.0,583.0,1089.0,145161.0,146250.0,33.0,381.0,382.4264635194589,0.08629109946080096,1.4843977774364496,94.95027223429173
286.0,579.0,319.0,579.0,286.0,579.0,1089.0,148996.0,150085.0,33.0,386.0,387.40805360756247,0.08518150227570752,1.4855114754674454,94.88646203746364
286.0,581.0,313.0,581.0,286.0,581.0,729.0,148225.0,148954.0,27.0,385.0,385.94559202042973,0.06995804734717835,1.5007810894609037,94.01157760084459
285.0,582.0,312.0,582.0,285.0,582.0,729.0,142884.0,143613.0,27.0,378.0,378.9630588856914,0.07124704998790965,1.4994888620096063,94.08561677997487
285.0,583.0,312.0,583.0,285.0,583.0,729.0,142129.0,142858.0,27.0,377.0,377.96560690094543,0.07143507109385212,1.4993003605980784,94.09641711528768
285.0,581.0,312.0,581.0,285.0,581.0,729.0,143641.0,144370.0,27.0,379.0,379.9605242653505,0.0710600135427337,1.499676373726891,94.07487314996521
290.0,583.0,303.0,583.0,290.0,583.0,169.0,145924.0,146093.0,13.0,382.0,382.22114017934695,0.034011724191655386,1.5367780417417662,91.94910415981734
292.0,583.0,305.0,583.0,292.0,583.0,169.0,142129.0,142298.0,13.0,377.0,377.22407134221964,0.03446227583977888,1.5363272257953886,91.97493401088197
292.0,583.0,305.0,583.0,292.0,583.0,169.0,147456.0,147625.0,13.0,384.0,384.2199890687625,0.033834783118671725,1.5369550847136937,91.93896034473345
291.0,582.0,298.0,582.0,291.0,582.0,49.0,148225.0,148274.0,7.0,385.0,385.06363110530185,0.01817881366751496,1.5526165117219184,91.04162667600997
289.0,591.0,296.0,591.0,289.0,591.0,49.0,138384.0,138433.0,7.0,372.0,372.0658543860213,0.01881387372015451,1.5519813429990101,91.07801916311132
288.0,591.0,295.0,591.0,288.0,591.0,49.0,142884.0,142933.0,7.0,378.0,378.06480925894175,0.018515344006020947,1.5522799247268875,91.06091169026423
288.0,586.0,295.0,586.0,288.0,586.0,49.0,147456.0,147505.0,7.0,384.0,384.0637967838156,0.018226138622329476,1.5525691789250586,91.04433864550258
288.0,593.0,294.0,593.0,288.0,593.0,36.0,142129.0,142165.0,6.0,377.0,377.04774233510534,0.01591310416776726,1.5548825509462891,90.91179219224243
287.0,587.0,293.0,587.0,287.0,587.0,36.0,150544.0,150580.0,6.0,388.0,388.0463889794621,0.015462068892793017,1.5553336417353112,90.88594659385424
286.0,587.0,293.0,587.0,286.0,587.0,49.0,150544.0,150593.0,7.0,388.0,388.06313919258037,0.018038301742764024,1.552757046690778,91.0335746154203
285.0,587.0,292.0,587.0,285.0,587.0,49.0,149769.0,149818.0,7.0,387.0,387.06330231630074,0.018084897116595503,1.5527104437148789,91.03624476925208
291.0,589.0,291.0,589.0,291.0,589.0,0.0,145161.0,145161.0,0.0,381.0,381.0,nan,nan,nan
284.0,591.0,291.0,591.0,284.0,591.0,49.0,144400.0,144449.0,7.0,380.0,380.06446821559103,0.01841792797118109,1.5523773573762603,91.05532921066839
284.0,586.0,290.0,586.0,284.0,586.0,36.0,148225.0,148261.0,6.0,385.0,385.0467504083108,0.015582523404333337,1.555213172709819,90.89284896057698
284.0,587.0,284.0,587.0,284.0,587.0,0.0,148225.0,148225.0,0.0,385.0,385.0,nan,nan,nan
283.0,588.0,283.0,588.0,283.0,588.0,0.0,147456.0,147456.0,0.0,384.0,384.0,nan,nan,nan
283.0,589.0,283.0,589.0,283.0,589.0,0.0,146689.0,146689.0,0.0,383.0,383.0,nan,nan,nan
289.0,590.0,283.0,590.0,289.0,590.0,36.0,145924.0,145960.0,6.0,382.0,382.04711751301045,0.015704869177021533,1.5550908119637572,89.10014028509559
289.0,591.0,282.0,591.0,289.0,591.0,49.0,144400.0,144449.0,7.0,380.0,380.06446821559103,0.01841792797118109,1.5523773573762603,88.94467078933161
282.0,592.0,282.0,592.0,282.0,592.0,0.0,144400.0,144400.0,0.0,380.0,380.0,nan,nan,nan
282.0,593.0,282.0,593.0,282.0,593.0,0.0,144400.0,144400.0,0.0,380.0,380.0,nan,nan,nan
282.0,593.0,282.0,593.0,282.0,593.0,0.0,143641.0,143641.0,0.0,379.0,379.0,nan,nan,nan
281.0,593.0,281.0,593.0,281.0,593.0,0.0,143641.0,143641.0,0.0,379.0,379.0,nan,nan,nan
287.0,594.0,281.0,594.0,287.0,594.0,36.0,144400.0,144436.0,6.0,380.0,380.04736546909515,0.015787505835211244,1.5550081650590721,89.09540496626732
287.0,588.0,281.0,588.0,287.0,588.0,36.0,148996.0,149032.0,6.0,386.0,386.0466293079115,0.015542163936922732,1.5552535370653802,89.10946374663943
287.0,588.0,281.0,588.0,287.0,588.0,36.0,148225.0,148261.0,6.0,385.0,385.0467504083108,0.015582523404333337,1.555213172709819,89.10715103942302
287.0,588.0,281.0,588.0,287.0,588.0,36.0,148225.0,148261.0,6.0,385.0,385.0467504083108,0.015582523404333337,1.555213172709819,89.10715103942302
287.0,588.0,281.0,588.0,287.0,588.0,36.0,148225.0,148261.0,6.0,385.0,385.0467504083108,0.015582523404333337,1.555213172709819,89.10715103942302
288.0,588.0,281.0,588.0,288.0,588.0,49.0,148225.0,148274.0,7.0,385.0,385.06363110530185,0.01817881366751496,1.5526165117219184,88.95837332399003
287.0,588.0,281.0,588.0,287.0,588.0,36.0,148225.0,148261.0,6.0,385.0,385.0467504083108,0.015582523404333337,1.555213172709819,89.10715103942302
287.0,588.0,281.0,588.0,287.0,588.0,36.0,148225.0,148261.0,6.0,385.0,385.0467504083108,0.015582523404333337,1.555213172709819,89.10715103942302
287.0,594.0,280.0,594.0,287.0,594.0,49.0,144400.0,144449.0,7.0,380.0,380.06446821559103,0.01841792797118109,1.5523773573762603,88.94467078933161
287.0,594.0,280.0,594.0,287.0,594.0,49.0,144400.0,144449.0,7.0,380.0,380.06446821559103,0.01841792797118109,1.5523773573762603,88.94467078933161
287.0,587.0,280.0,587.0,287.0,587.0,49.0,150544.0,150593.0,7.0,388.0,388.06313919258037,0.018038301742764024,1.552757046690778,88.9664253845797
280.0,594.0,287.0,594.0,280.0,594.0,49.0,145161.0,145210.0,7.0,381.0,381.064299036265,0.018369603286645924,1.5524256902377351,91.05255994169408
287.0,589.0,280.0,589.0,287.0,589.0,49.0,148996.0,149045.0,7.0,386.0,386.0634662850138,0.018131733798484328,1.552663599351963,88.96107124645887
280.0,596.0,287.0,596.0,280.0,596.0,49.0,143641.0,143690.0,7.0,379.0,379.0646382874562,0.018466507537143805,1.5523287695468555,91.05811308822899
280.0,595.0,287.0,595.0,280.0,595.0,49.0,143641.0,143690.0,7.0,379.0,379.0646382874562,0.018466507537143805,1.5523287695468555,91.05811308822899
280.0,596.0,287.0,596.0,280.0,596.0,49.0,143641.0,143690.0,7.0,379.0,379.0646382874562,0.018466507537143805,1.5523287695468555,91.05811308822899
287.0,588.0,287.0,588.0,287.0,588.0,0.0,149769.0,149769.0,0.0,387.0,387.0,nan,nan,nan
287.0,589.0,287.0,589.0,287.0,589.0,0.0,148996.0,148996.0,0.0,386.0,386.0,nan,nan,nan
287.0,588.0,287.0,588.0,287.0,588.0,0.0,149769.0,149769.0,0.0,387.0,387.0,nan,nan,nan
287.0,595.0,287.0,595.0,287.0,595.0,0.0,144400.0,144400.0,0.0,380.0,380.0,nan,nan,nan
287.0,594.0,287.0,594.0,287.0,594.0,0.0,145161.0,145161.0,0.0,381.0,381.0,nan,nan,nan
287.0,595.0,287.0,595.0,287.0,595.0,0.0,144400.0,144400.0,0.0,380.0,380.0,nan,nan,nan
287.0,595.0,287.0,595.0,287.0,595.0,0.0,144400.0,144400.0,0.0,380.0,380.0,nan,nan,nan
287.0,595.0,287.0,595.0,287.0,595.0,0.0,144400.0,144400.0,0.0,380.0,380.0,nan,nan,nan
287.0,590.0,287.0,590.0,287.0,590.0,0.0,143641.0,143641.0,0.0,379.0,379.0,nan,nan,nan
287.0,589.0,287.0,589.0,287.0,589.0,0.0,148996.0,148996.0,0.0,386.0,386.0,nan,nan,nan
287.0,589.0,287.0,589.0,287.0,589.0,0.0,144400.0,144400.0,0.0,380.0,380.0,nan,nan,nan
287.0,589.0,287.0,589.0,287.0,589.0,0.0,149769.0,149769.0,0.0,387.0,387.0,nan,nan,nan
288.0,595.0,288.0,595.0,288.0,595.0,0.0,144400.0,144400.0,0.0,380.0,380.0,nan,nan,nan
288.0,593.0,288.0,593.0,288.0,593.0,0.0,145924.0,145924.0,0.0,382.0,382.0,nan,nan,nan
288.0,593.0,288.0,593.0,288.0,593.0,0.0,145924.0,145924.0,0.0,382.0,382.0,nan,nan,nan
288.0,592.0,288.0,592.0,288.0,592.0,0.0,146689.0,146689.0,0.0,383.0,383.0,nan,nan,nan
282.0,591.0,289.0,591.0,282.0,591.0,49.0,146689.0,146738.0,7.0,383.0,383.06396332727513,0.018273710581382642,1.5525215990418693,91.04706477199906
282.0,591.0,289.0,591.0,282.0,591.0,49.0,147456.0,147505.0,7.0,384.0,384.0637967838156,0.018226138622329476,1.5525691789250586,91.04433864550258
282.0,592.0,289.0,592.0,282.0,592.0,49.0,146689.0,146738.0,7.0,383.0,383.06396332727513,0.018273710581382642,1.5525215990418693,91.04706477199906
288.0,591.0,288.0,591.0,288.0,591.0,0.0,147456.0,147456.0,0.0,384.0,384.0,nan,nan,nan
289.0,590.0,289.0,590.0,289.0,590.0,0.0,147456.0,147456.0,0.0,384.0,384.0,nan,nan,nan
289.0,589.0,289.0,589.0,289.0,589.0,0.0,148996.0,148996.0,0.0,386.0,386.0,nan,nan,nan
289.0,588.0,289.0,588.0,289.0,588.0,0.0,148996.0,148996.0,0.0,386.0,386.0,nan,nan,nan
289.0,589.0,289.0,589.0,289.0,589.0,0.0,148225.0,148225.0,0.0,385.0,385.0,nan,nan,nan
289.0,589.0,289.0,589.0,289.0,589.0,0.0,148996.0,148996.0,0.0,386.0,386.0,nan,nan,nan
289.0,586.0,289.0,586.0,289.0,586.0,0.0,150544.0,150544.0,0.0,388.0,388.0,nan,nan,nan
289.0,585.0,289.0,585.0,289.0,585.0,0.0,151321.0,151321.0,0.0,389.0,389.0,nan,nan,nan
290.0,584.0,290.0,584.0,290.0,584.0,0.0,151321.0,151321.0,0.0,389.0,389.0,nan,nan,nan
290.0,590.0,290.0,590.0,290.0,590.0,0.0,146689.0,146689.0,0.0,383.0,383.0,nan,nan,nan
291.0,587.0,291.0,587.0,291.0,587.0,0.0,151321.0,151321.0,0.0,389.0,389.0,nan,nan,nan
291.0,588.0,291.0,588.0,291.0,588.0,0.0,150544.0,150544.0,0.0,388.0,388.0,nan,nan,nan
292.0,587.0,292.0,587.0,292.0,587.0,0.0,151321.0,151321.0,0.0,389.0,389.0,nan,nan,nan
292.0,588.0,292.0,588.0,292.0,588.0,0.0,149769.0,149769.0,0.0,387.0,387.0,nan,nan,nan
292.0,588.0,292.0,588.0,292.0,588.0,0.0,150544.0,150544.0,0.0,388.0,388.0,nan,nan,nan
292.0,590.0,292.0,590.0,292.0,590.0,0.0,143641.0,143641.0,0.0,379.0,379.0,nan,nan,nan
286.0,589.0,292.0,589.0,286.0,589.0,36.0,144400.0,144436.0,6.0,380.0,380.04736546909515,0.015787505835211244,1.5550081650590721,90.90459503373268
286.0,589.0,292.0,589.0,286.0,589.0,36.0,143641.0,143677.0,6.0,379.0,379.0474904283103,0.015829151099827125,1.5549665145898341,90.90698142983476
292.0,590.0,292.0,590.0,292.0,590.0,0.0,143641.0,143641.0,0.0,379.0,379.0,nan,nan,nan
293.0,591.0,293.0,591.0,293.0,591.0,0.0,142884.0,142884.0,0.0,378.0,378.0,nan,nan,nan
293.0,591.0,293.0,591.0,293.0,591.0,0.0,142129.0,142129.0,0.0,377.0,377.0,nan,nan,nan
293.0,590.0,300.0,590.0,293.0,590.0,49.0,142884.0,142933.0,7.0,378.0,378.06480925894175,0.018515344006020947,1.5522799247268875,91.06091169026423
293.0,589.0,300.0,589.0,293.0,589.0,49.0,143641.0,143690.0,7.0,379.0,379.0646382874562,0.018466507537143805,1.5523287695468555,91.05811308822899
293.0,588.0,300.0,588.0,293.0,588.0,49.0,148996.0,149045.0,7.0,386.0,386.0634662850138,0.018131733798484328,1.552663599351963,91.03892875354113
293.0,589.0,300.0,589.0,293.0,589.0,49.0,143641.0,143690.0,7.0,379.0,379.0646382874562,0.018466507537143805,1.5523287695468555,91.05811308822899
294.0,589.0,301.0,589.0,294.0,589.0,49.0,143641.0,143690.0,7.0,379.0,379.0646382874562,0.018466507537143805,1.5523287695468555,91.05811308822899
294.0,591.0,301.0,591.0,294.0,591.0,49.0,138384.0,138433.0,7.0,372.0,372.0658543860213,0.01881387372015451,1.5519813429990101,91.07801916311132
294.0,585.0,301.0,585.0,294.0,585.0,49.0,148225.0,148274.0,7.0,385.0,385.06363110530185,0.01817881366751496,1.5526165117219184,91.04162667600997
295.0,587.0,301.0,587.0,295.0,587.0,36.0,142129.0,142165.0,6.0,377.0,377.04774233510534,0.01591310416776726,1.5548825509462891,90.91179219224243
295.0,587.0,301.0,587.0,295.0,587.0,36.0,142129.0,142165.0,6.0,377.0,377.04774233510534,0.01591310416776726,1.5548825509462891,90.91179219224243
295.0,586.0,302.0,586.0,295.0,586.0,49.0,142129.0,142178.0,7.0,377.0,377.064981137204,0.018564439420729145,1.5522308208722744,91.06372513389138
295.0,585.0,302.0,585.0,295.0,585.0,49.0,148225.0,148274.0,7.0,385.0,385.06363110530185,0.01817881366751496,1.5526165117219184,91.04162667600997
296.0,589.0,302.0,589.0,296.0,589.0,36.0,144400.0,144436.0,6.0,380.0,380.04736546909515,0.015787505835211244,1.5550081650590721,90.90459503373268
296.0,588.0,309.0,588.0,296.0,588.0,169.0,145161.0,145330.0,13.0,381.0,381.22172026263144,0.03410089013565133,1.536688824043957,91.9542159573597
296.0,588.0,309.0,588.0,296.0,588.0,169.0,145161.0,145330.0,13.0,381.0,381.22172026263144,0.03410089013565133,1.536688824043957,91.9542159573597
297.0,585.0,311.0,585.0,297.0,585.0,196.0,144400.0,144596.0,14.0,380.0,380.2578072834271,0.03681712704340355,1.5339708770660645,92.10994284813326
297.0,587.0,311.0,587.0,297.0,587.0,196.0,148225.0,148421.0,14.0,385.0,385.2544613628764,0.036339618107142986,1.534448705775876,92.08256527973087
297.0,587.0,311.0,587.0,297.0,587.0,196.0,147456.0,147652.0,14.0,384.0,384.2551235832777,0.03643412707017776,1.5343541341854638,92.08798383272334
297.0,583.0,310.0,583.0,297.0,583.0,169.0,148996.0,149165.0,13.0,386.0,386.21884987659524,0.03365967249955242,1.5371302951328776,91.92892152718748
296.0,586.0,316.0,586.0,296.0,586.0,400.0,149769.0,150169.0,20.0,387.0,387.51645126368504,0.05161071209952588,1.5191626749081897,92.958390333956
296.0,586.0,316.0,586.0,296.0,586.0,400.0,145161.0,145561.0,20.0,381.0,381.52457325839447,0.05242126301116294,1.518351025205125,93.00489443638465
297.0,584.0,317.0,584.0,297.0,584.0,400.0,148225.0,148625.0,20.0,385.0,385.5191305240247,0.051878099986412074,1.5188949283367237,92.9737310824801
297.0,585.0,316.0,585.0,297.0,585.0,361.0,147456.0,147817.0,19.0,384.0,384.4697647410001,0.04941871050067992,1.5213574790194526,92.83263732152268
297.0,582.0,317.0,582.0,297.0,582.0,400.0,150544.0,150944.0,20.0,388.0,388.51512197081854,0.051478047748942456,1.5192955158436712,92.95077910900635
297.0,585.0,323.0,585.0,297.0,585.0,676.0,151321.0,151997.0,26.0,389.0,389.8679263545541,0.06668925100639095,1.5040575436724943,93.82385060275257
297.0,583.0,324.0,583.0,297.0,583.0,729.0,154449.0,155178.0,27.0,393.0,393.92638906272833,0.06854072423084241,1.502201823340622,93.93017554572548
297.0,581.0,330.0,581.0,297.0,581.0,1089.0,158404.0,159493.0,33.0,398.0,399.3657471541594,0.08263102240278421,1.4880709817612467,94.73981312919166
298.0,582.0,331.0,582.0,298.0,582.0,1089.0,158404.0,159493.0,33.0,398.0,399.3657471541594,0.08263102240278421,1.4880709817612467,94.73981312919166
300.0,581.0,332.0,581.0,300.0,581.0,1024.0,156816.0,157840.0,32.0,396.0,397.290825466685,0.08054552974489307,1.4901634508497228,94.6199234816604
295.0,580.0,334.0,580.0,295.0,580.0,1521.0,157609.0,159130.0,39.0,397.0,398.911017646793,0.09776616406852842,1.4728737438687702,95.61055072068686
302.0,580.0,334.0,580.0,302.0,580.0,1024.0,158404.0,159428.0,32.0,398.0,399.28435982392296,0.08014338456460306,1.4905669003209994,94.59680752970947
296.0,585.0,335.0,585.0,296.0,585.0,1521.0,152100.0,153621.0,39.0,390.0,391.94514922371474,0.09950371902099892,1.4711276743037347,95.71059313749963
297.0,581.0,343.0,581.0,297.0,581.0,2116.0,148996.0,151112.0,46.0,386.0,388.73126964523965,0.11833367570862025,1.4521847279341598,96.79594401601894
298.0,585.0,344.0,585.0,298.0,585.0,2116.0,145924.0,148040.0,46.0,382.0,384.7596652457219,0.11955515131925973,1.4509545188842476,96.8664298024977
299.0,586.0,345.0,586.0,299.0,586.0,2116.0,145924.0,148040.0,46.0,382.0,384.7596652457219,0.11955515131925973,1.4509545188842476,96.8664298024977
300.0,586.0,352.0,586.0,300.0,586.0,2704.0,145924.0,148628.0,52.0,382.0,385.5230213618896,0.13488169867601166,1.4355022576649574,97.75177915429671
300.0,584.0,353.0,584.0,300.0,584.0,2809.0,145924.0,148733.0,53.0,382.0,385.6591759572174,0.13742704259130473,1.4329329870202643,97.89898751866448
301.0,583.0,354.0,583.0,301.0,583.0,2809.0,147456.0,150265.0,53.0,384.0,387.64029718283933,0.13672469138315965,1.4336420312300904,97.85836227795326
302.0,583.0,355.0,583.0,302.0,583.0,2809.0,148996.0,151805.0,53.0,386.0,389.62161131025573,0.13602941536473473,1.4343438644890196,97.8181501942947
298.0,588.0,359.0,588.0,298.0,588.0,3721.0,146689.0,150410.0,61.0,383.0,387.82728114458376,0.15728651120151324,1.4128539680420553,99.04943056287894
298.0,587.0,359.0,587.0,298.0,587.0,3721.0,147456.0,151177.0,61.0,384.0,388.81486597093993,0.15688700545868314,1.4132584960816368,99.02625281351622
298.0,592.0,365.0,592.0,298.0,592.0,4489.0,143641.0,148130.0,67.0,379.0,384.87660360172583,0.17408176899558248,1.395823104315918,100.02522717584905
299.0,588.0,365.0,588.0,299.0,588.0,4356.0,147456.0,151812.0,66.0,384.0,389.6305942813013,0.16939121559933262,1.4005844015094222,99.75242494165379
300.0,592.0,373.0,592.0,300.0,592.0,5329.0,149769.0,155098.0,73.0,387.0,393.82483415853807,0.18536159649752593,1.384356503890415,100.68221498559329
300.0,597.0,371.0,597.0,300.0,597.0,5041.0,142129.0,147170.0,71.0,377.0,383.6274234201721,0.18507540302257403,1.3846477364578689,100.66552858862143
300.0,593.0,377.0,593.0,300.0,593.0,5929.0,149769.0,155698.0,77.0,387.0,394.58585884443454,0.19514130644594957,1.3743948024028998,101.25297843759711
300.0,597.0,377.0,597.0,300.0,597.0,5929.0,142884.0,148813.0,77.0,378.0,385.7628805367359,0.19960448214422577,1.3698420631067996,101.51383118448702
299.0,599.0,389.0,599.0,299.0,599.0,8100.0,142129.0,150229.0,90.0,377.0,387.5938596004844,0.23220182098026074,1.336455560243574,103.42673689125128
293.0,608.0,388.0,608.0,293.0,608.0,9025.0,136161.0,145186.0,95.0,369.0,381.03280698648507,0.24932236347661682,1.318815868479884,104.43741678122238
293.0,610.0,395.0,610.0,293.0,610.0,10404.0,135424.0,145828.0,102.0,368.0,381.87432487665365,0.26710358187329364,1.3004101716598442,105.49198552800803
292.0,614.0,399.0,614.0,292.0,614.0,11449.0,133225.0,144674.0,107.0,365.0,380.3603554525629,0.2813121779547412,1.2856350925575577,106.338535202541
292.0,618.0,399.0,618.0,292.0,618.0,11449.0,131044.0,142493.0,107.0,362.0,377.48244992317194,0.28345688659638996,1.2833993932897245,106.46663133484832
293.0,623.0,405.0,623.0,293.0,623.0,12544.0,128881.0,141425.0,112.0,359.0,376.06515392947534,0.297820733534391,1.2683873467088735,107.32675824578487
293.0,626.0,410.0,626.0,293.0,626.0,13689.0,132496.0,146185.0,117.0,364.0,382.3414704161713,0.3060091804131207,1.2597980461893556,107.81888891452277
294.0,633.0,410.0,633.0,294.0,633.0,13456.0,128881.0,142337.0,116.0,359.0,377.27576121452597,0.3074674069348448,1.2582659637543554,107.90667077191442
294.0,641.0,415.0,641.0,294.0,641.0,14641.0,127449.0,142090.0,121.0,357.0,376.9482723133242,0.3209989510163433,1.2440122578618642,108.72334796197492
295.0,648.0,420.0,648.0,295.0,648.0,15625.0,119716.0,135341.0,125.0,346.0,367.8872109764078,0.33977805226835167,1.2241154269951036,109.86335239632592
295.0,653.0,424.0,653.0,295.0,653.0,16641.0,121104.0,137745.0,129.0,348.0,371.14013525890726,0.34757760679806193,1.2158099336346784,110.33922211265222
296.0,659.0,424.0,659.0,296.0,659.0,16384.0,114244.0,130628.0,128.0,338.0,361.4249576329781,0.3541537386855896,1.2087873258753528,110.7415878984374
297.0,668.0,430.0,668.0,297.0,668.0,17689.0,112896.0,130585.0,133.0,336.0,361.3654659759286,0.3680484510073784,1.1938870564700756,111.59531044896768
297.0,669.0,434.0,669.0,297.0,669.0,18769.0,110224.0,128993.0,137.0,332.0,359.15595498334704,0.3814498913330068,1.1794320516805303,112.42352121625002
297.0,681.0,439.0,681.0,297.0,681.0,20164.0,104329.0,124493.0,142.0,323.0,352.8356557945923,0.4024536570155117,1.1566007523972117,113.73165830598424
299.0,685.0,444.0,685.0,299.0,685.0,21025.0,100489.0,121514.0,145.0,317.0,348.5885827160723,0.41596313588418193,1.141794669087979,114.57998439072236
295.0,699.0,443.0,699.0,295.0,699.0,21904.0,97344.0,119248.0,148.0,312.0,345.3230371695465,0.4285842068721729,1.1278711396865744,115.37774386134916
292.0,704.0,444.0,704.0,292.0,704.0,23104.0,94864.0,117968.0,152.0,308.0,343.4646997873289,0.4425491181309677,1.1123570040331623,116.26663835708311
296.0,707.0,448.0,707.0,296.0,707.0,23104.0,95481.0,118585.0,152.0,309.0,344.3617284194049,0.44139632094910447,1.1136421330223158,116.1930058898747
298.0,718.0,449.0,718.0,298.0,718.0,22801.0,90601.0,113402.0,151.0,301.0,336.7521343659161,0.4484010184057894,1.105820697326467,116.6411411449798
298.0,725.0,451.0,725.0,298.0,725.0,23409.0,87616.0,111025.0,153.0,296.0,333.2041416309227,0.45917796594939136,1.0937267050539994,117.33407585965602
301.0,730.0,452.0,730.0,301.0,730.0,22801.0,85264.0,108065.0,151.0,292.0,328.7324139782994,0.45934016111343356,1.0935441150163152,117.34453749819647
302.0,736.0,457.0,736.0,302.0,736.0,24025.0,84100.0,108125.0,155.0,290.0,328.8236609491476,0.47137727118721745,1.0799445463968773,118.12373538328882
302.0,743.0,460.0,743.0,302.0,743.0,24964.0,81796.0,106760.0,158.0,286.0,326.7414880299103,0.48356271177150456,1.0660759392036363,118.9183480431863
303.0,751.0,460.0,751.0,303.0,751.0,24649.0,80089.0,104738.0,157.0,283.0,323.6325076379071,0.485118139540104,1.0642980624265117,119.02021287900986
302.0,757.0,458.0,757.0,302.0,757.0,24336.0,82369.0,106705.0,156.0,287.0,326.6573127912492,0.47756469514488425,1.0729155214847097,118.52646884484832
302.0,769.0,462.0,769.0,302.0,769.0,25600.0,77841.0,103441.0,160.0,279.0,321.6224494652076,0.4974777111052021,1.0501075990400341,119.83326654038994
307.0,777.0,466.0,777.0,307.0,777.0,25281.0,76729.0,102010.0,159.0,277.0,319.3900436770063,0.4978239088779924,1.0497084674159303,119.8561350979213
308.0,783.0,465.0,783.0,308.0,783.0,24649.0,72900.0,97549.0,157.0,270.0,312.3283528596147,0.5026761053312644,1.044104684585567,120.17720820340898
308.0,791.0,471.0,791.0,308.0,791.0,26569.0,72900.0,99469.0,163.0,270.0,315.38706378036494,0.5168252560717358,1.0276579642732844,121.11953586413486
309.0,798.0,476.0,798.0,309.0,798.0,27889.0,70225.0,98114.0,167.0,265.0,313.23154374998694,0.5331519233366067,1.0084745244153666,122.2186660045366
308.0,805.0,475.0,805.0,308.0,805.0,27889.0,67600.0,95489.0,167.0,260.0,309.01294471267704,0.5404304345737946,0.9998477250283867,122.7129452001166
310.0,812.0,480.0,812.0,310.0,812.0,28900.0,68644.0,97544.0,170.0,262.0,312.3203483604615,0.5443129174657432,0.9952264751571037,122.97772331381648
314.0,821.0,482.0,821.0,314.0,821.0,28224.0,67600.0,95824.0,168.0,260.0,309.5545186231337,0.5427153857977798,0.9971296586267359,122.8686789333675
315.0,829.0,482.0,829.0,315.0,829.0,27889.0,64516.0,92405.0,167.0,254.0,303.9819073563425,0.5493748014556484,0.9891804977190465,123.32413230404848
314.0,832.0,486.0,832.0,314.0,832.0,29584.0,66564.0,96148.0,172.0,258.0,310.0774096899031,0.5547001962252291,0.982793723247329,123.69006752597979
318.0,840.0,488.0,840.0,318.0,840.0,28900.0,63001.0,91901.0,170.0,251.0,303.1517771678075,0.5607752050415912,0.9754745492808732,124.10942530377973
317.0,844.0,491.0,844.0,317.0,844.0,30276.0,64516.0,94792.0,174.0,254.0,307.8830946966722,0.5651495746183323,0.9701817793672727,124.41267868176286
320.0,854.0,493.0,854.0,320.0,854.0,29929.0,61504.0,91433.0,173.0,248.0,302.3789013803708,0.5721298649153385,0.9616959366985668,124.89888165229175
319.0,858.0,496.0,858.0,319.0,858.0,31329.0,63001.0,94330.0,177.0,251.0,307.13189349203054,0.5762996411331434,0.9566027849462179,125.190697752121
321.0,865.0,497.0,865.0,321.0,865.0,30976.0,67081.0,98057.0,176.0,259.0,313.1405435263853,0.562047948240756,0.9739365589419551,124.19754565913163
321.0,871.0,497.0,871.0,321.0,871.0,30976.0,64516.0,95492.0,176.0,254.0,309.01779884013155,0.5695464813373178,0.964842330425232,124.71860657106738
320.0,874.0,500.0,874.0,320.0,874.0,32400.0,66564.0,98964.0,180.0,258.0,314.5854414940399,0.5721815960240813,0.9616328611341242,124.90249561592472
322.0,883.0,504.0,883.0,322.0,883.0,33124.0,67081.0,100205.0,182.0,259.0,316.55173352866035,0.5749455167129004,0.9582587701845933,125.09581678702611
324.0,887.0,504.0,887.0,324.0,887.0,32400.0,66049.0,98449.0,180.0,257.0,313.765836253726,0.573676223482927,0.959809265805877,125.00697993177305
324.0,892.0,506.0,892.0,324.0,892.0,33124.0,66564.0,99688.0,182.0,258.0,315.7340653144668,0.5764344744325592,0.9564377888663721,125.20015133113236
328.0,897.0,508.0,897.0,328.0,897.0,32400.0,64516.0,96916.0,180.0,254.0,311.3133469673281,0.5781955761083728,0.954280953404047,125.32372890022774
329.0,904.0,514.0,904.0,329.0,904.0,34225.0,64516.0,98741.0,185.0,254.0,314.2308068920041,0.5887392195240151,0.9412981219172946,126.06759035054822
327.0,908.0,516.0,908.0,327.0,908.0,35721.0,66049.0,101770.0,189.0,257.0,319.0141062711804,0.5924502907070168,0.9366993294817559,126.33108174796126
333.0,914.0,516.0,914.0,333.0,914.0,33489.0,65536.0,99025.0,183.0,256.0,314.6823795511913,0.5815387574639536,0.9501774281949671,125.55884357583355
333.0,920.0,520.0,920.0,333.0,920.0,34969.0,67081.0,102050.0,187.0,259.0,319.4526568992658,0.585376255170629,0.9454522706235339,125.82957516221097
336.0,924.0,521.0,924.0,336.0,924.0,34225.0,66049.0,100274.0,185.0,257.0,316.6607016982057,0.5842215311463396,0.946875785350328,125.74801377629095
335.0,930.0,520.0,930.0,335.0,930.0,34225.0,66049.0,100274.0,185.0,257.0,316.6607016982057,0.5842215311463396,0.946875785350328,125.74801377629095
340.0,930.0,524.0,930.0,340.0,930.0,33856.0,69169.0,103025.0,184.0,263.0,320.97507691408066,0.5732532312758151,0.9603255946615036,124.97739646750483
345.0,936.0,525.0,936.0,345.0,936.0,32400.0,67600.0,100000.0,180.0,260.0,316.22776601683796,0.5692099788303082,0.9652516631899266,124.69515353123396
349.0,936.0,525.0,936.0,349.0,936.0,30976.0,69696.0,100672.0,176.0,264.0,317.28851224083104,0.5547001962252291,0.982793723247329,123.69006752597979
350.0,941.0,530.0,941.0,350.0,941.0,32400.0,69169.0,101569.0,180.0,263.0,318.6989174754128,0.5647963960024645,0.9706098179053677,124.38815388006107
359.0,942.0,530.0,942.0,359.0,942.0,29241.0,72900.0,102141.0,171.0,270.0,319.59505628216465,0.5350520811843448,1.0062269331267966,122.34744349944204
365.0,942.0,531.0,942.0,365.0,942.0,27556.0,75076.0,102632.0,166.0,274.0,320.36229490999716,0.5181633501740153,1.0260941974606923,121.20913310263902
371.0,941.0,537.0,941.0,371.0,941.0,27556.0,77841.0,105397.0,166.0,279.0,324.64904127380385,0.5113213929376684,1.0340746437954773,120.7518872090252
381.0,942.0,532.0,942.0,381.0,942.0,22801.0,76729.0,99530.0,151.0,277.0,315.48375552474965,0.47863003199273785,1.0717025775353757,118.59596541393111
387.0,943.0,534.0,943.0,387.0,943.0,21609.0,79524.0,101133.0,147.0,282.0,318.014150628553,0.46224358164394697,1.0902726829471692,117.53197674872229
391.0,946.0,539.0,946.0,391.0,946.0,21904.0,77284.0,99188.0,148.0,278.0,314.94126436527813,0.46992889387890835,1.0815861053704137,118.02968098228335
401.0,944.0,540.0,944.0,401.0,944.0,19321.0,76729.0,96050.0,139.0,277.0,309.9193443462347,0.4485037882782574,1.1057057173526526,116.64772901220789
406.0,945.0,545.0,945.0,406.0,945.0,19321.0,80089.0,99410.0,139.0,283.0,315.29351404683223,0.44085905293742766,1.11424079746841,116.15870494376895
416.0,942.0,548.0,942.0,416.0,942.0,17424.0,81225.0,98649.0,132.0,285.0,314.08438356594553,0.42026922351675955,1.1370543292008537,114.85158585971216
422.0,942.0,550.0,942.0,422.0,942.0,16384.0,85264.0,101648.0,128.0,292.0,318.8228348158268,0.4014768894265095,1.157667494516495,113.67053848472045
436.0,941.0,553.0,941.0,436.0,941.0,13689.0,87025.0,100714.0,117.0,295.0,317.35469115801646,0.36867266582091784,1.1932156288715277,111.63378041661309
446.0,944.0,558.0,944.0,446.0,944.0,12544.0,84681.0,97225.0,112.0,291.0,311.8092365533773,0.3591939778244099,1.2033922373970487,111.05070369834388
455.0,940.0,563.0,940.0,455.0,940.0,11664.0,90000.0,101664.0,108.0,300.0,318.84792613407416,0.33871946827274163,1.2252407462131845,109.79887635452492
463.0,939.0,560.0,939.0,463.0,939.0,9409.0,93025.0,102434.0,97.0,305.0,320.0531205909419,0.303074689041933,1.2628788820810262,107.64237002055764
472.0,942.0,560.0,942.0,472.0,942.0,7744.0,90601.0,98345.0,88.0,301.0,313.6000637755037,0.28061218783104713,1.286364462570993,106.29674537906776
479.0,942.0,563.0,942.0,479.0,942.0,7056.0,91809.0,98865.0,84.0,303.0,314.42805218364344,0.2671517360382951,1.3003602016418965,105.49484859913863
488.0,938.0,564.0,938.0,488.0,938.0,5776.0,93025.0,98801.0,76.0,305.0,314.3262636179166,0.24178698631553994,1.3265892684531728,103.99203377028583
493.0,939.0,570.0,939.0,493.0,939.0,5929.0,93025.0,98954.0,77.0,305.0,314.5695471592888,0.24477893901474657,1.3235046377236153,104.16877009244584
503.0,937.0,567.0,937.0,503.0,937.0,4096.0,93636.0,97732.0,64.0,306.0,312.62117650600703,0.20472061654713347,1.3646180567629849,101.81314470013716
508.0,934.0,568.0,934.0,508.0,934.0,3600.0,95481.0,99081.0,60.0,309.0,314.77134558278965,0.19061455511114525,1.3790081848081914,100.98865109649398
517.0,934.0,568.0,934.0,517.0,934.0,2601.0,98596.0,101197.0,51.0,314.0,318.1147591671911,0.16031950272761789,1.4097819927493453,99.22544178191968
522.0,933.0,573.0,933.0,522.0,933.0,2601.0,99225.0,101826.0,51.0,315.0,319.1018646137938,0.15982357251884083,1.4102844013130376,99.1966558916289
527.0,930.0,569.0,930.0,527.0,930.0,1764.0,100489.0,102253.0,42.0,317.0,319.7702300089863,0.13134430931490934,1.4390714113795906,97.54728171001479
532.0,934.0,569.0,934.0,532.0,934.0,1369.0,97969.0,99338.0,37.0,313.0,315.1793140420227,0.11739349110667462,1.4531315118497588,96.74169729354425
541.0,929.0,578.0,929.0,541.0,929.0,1369.0,103684.0,105053.0,37.0,322.0,324.11880537852164,0.11415567188947771,1.4563912526409404,96.55492790390291
546.0,928.0,579.0,928.0,546.0,928.0,1089.0,104329.0,105418.0,33.0,323.0,324.68138228115265,0.1016381036946066,1.4689824125012059,95.83350758473516
551.0,928.0,579.0,928.0,551.0,928.0,784.0,104329.0,105113.0,28.0,323.0,324.211350819184,0.08636341673187095,1.4843251891813567,94.95443123495077
556.0,930.0,575.0,930.0,556.0,930.0,361.0,102400.0,102761.0,19.0,320.0,320.5635662392094,0.05927061588097604,1.5114909529346432,93.397947624638
561.0,931.0,575.0,931.0,561.0,931.0,196.0,101761.0,101957.0,14.0,319.0,319.30706224573237,0.04384494317643961,1.5269373236855794,92.51293577181502
566.0,929.0,581.0,929.0,566.0,929.0,225.0,103041.0,103266.0,15.0,321.0,321.3502761785028,0.046678036746630465,1.5241013227515663,92.67542665602915
567.0,931.0,577.0,931.0,567.0,931.0,100.0,102400.0,102500.0,10.0,320.0,320.1562118716424,0.031234752377721213,1.5395564933646284,91.78991060824606
572.0,932.0,577.0,932.0,572.0,932.0,25.0,104976.0,105001.0,5.0,324.0,324.0385779502188,0.015430261518948331,1.5553654529042018,90.88412394813543
577.0,931.0,572.0,931.0,577.0,931.0,25.0,105625.0,105650.0,5.0,325.0,325.0384592629002,0.015382795043203982,1.5554129250143014,89.11859600341786
578.0,930.0,573.0,930.0,578.0,930.0,25.0,106276.0,106301.0,5.0,326.0,326.03834130359576,0.01533561966978654,1.5554601059531672,89.12129927208834
583.0,930.0,573.0,930.0,583.0,930.0,100.0,106276.0,106376.0,10.0,326.0,326.15333817086713,0.03066042511194885,1.540131095867948,88.2430116900918
584.0,929.0,574.0,929.0,584.0,929.0,100.0,106929.0,107029.0,10.0,327.0,327.15286946624815,0.03056675008327165,1.5402248148232696,88.2483813906921
588.0,930.0,574.0,930.0,588.0,930.0,196.0,106276.0,106472.0,14.0,326.0,326.3004750226392,0.042905239408642167,1.527877912716192,87.54095600989538
594.0,929.0,574.0,929.0,594.0,929.0,400.0,106929.0,107329.0,20.0,327.0,327.61104987469514,0.06104800191461677,1.5097103415999702,86.50003086093209
593.0,929.0,579.0,929.0,593.0,929.0,196.0,109561.0,109757.0,14.0,331.0,331.2959402105616,0.04225829024980514,1.5285254492115044,87.57805711815746
598.0,929.0,579.0,929.0,598.0,929.0,361.0,109561.0,109922.0,19.0,331.0,331.5448687583628,0.05730747717844374,1.5134574354723986,86.71472352526158
598.0,929.0,579.0,929.0,598.0,929.0,361.0,109561.0,109922.0,19.0,331.0,331.5448687583628,0.05730747717844374,1.5134574354723986,86.71472352526158
603.0,928.0,579.0,928.0,603.0,928.0,576.0,110224.0,110800.0,24.0,332.0,332.86633954186476,0.07210101217513316,1.4986326978352391,85.86532862626359
604.0,932.0,580.0,932.0,604.0,932.0,576.0,107584.0,108160.0,24.0,328.0,328.87687665751145,0.072975638311578,1.4977557614917774,85.8150838748816
604.0,932.0,580.0,932.0,604.0,932.0,576.0,107584.0,108160.0,24.0,328.0,328.87687665751145,0.072975638311578,1.4977557614917774,85.8150838748816
609.0,932.0,580.0,932.0,609.0,932.0,841.0,107584.0,108425.0,29.0,328.0,329.2795165205391,0.08807107197690232,1.4826110014939653,84.9473530452684
609.0,927.0,580.0,927.0,609.0,927.0,841.0,110889.0,111730.0,29.0,333.0,334.26037755019667,0.08675871251190999,1.4839284040843899,85.02283465361933
609.0,927.0,580.0,927.0,609.0,927.0,841.0,110889.0,111730.0,29.0,333.0,334.26037755019667,0.08675871251190999,1.4839284040843899,85.02283465361933
609.0,932.0,580.0,932.0,609.0,932.0,841.0,107584.0,108425.0,29.0,328.0,329.2795165205391,0.08807107197690232,1.4826110014939653,84.9473530452684
609.0,932.0,575.0,932.0,609.0,932.0,1156.0,107584.0,108740.0,34.0,328.0,329.75748664738455,0.10310607454488759,1.4675066883188836,84.08193964789238
609.0,932.0,575.0,932.0,609.0,932.0,1156.0,107584.0,108740.0,34.0,328.0,329.75748664738455,0.10310607454488759,1.4675066883188836,84.08193964789238
609.0,932.0,575.0,932.0,609.0,932.0,1156.0,106929.0,108085.0,34.0,327.0,328.76283244916846,0.1034180164062703,1.4671930699105404,84.0639706367167
609.0,932.0,575.0,932.0,609.0,932.0,1156.0,106929.0,108085.0,34.0,327.0,328.76283244916846,0.1034180164062703,1.4671930699105404,84.0639706367167
609.0,932.0,575.0,932.0,609.0,932.0,1156.0,106929.0,108085.0,34.0,327.0,328.76283244916846,0.1034180164062703,1.4671930699105404,84.0639706367167
609.0,932.0,575.0,932.0,609.0,932.0,1156.0,107584.0,108740.0,34.0,328.0,329.75748664738455,0.10310607454488759,1.4675066883188836,84.08193964789238
609.0,932.0,576.0,932.0,609.0,932.0,1089.0,107584.0,108673.0,33.0,328.0,329.6558811852141,0.10010438728214059,1.470523991914044,84.25481840940472
610.0,932.0,576.0,932.0,610.0,932.0,1156.0,107584.0,108740.0,34.0,328.0,329.75748664738455,0.10310607454488759,1.4675066883188836,84.08193964789238
610.0,931.0,576.0,931.0,610.0,931.0,1156.0,108241.0,109397.0,34.0,329.0,330.75217308432,0.10279599883787381,1.4678184204392,84.09980058272517
610.0,932.0,576.0,932.0,610.0,932.0,1156.0,107584.0,108740.0,34.0,328.0,329.75748664738455,0.10310607454488759,1.4675066883188836,84.08193964789238
604.0,932.0,576.0,932.0,604.0,932.0,784.0,107584.0,108368.0,28.0,328.0,329.19295253695816,0.08505649888375563,1.4856369341751898,85.12072621699328
605.0,932.0,571.0,932.0,605.0,932.0,1156.0,107584.0,108740.0,34.0,328.0,329.75748664738455,0.10310607454488759,1.4675066883188836,84.08193964789238
604.0,932.0,571.0,932.0,604.0,932.0,1089.0,107584.0,108673.0,33.0,328.0,329.6558811852141,0.10010438728214059,1.470523991914044,84.25481840940472
604.0,932.0,575.0,932.0,604.0,932.0,841.0,107584.0,108425.0,29.0,328.0,329.2795165205391,0.08807107197690232,1.4826110014939653,84.9473530452684
604.0,932.0,570.0,932.0,604.0,932.0,1156.0,107584.0,108740.0,34.0,328.0,329.75748664738455,0.10310607454488759,1.4675066883188836,84.08193964789238
604.0,932.0,575.0,932.0,604.0,932.0,841.0,107584.0,108425.0,29.0,328.0,329.2795165205391,0.08807107197690232,1.4826110014939653,84.9473530452684
603.0,933.0,575.0,933.0,603.0,933.0,784.0,106929.0,107713.0,28.0,327.0,328.19658742893716,0.08531472011744395,1.4853777709081302,85.10587725558594
585.0,929.0,580.0,929.0,585.0,929.0,25.0,103041.0,103066.0,5.0,321.0,321.0389384482823,0.015574434752890493,1.555221262342954,89.10761454125945
585.0,925.0,580.0,925.0,585.0,925.0,25.0,102400.0,102425.0,5.0,320.0,320.0390601161052,0.015623093000542114,1.5551725981744198,89.10482628978893
584.0,926.0,579.0,926.0,584.0,926.0,25.0,101761.0,101786.0,5.0,319.0,319.03918254659567,0.015672056203534655,1.5551236289760848,89.10202056139819
584.0,925.0,580.0,925.0,584.0,925.0,16.0,102400.0,102416.0,4.0,320.0,320.0249990235138,0.01249902355192602,1.5582969777755349,89.28384005452959
585.0,925.0,580.0,925.0,585.0,925.0,25.0,102400.0,102425.0,5.0,320.0,320.0390601161052,0.015623093000542114,1.5551725981744198,89.10482628978893
584.0,925.0,579.0,925.0,584.0,925.0,25.0,102400.0,102425.0,5.0,320.0,320.0390601161052,0.015623093000542114,1.5551725981744198,89.10482628978893
584.0,926.0,579.0,926.0,584.0,926.0,25.0,101761.0,101786.0,5.0,319.0,319.03918254659567,0.015672056203534655,1.5551236289760848,89.10202056139819
584.0,926.0,579.0,926.0,584.0,926.0,25.0,101761.0,101786.0,5.0,319.0,319.03918254659567,0.015672056203534655,1.5551236289760848,89.10202056139819
584.0,926.0,579.0,926.0,584.0,926.0,25.0,101761.0,101786.0,5.0,319.0,319.03918254659567,0.015672056203534655,1.5551236289760848,89.10202056139819
584.0,926.0,579.0,926.0,584.0,926.0,25.0,101761.0,101786.0,5.0,319.0,319.03918254659567,0.015672056203534655,1.5551236289760848,89.10202056139819
584.0,926.0,579.0,926.0,584.0,926.0,25.0,101761.0,101786.0,5.0,319.0,319.03918254659567,0.015672056203534655,1.5551236289760848,89.10202056139819
584.0,925.0,579.0,925.0,584.0,925.0,25.0,102400.0,102425.0,5.0,320.0,320.0390601161052,0.015623093000542114,1.5551725981744198,89.10482628978893
584.0,925.0,579.0,925.0,584.0,925.0,25.0,102400.0,102425.0,5.0,320.0,320.0390601161052,0.015623093000542114,1.5551725981744198,89.10482628978893
584.0,926.0,579.0,926.0,584.0,926.0,25.0,101761.0,101786.0,5.0,319.0,319.03918254659567,0.015672056203534655,1.5551236289760848,89.10202056139819
584.0,925.0,579.0,925.0,584.0,925.0,25.0,102400.0,102425.0,5.0,320.0,320.0390601161052,0.015623093000542114,1.5551725981744198,89.10482628978893
584.0,926.0,579.0,926.0,584.0,926.0,25.0,101761.0,101786.0,5.0,319.0,319.03918254659567,0.015672056203534655,1.5551236289760848,89.10202056139819
584.0,925.0,579.0,925.0,584.0,925.0,25.0,102400.0,102425.0,5.0,320.0,320.0390601161052,0.015623093000542114,1.5551725981744198,89.10482628978893
584.0,926.0,584.0,926.0,584.0,926.0,0.0,101761.0,101761.0,0.0,319.0,319.0,nan,nan,nan
584.0,926.0,584.0,926.0,584.0,926.0,0.0,101761.0,101761.0,0.0,319.0,319.0,nan,nan,nan
584.0,925.0,584.0,925.0,584.0,925.0,0.0,102400.0,102400.0,0.0,320.0,320.0,nan,nan,nan
580.0,930.0,585.0,930.0,580.0,930.0,25.0,99225.0,99250.0,5.0,315.0,315.03968004046726,0.015871016626723793,1.5549246438031066,90.90938044919913
580.0,930.0,580.0,930.0,580.0,930.0,0.0,99225.0,99225.0,0.0,315.0,315.0,nan,nan,nan
575.0,924.0,585.0,924.0,575.0,924.0,100.0,103041.0,103141.0,10.0,321.0,321.155725466634,0.031137542341710282,1.5396537507072512,91.78433817298712
575.0,925.0,580.0,925.0,575.0,925.0,25.0,102400.0,102425.0,5.0,320.0,320.0390601161052,0.015623093000542114,1.5551725981744198,90.89517371021107
574.0,925.0,584.0,925.0,574.0,925.0,100.0,103041.0,103141.0,10.0,321.0,321.155725466634,0.031137542341710282,1.5396537507072512,91.78433817298712
569.0,927.0,584.0,927.0,569.0,927.0,225.0,101761.0,101986.0,15.0,319.0,319.35246985110354,0.046970045376488474,1.5238089934801926,92.69217588950698
569.0,927.0,579.0,927.0,569.0,927.0,100.0,101761.0,101861.0,10.0,319.0,319.15670132397344,0.03133257098634153,1.5394586268548605,91.79551794621145
564.0,926.0,579.0,926.0,564.0,926.0,225.0,102400.0,102625.0,15.0,320.0,320.3513695928269,0.046823586298586156,1.523955613878927,92.68377515946898
564.0,927.0,578.0,927.0,564.0,927.0,196.0,101761.0,101957.0,14.0,319.0,319.30706224573237,0.04384494317643961,1.5269373236855794,92.51293577181502
558.0,928.0,583.0,928.0,558.0,928.0,625.0,101124.0,101749.0,25.0,318.0,318.98119066803923,0.07837452718651762,1.4923413402161239,94.4951396127192
558.0,928.0,582.0,928.0,558.0,928.0,576.0,98596.0,99172.0,24.0,314.0,314.91586177898375,0.07621083252022355,1.4945115275469958,94.37079703790747
553.0,928.0,582.0,928.0,553.0,928.0,841.0,98596.0,99437.0,29.0,314.0,315.3363283860583,0.09196529987022627,1.478700896509064,95.2766794678195
548.0,927.0,577.0,927.0,548.0,927.0,841.0,99225.0,100066.0,29.0,315.0,316.3321039667014,0.09167580411962446,1.4789916204033906,95.26002221567099
542.0,928.0,577.0,928.0,542.0,928.0,1225.0,99225.0,100450.0,35.0,315.0,316.9384798348096,0.11043152607484653,1.460139105621001,96.3401917459099
532.0,932.0,576.0,932.0,532.0,932.0,1936.0,96100.0,98036.0,44.0,310.0,313.10701046127986,0.14052703558178947,1.4298026143117724,98.078344663164
527.0,933.0,576.0,933.0,527.0,933.0,2401.0,95481.0,97882.0,49.0,309.0,312.86099149622345,0.15661907790313795,1.4135297772620425,99.01070954681764
522.0,932.0,571.0,932.0,522.0,932.0,2401.0,96721.0,99122.0,49.0,311.0,314.836465486449,0.15563635528778677,1.414524700791628,98.95370462763414
512.0,933.0,571.0,933.0,512.0,933.0,3481.0,96100.0,99581.0,59.0,310.0,315.5645734235705,0.18696648790422526,1.382723057480739,100.77580457092853
507.0,935.0,570.0,935.0,507.0,935.0,3969.0,94864.0,98833.0,63.0,308.0,314.37716202039866,0.20039623614870658,1.3690339824746096,101.56013079421776
497.0,936.0,570.0,936.0,497.0,936.0,5329.0,91809.0,97138.0,73.0,303.0,311.66969695496545,0.23422232162194484,1.334377765864457,103.54578573987068
490.0,943.0,568.0,943.0,490.0,943.0,6084.0,90000.0,96084.0,78.0,300.0,309.97419247414774,0.25163385176495073,1.3164282682416306,104.57421619803874
481.0,943.0,568.0,943.0,481.0,943.0,7569.0,87025.0,94594.0,87.0,295.0,307.5613759885984,0.2828703692729778,1.2840109402552358,106.43159227475049
471.0,945.0,567.0,945.0,471.0,945.0,9216.0,89401.0,98617.0,96.0,299.0,314.03343771006297,0.3056999302368359,1.2601228621155678,107.80027833283219
465.0,943.0,566.0,943.0,465.0,943.0,10201.0,91204.0,101405.0,101.0,302.0,318.44151739369664,0.31716969830642827,1.2480527240653,108.49184630125279
456.0,950.0,566.0,950.0,456.0,950.0,12100.0,87616.0,99716.0,110.0,296.0,315.77840331472953,0.34834554499398546,1.214990807211625,110.38615459958083
443.0,951.0,561.0,951.0,443.0,951.0,13924.0,86436.0,100360.0,118.0,294.0,316.79646462673793,0.37247890420441476,1.1891176172770466,111.86857918537252
433.0,953.0,560.0,953.0,433.0,953.0,16129.0,85849.0,101978.0,127.0,293.0,319.3399442600315,0.39769531586248014,1.161792721577623,113.43418038458468
423.0,956.0,558.0,956.0,423.0,956.0,18225.0,81796.0,100021.0,135.0,286.0,316.26096818924714,0.4268626658956456,1.1297756899970377,115.26862116668929
414.0,953.0,563.0,953.0,414.0,953.0,22201.0,80656.0,102857.0,149.0,284.0,320.71326757713035,0.4645894481561043,1.0876253967232032,117.68365507651865
400.0,956.0,562.0,956.0,400.0,956.0,26244.0,78961.0,105205.0,162.0,281.0,324.35320254315354,0.4994555278930743,1.0478261394107695,119.96398454827629
392.0,955.0,560.0,955.0,392.0,955.0,28224.0,77284.0,105508.0,168.0,278.0,324.8199501262199,0.5172096108466178,1.02720893849424,121.14526314616668
381.0,958.0,557.0,958.0,381.0,958.0,30976.0,73984.0,104960.0,176.0,272.0,323.9753077010654,0.5432512781572743,0.9964914966201949,122.9052429229879
375.0,960.0,556.0,960.0,375.0,960.0,32761.0,73441.0,106202.0,181.0,271.0,325.88648330361906,0.5554081229916109,0.9819426596230195,123.73882987974983
364.0,961.0,551.0,961.0,364.0,961.0,34969.0,70225.0,105194.0,187.0,265.0,324.33624527641064,0.5765621410602201,0.9562815449709208,125.2091034469164
353.0,964.0,550.0,964.0,353.0,964.0,38809.0,68121.0,106930.0,197.0,261.0,327.00152904841286,0.6024436661604539,0.924237123559153,127.04511355074935
344.0,963.0,547.0,963.0,344.0,963.0,41209.0,68644.0,109853.0,203.0,262.0,331.4407941095966,0.6124774125808864,0.9116054977150359,127.76885240000564
342.0,963.0,543.0,963.0,342.0,963.0,40401.0,68121.0,108522.0,201.0,261.0,329.4267748681033,0.6101507689545783,0.9145454535254685,127.60040534011289
334.0,962.0,535.0,962.0,334.0,962.0,40401.0,68121.0,108522.0,201.0,261.0,329.4267748681033,0.6101507689545783,0.9145454535254685,127.60040534011289
330.0,957.0,536.0,957.0,330.0,957.0,42436.0,68121.0,110557.0,206.0,261.0,332.50112781763613,0.6195467707194754,0.9026311469995785,128.28304481987155
322.0,957.0,535.0,957.0,322.0,957.0,45369.0,64516.0,109885.0,213.0,254.0,331.48906467634794,0.6425551328758441,0.8729680642951382,129.98261426618348
321.0,951.0,524.0,951.0,321.0,951.0,41209.0,67081.0,108290.0,203.0,259.0,329.07445965920846,0.6168816632266997,0.906021831977551,128.0887728809753
316.0,949.0,522.0,949.0,316.0,949.0,42436.0,65536.0,107972.0,206.0,256.0,328.5909310982274,0.6269193106197425,0.8932036812749714,128.8231988173958
314.0,943.0,519.0,943.0,314.0,943.0,42025.0,66049.0,108074.0,205.0,257.0,328.7461026384952,0.6235815371032025,0.8974805617537048,128.57815161648247
310.0,943.0,516.0,943.0,310.0,943.0,42436.0,61504.0,103940.0,206.0,248.0,322.39727045990946,0.6389632260413829,0.8776466116130061,129.7145532506174
304.0,938.0,519.0,938.0,304.0,938.0,46225.0,59049.0,105274.0,215.0,243.0,324.45955063767195,0.6626403802182824,0.8464575397555862,131.50155543497783
302.0,931.0,519.0,931.0,302.0,931.0,47089.0,60025.0,107114.0,217.0,245.0,327.28275237170686,0.6630352452962301,0.8459301831795554,131.53177074108285
298.0,929.0,516.0,929.0,298.0,929.0,47524.0,58564.0,106088.0,218.0,242.0,325.7115288103877,0.6693039107218961,0.8375248124430945,132.01336300952482
295.0,924.0,511.0,924.0,295.0,924.0,46656.0,57600.0,104256.0,216.0,240.0,322.88697712976904,0.6689647316224497,0.83798122500839,131.98721249581666
295.0,916.0,508.0,916.0,295.0,916.0,45369.0,61009.0,106378.0,213.0,247.0,326.1564041989671,0.6530609157380284,0.8591770473091603,130.77278133467325
287.0,910.0,501.0,910.0,287.0,910.0,45796.0,61009.0,106805.0,214.0,247.0,326.8103425535979,0.6548140377928932,0.8568597826442892,130.90555081998517
284.0,906.0,504.0,906.0,284.0,906.0,48400.0,60025.0,108425.0,220.0,245.0,329.2795165205391,0.6681253736178798,0.8391098927006807,131.92254460057563
283.0,898.0,495.0,898.0,283.0,898.0,44944.0,58564.0,103508.0,212.0,242.0,321.72659200010185,0.6589445985239942,0.8513815319182985,131.2194314656989
285.0,896.0,487.0,896.0,285.0,896.0,40804.0,58564.0,99368.0,202.0,242.0,315.2269024052357,0.6408082510049272,0.8752457030920762,129.85211517586367
282.0,886.0,494.0,886.0,282.0,886.0,44944.0,60516.0,105460.0,212.0,246.0,324.7460546334628,0.6528177847742661,0.8594980503382222,130.75438921589708
280.0,877.0,486.0,877.0,280.0,877.0,42436.0,60516.0,102952.0,206.0,246.0,320.8613407688748,0.6420218761985023,0.873663801382257,129.94275146744087
279.0,867.0,487.0,867.0,279.0,867.0,43264.0,61009.0,104273.0,208.0,247.0,322.9133010577297,0.6441357457827798,0.8709034570756529,130.10090754621223
280.0,858.0,484.0,858.0,280.0,858.0,41616.0,64516.0,106132.0,204.0,254.0,325.77906623968335,0.6261912478130575,0.8941378413798915,128.76967538599436
276.0,847.0,481.0,847.0,276.0,847.0,42025.0,65536.0,107561.0,205.0,256.0,327.96493715029965,0.6250668189753854,0.8955791941311467,128.68709195655788
280.0,839.0,475.0,839.0,280.0,839.0,38025.0,65536.0,103561.0,195.0,256.0,321.8089495337257,0.6059495868046514,0.9198373077980843,127.29720442449373
274.0,834.0,471.0,834.0,274.0,834.0,38809.0,64009.0,102818.0,197.0,253.0,320.6524598377502,0.6143723335217256,0.9092061120469194,127.90632707221289
276.0,829.0,471.0,829.0,276.0,829.0,38025.0,65536.0,103561.0,195.0,256.0,321.8089495337257,0.6059495868046514,0.9198373077980843,127.29720442449373
275.0,816.0,462.0,816.0,275.0,816.0,34969.0,70225.0,105194.0,187.0,265.0,324.33624527641064,0.5765621410602201,0.9562815449709208,125.2091034469164
271.0,811.0,464.0,811.0,271.0,811.0,37249.0,68644.0,105893.0,193.0,262.0,325.41204648875555,0.5930942080433061,0.9358997997371804,126.37689142792061
270.0,800.0,460.0,800.0,270.0,800.0,36100.0,70756.0,106856.0,190.0,266.0,326.88836014761984,0.5812381937190964,0.9505468408120752,125.53767779197437
269.0,788.0,450.0,788.0,269.0,788.0,32761.0,72361.0,105122.0,181.0,269.0,324.22523035692336,0.5582539020814208,0.9785165893635205,123.9351292459344
273.0,780.0,451.0,780.0,273.0,780.0,31684.0,73984.0,105668.0,178.0,272.0,325.0661471147065,0.5475808587880697,0.9913259394047071,123.20120755026869
272.0,772.0,446.0,772.0,272.0,772.0,30276.0,75625.0,105901.0,174.0,275.0,325.4243383645421,0.5346864984790543,1.006659608766117,122.32265301141084
269.0,760.0,442.0,760.0,269.0,760.0,29929.0,81796.0,111725.0,173.0,286.0,334.2528982671654,0.5175721763277655,1.02678525653897,121.16953833405951
268.0,749.0,443.0,749.0,268.0,749.0,30625.0,85264.0,115889.0,175.0,292.0,340.42473470651333,0.5140637038341848,1.0308806048192256,120.9348921619647
269.0,739.0,439.0,739.0,269.0,739.0,28900.0,90000.0,118900.0,170.0,300.0,344.81879299133334,0.4930125719808803,1.0552473193359175,119.5387822595581
270.0,735.0,436.0,735.0,270.0,735.0,27556.0,88209.0,115765.0,166.0,297.0,340.2425605358624,0.4878872288597863,1.061128601678236,119.20180960321844
265.0,726.0,433.0,726.0,265.0,726.0,28224.0,91204.0,119428.0,168.0,302.0,345.5835644240044,0.4861342300233843,1.0631357089148272,119.0868108295316
268.0,722.0,427.0,722.0,268.0,722.0,25281.0,87616.0,112897.0,159.0,296.0,336.0014880919428,0.47321218993081227,1.0778628188523416,118.24300958568685
270.0,708.0,425.0,708.0,270.0,708.0,24025.0,96100.0,120125.0,155.0,310.0,346.5905365124674,0.447213595499958,1.1071487177940904,116.56505117707799
269.0,700.0,421.0,700.0,269.0,700.0,23104.0,99225.0,122329.0,152.0,315.0,349.75562897543193,0.43458914569943063,1.1212142863059844,115.75915346489435
268.0,688.0,415.0,688.0,268.0,688.0,21609.0,105625.0,127234.0,147.0,325.0,356.6987524508601,0.4121124590147008,1.1460249800282494,114.33760542781685
266.0,688.0,415.0,688.0,266.0,688.0,22201.0,104329.0,126530.0,149.0,323.0,355.7105564922132,0.4188798934429761,1.1385848991503649,114.76389066135562
265.0,672.0,409.0,672.0,265.0,672.0,20736.0,113569.0,134305.0,144.0,337.0,366.47646582011237,0.39293109771115137,1.1669794236501307,113.13700424623822
265.0,663.0,403.0,663.0,265.0,663.0,19044.0,114244.0,133288.0,138.0,338.0,365.0862911696357,0.37799282892240654,1.1831690120614629,112.20940915821498
271.0,655.0,398.0,655.0,271.0,655.0,16129.0,118336.0,134465.0,127.0,344.0,366.69469589837263,0.3463371611876201,1.217132538396374,110.26344244184315
270.0,649.0,399.0,649.0,270.0,649.0,16641.0,121104.0,137745.0,129.0,348.0,371.14013525890726,0.34757760679806193,1.2158099336346784,110.33922211265222
269.0,644.0,393.0,644.0,269.0,644.0,15376.0,123904.0,139280.0,124.0,352.0,373.2023579775455,0.33225942266811914,1.2320982425918496,109.40597075400117
267.0,633.0,386.0,633.0,267.0,633.0,14161.0,126736.0,140897.0,119.0,356.0,375.3624914665822,0.3170268812290062,1.2482033126144123,108.48321821294566
268.0,625.0,386.0,625.0,268.0,625.0,13924.0,131044.0,144968.0,118.0,362.0,380.74663491618674,0.3099173812159238,1.2556901928889441,108.05425157149524
267.0,623.0,380.0,623.0,267.0,623.0,12769.0,127449.0,140218.0,113.0,357.0,374.4569401146145,0.30177034498389255,1.2642473040361382,107.56396521793667
272.0,612.0,372.0,612.0,272.0,612.0,10000.0,134689.0,144689.0,100.0,367.0,380.3800730848029,0.26289494922544415,1.3047748517694677,105.2419077788019
273.0,607.0,371.0,607.0,273.0,607.0,9604.0,133225.0,142829.0,98.0,365.0,377.9272416749023,0.25930917169580703,1.3084894880872353,105.0290747953678
272.0,603.0,363.0,603.0,272.0,603.0,8281.0,139129.0,147410.0,91.0,373.0,383.94009949469984,0.23701613902732302,1.3315030098653204,103.71049712575112
277.0,596.0,363.0,596.0,277.0,596.0,7396.0,141376.0,148772.0,86.0,376.0,385.70973542289545,0.22296559329960616,1.3459407331935054,102.88327651326856
277.0,592.0,363.0,592.0,277.0,592.0,7396.0,142129.0,149525.0,86.0,377.0,386.6846260197061,0.2224034632181557,1.346517341599042,102.85023928519955
277.0,590.0,356.0,590.0,277.0,590.0,6241.0,142129.0,148370.0,79.0,377.0,385.1882656571978,0.2050945136275435,1.3642360540909384,101.83503184100815
283.0,584.0,357.0,584.0,283.0,584.0,5476.0,150544.0,156020.0,74.0,388.0,394.9936708353692,0.18734477401498092,1.3823379669232618,100.79786863460231
282.0,585.0,356.0,585.0,282.0,585.0,5476.0,147456.0,152932.0,74.0,384.0,391.0652119531984,0.18922675231172473,1.3804217147694584,100.9076617954981
287.0,578.0,353.0,578.0,287.0,578.0,4356.0,153664.0,158020.0,66.0,392.0,397.51729522122685,0.16603051186306145,1.4039933911704936,99.55710422167066
285.0,583.0,351.0,583.0,285.0,583.0,4356.0,153664.0,158020.0,66.0,392.0,397.51729522122685,0.16603051186306145,1.4039933911704936,99.55710422167066
291.0,577.0,351.0,577.0,291.0,577.0,3600.0,152100.0,155700.0,60.0,390.0,394.58839313897715,0.1520571842539411,1.4181469983996315,98.7461622625552
293.0,580.0,345.0,580.0,293.0,580.0,2704.0,150544.0,153248.0,52.0,388.0,391.4690281490989,0.13283298616460343,1.437569575154518,97.6333305872313
293.0,573.0,345.0,573.0,293.0,573.0,2704.0,154449.0,157153.0,52.0,393.0,396.42527669158534,0.13117226135016474,1.4392449608591718,97.5373380572981
292.0,574.0,344.0,574.0,292.0,574.0,2704.0,153664.0,156368.0,52.0,392.0,395.43393885704853,0.1315011052169659,1.4389132435965237,97.55634405643946
292.0,572.0,344.0,572.0,292.0,572.0,2704.0,155236.0,157940.0,52.0,394.0,397.4166579296847,0.13084504376563,1.4395750231781879,97.51842687944217
298.0,570.0,344.0,570.0,298.0,570.0,2116.0,158404.0,160520.0,46.0,398.0,400.64947273146385,0.11481357927764353,1.4557289908825037,96.59287270759424
298.0,571.0,343.0,571.0,298.0,571.0,2025.0,158404.0,160429.0,45.0,398.0,400.5358910260103,0.11234948230164413,1.4582091383453297,96.45077072540423
297.0,575.0,337.0,575.0,297.0,575.0,1600.0,152881.0,154481.0,40.0,391.0,393.04071035962676,0.10177062819625113,1.468849197233957,95.84114025731523
297.0,577.0,336.0,577.0,297.0,577.0,1521.0,156816.0,158337.0,39.0,396.0,397.91582024342785,0.09801067968632529,1.4726280482716654,95.6246280414459
296.0,576.0,335.0,576.0,296.0,576.0,1521.0,156816.0,158337.0,39.0,396.0,397.91582024342785,0.09801067968632529,1.4726280482716654,95.6246280414459
302.0,575.0,334.0,575.0,302.0,575.0,1024.0,158404.0,159428.0,32.0,398.0,399.28435982392296,0.08014338456460306,1.4905669003209994,94.59680752970947
302.0,576.0,328.0,576.0,302.0,576.0,676.0,157609.0,158285.0,26.0,397.0,397.85047442475167,0.06535118510941368,1.5053985353320416,93.74701744029828
301.0,575.0,327.0,575.0,301.0,575.0,676.0,157609.0,158285.0,26.0,397.0,397.85047442475167,0.06535118510941368,1.5053985353320416,93.74701744029828
301.0,573.0,327.0,573.0,301.0,573.0,676.0,159201.0,159877.0,26.0,399.0,399.8462204398086,0.06502499878928816,1.5057254169326797,93.72828850418124
300.0,577.0,320.0,577.0,300.0,577.0,400.0,160801.0,161201.0,20.0,401.0,401.49844333446674,0.049813393630866655,1.5209623091817652,92.85527888541303
300.0,579.0,320.0,579.0,300.0,579.0,400.0,153664.0,154064.0,20.0,392.0,392.50987248730445,0.05095413237191095,1.5198201197195833,92.92072152100037
300.0,573.0,319.0,573.0,300.0,573.0,361.0,163216.0,163577.0,19.0,404.0,404.4465354036303,0.046977779105063525,1.5238012512050478,92.69261948919662
300.0,578.0,313.0,578.0,300.0,578.0,169.0,158404.0,158573.0,13.0,398.0,398.2122549595881,0.03264590639311008,1.5381446188615566,91.8708050584742
299.0,576.0,312.0,576.0,299.0,576.0,169.0,160000.0,160169.0,13.0,400.0,400.21119424623794,0.03248284952269848,1.5383077622568804,91.86145763046672
299.0,578.0,312.0,578.0,299.0,578.0,169.0,157609.0,157778.0,13.0,397.0,397.2127893207871,0.032728049925656505,1.5380624314111333,91.8755140525124
299.0,581.0,312.0,581.0,299.0,581.0,169.0,155236.0,155405.0,13.0,394.0,394.21440866614705,0.032976978299668044,1.5378133685949762,91.88978430071185
299.0,577.0,306.0,577.0,299.0,577.0,49.0,159201.0,159250.0,7.0,399.0,399.06139878469827,0.017541160386140585,1.5532542667374942,91.00508600525417
299.0,579.0,305.0,579.0,299.0,579.0,36.0,158404.0,158440.0,6.0,398.0,398.0452235613436,0.015073664108609325,1.5557220917999373,90.86369004459958
299.0,578.0,305.0,578.0,299.0,578.0,36.0,159201.0,159237.0,6.0,399.0,399.0451102319135,0.015035894053464213,1.5557598661360352,90.86152573456725
298.0,583.0,305.0,583.0,298.0,583.0,49.0,160801.0,160850.0,7.0,401.0,401.06109260310956,0.017453700020029633,1.5533417404951437,91.0000741281227
298.0,577.0,298.0,577.0,298.0,577.0,0.0,166464.0,166464.0,0.0,408.0,408.0,nan,nan,nan
296.0,581.0,296.0,581.0,296.0,581.0,0.0,161604.0,161604.0,0.0,402.0,402.0,nan,nan,nan
296.0,580.0,296.0,580.0,296.0,580.0,0.0,161604.0,161604.0,0.0,402.0,402.0,nan,nan,nan
297.0,584.0,297.0,584.0,297.0,584.0,0.0,160000.0,160000.0,0.0,400.0,400.0,nan,nan,nan
297.0,579.0,297.0,579.0,297.0,579.0,0.0,168921.0,168921.0,0.0,411.0,411.0,nan,nan,nan
297.0,579.0,297.0,579.0,297.0,579.0,0.0,164025.0,164025.0,0.0,405.0,405.0,nan,nan,nan
296.0,584.0,296.0,584.0,296.0,584.0,0.0,163216.0,163216.0,0.0,404.0,404.0,nan,nan,nan
297.0,580.0,297.0,580.0,297.0,580.0,0.0,162409.0,162409.0,0.0,403.0,403.0,nan,nan,nan
297.0,580.0,297.0,580.0,297.0,580.0,0.0,162409.0,162409.0,0.0,403.0,403.0,nan,nan,nan
297.0,580.0,297.0,580.0,297.0,580.0,0.0,161604.0,161604.0,0.0,402.0,402.0,nan,nan,nan
297.0,579.0,297.0,579.0,297.0,579.0,0.0,162409.0,162409.0,0.0,403.0,403.0,nan,nan,nan
297.0,584.0,297.0,584.0,297.0,584.0,0.0,164025.0,164025.0,0.0,405.0,405.0,nan,nan,nan
290.0,584.0,297.0,584.0,290.0,584.0,49.0,158404.0,158453.0,7.0,398.0,398.06155302917665,0.017585220041300805,1.5532102002853128,91.00761082698229
290.0,584.0,297.0,584.0,290.0,584.0,49.0,158404.0,158453.0,7.0,398.0,398.06155302917665,0.017585220041300805,1.5532102002853128,91.00761082698229
290.0,585.0,297.0,585.0,290.0,585.0,49.0,158404.0,158453.0,7.0,398.0,398.06155302917665,0.017585220041300805,1.5532102002853128,91.00761082698229
290.0,586.0,296.0,586.0,290.0,586.0,36.0,156816.0,156852.0,6.0,396.0,396.045451937022,0.015149776296267384,1.555645970920127,90.86805144974554
290.0,586.0,296.0,586.0,290.0,586.0,36.0,157609.0,157645.0,6.0,397.0,397.04533746160524,0.015111624376095858,1.5556841272082647,90.86586525547335
288.0,584.0,295.0,584.0,288.0,584.0,49.0,162409.0,162458.0,7.0,403.0,403.0607894598531,0.017367107352170844,1.553428346290092,90.9951119815908
288.0,584.0,295.0,584.0,288.0,584.0,49.0,168100.0,168149.0,7.0,410.0,410.0597517435721,0.01707068291934537,1.5537248146772702,90.97812559424644
288.0,584.0,295.0,584.0,288.0,584.0,49.0,168100.0,168149.0,7.0,410.0,410.0597517435721,0.01707068291934537,1.5537248146772702,90.97812559424644
288.0,584.0,294.0,584.0,288.0,584.0,36.0,168100.0,168136.0,6.0,410.0,410.0439000887588,0.014632579581603897,1.5561632249935557,90.83841497440211
288.0,583.0,294.0,583.0,288.0,583.0,36.0,168921.0,168957.0,6.0,411.0,411.04379328728464,0.014596984793312548,1.5561988235838364,90.83637532542241
287.0,583.0,294.0,583.0,287.0,583.0,49.0,163216.0,163265.0,7.0,404.0,404.0606390135025,0.017324132380452134,1.5534713277282246,90.99264932658839
287.0,583.0,294.0,583.0,287.0,583.0,49.0,162409.0,162458.0,7.0,403.0,403.0607894598531,0.017367107352170844,1.553428346290092,90.9951119815908
287.0,581.0,293.0,581.0,287.0,581.0,36.0,164025.0,164061.0,6.0,405.0,405.0444420060594,0.014813189313952469,1.5559825956829954,90.84876427155358
287.0,582.0,293.0,582.0,287.0,582.0,36.0,163216.0,163252.0,6.0,404.0,404.04455199891015,0.014849847548535154,1.555945933415817,90.85086486473028
287.0,583.0,293.0,583.0,287.0,583.0,36.0,162409.0,162445.0,6.0,403.0,403.0446625375406,0.014886687649513645,1.5559090892421257,90.85297588038244
285.0,586.0,292.0,586.0,285.0,586.0,49.0,158404.0,158453.0,7.0,398.0,398.06155302917665,0.017585220041300805,1.5532102002853128,91.00761082698229
285.0,586.0,291.0,586.0,285.0,586.0,36.0,163216.0,163252.0,6.0,404.0,404.04455199891015,0.014849847548535154,1.555945933415817,90.85086486473028
285.0,586.0,291.0,586.0,285.0,586.0,36.0,157609.0,157645.0,6.0,397.0,397.04533746160524,0.015111624376095858,1.5556841272082647,90.86586525547335
285.0,581.0,291.0,581.0,285.0,581.0,36.0,162409.0,162445.0,6.0,403.0,403.0446625375406,0.014886687649513645,1.5559090892421257,90.85297588038244
284.0,582.0,291.0,582.0,284.0,582.0,49.0,162409.0,162458.0,7.0,403.0,403.0607894598531,0.017367107352170844,1.553428346290092,90.9951119815908
284.0,582.0,291.0,582.0,284.0,582.0,49.0,161604.0,161653.0,7.0,402.0,402.06094065452316,0.01741029603274707,1.5533851510786167,90.9975868849035
284.0,584.0,290.0,584.0,284.0,584.0,36.0,160801.0,160837.0,6.0,401.0,401.04488526846967,0.014960918890621051,1.5558348497332328,90.85722949091513
283.0,584.0,290.0,584.0,283.0,584.0,49.0,160801.0,160850.0,7.0,401.0,401.06109260310956,0.017453700020029633,1.5533417404951437,91.0000741281227
283.0,583.0,290.0,583.0,283.0,583.0,49.0,161604.0,161653.0,7.0,402.0,402.06094065452316,0.01741029603274707,1.5533851510786167,90.9975868849035
283.0,589.0,290.0,589.0,283.0,589.0,49.0,156816.0,156865.0,7.0,396.0,396.06186385462564,0.01767400661066764,1.5531213999151217,91.01269871341343
283.0,583.0,290.0,583.0,283.0,583.0,49.0,161604.0,161653.0,7.0,402.0,402.06094065452316,0.01741029603274707,1.5533851510786167,90.9975868849035
283.0,583.0,290.0,583.0,283.0,583.0,49.0,161604.0,161653.0,7.0,402.0,402.06094065452316,0.01741029603274707,1.5533851510786167,90.9975868849035
283.0,583.0,290.0,583.0,283.0,583.0,49.0,161604.0,161653.0,7.0,402.0,402.06094065452316,0.01741029603274707,1.5533851510786167,90.9975868849035
283.0,582.0,290.0,582.0,283.0,582.0,49.0,161604.0,161653.0,7.0,402.0,402.06094065452316,0.01741029603274707,1.5533851510786167,90.9975868849035
283.0,588.0,290.0,588.0,283.0,588.0,49.0,156816.0,156865.0,7.0,396.0,396.06186385462564,0.01767400661066764,1.5531213999151217,91.01269871341343
283.0,583.0,290.0,583.0,283.0,583.0,49.0,160801.0,160850.0,7.0,401.0,401.06109260310956,0.017453700020029633,1.5533417404951437,91.0000741281227
283.0,589.0,290.0,589.0,283.0,589.0,49.0,156025.0,156074.0,7.0,395.0,395.0620204474229,0.01771873690129016,1.5530766626189458,91.01526197167114
283.0,584.0,290.0,584.0,283.0,584.0,49.0,160801.0,160850.0,7.0,401.0,401.06109260310956,0.017453700020029633,1.5533417404951437,91.0000741281227
283.0,584.0,290.0,584.0,283.0,584.0,49.0,160801.0,160850.0,7.0,401.0,401.06109260310956,0.017453700020029633,1.5533417404951437,91.0000741281227
283.0,584.0,289.0,584.0,283.0,584.0,36.0,160801.0,160837.0,6.0,401.0,401.04488526846967,0.014960918890621051,1.5558348497332328,90.85722949091513
283.0,584.0,289.0,584.0,283.0,584.0,36.0,156025.0,156061.0,6.0,395.0,395.0455669919611,0.015188121324044868,1.5556076214800474,90.87024871080878
282.0,585.0,289.0,585.0,282.0,585.0,49.0,160000.0,160049.0,7.0,400.0,400.0612453112648,0.017497320927833685,1.55329811292504,91.00257380376006
289.0,584.0,289.0,584.0,289.0,584.0,0.0,160801.0,160801.0,0.0,401.0,401.0,nan,nan,nan
289.0,584.0,289.0,584.0,289.0,584.0,0.0,160801.0,160801.0,0.0,401.0,401.0,nan,nan,nan
289.0,584.0,289.0,584.0,289.0,584.0,0.0,160000.0,160000.0,0.0,400.0,400.0,nan,nan,nan
289.0,583.0,289.0,583.0,289.0,583.0,0.0,160801.0,160801.0,0.0,401.0,401.0,nan,nan,nan
289.0,584.0,289.0,584.0,289.0,584.0,0.0,160000.0,160000.0,0.0,400.0,400.0,nan,nan,nan
289.0,584.0,289.0,584.0,289.0,584.0,0.0,160000.0,160000.0,0.0,400.0,400.0,nan,nan,nan
289.0,584.0,289.0,584.0,289.0,584.0,0.0,160000.0,160000.0,0.0,400.0,400.0,nan,nan,nan
289.0,584.0,289.0,584.0,289.0,584.0,0.0,160000.0,160000.0,0.0,400.0,400.0,nan,nan,nan
289.0,585.0,289.0,585.0,289.0,585.0,0.0,154449.0,154449.0,0.0,393.0,393.0,nan,nan,nan
289.0,584.0,289.0,584.0,289.0,584.0,0.0,160000.0,160000.0,0.0,400.0,400.0,nan,nan,nan
289.0,584.0,289.0,584.0,289.0,584.0,0.0,160801.0,160801.0,0.0,401.0,401.0,nan,nan,nan
289.0,584.0,289.0,584.0,289.0,584.0,0.0,160801.0,160801.0,0.0,401.0,401.0,nan,nan,nan
290.0,585.0,290.0,585.0,290.0,585.0,0.0,155236.0,155236.0,0.0,394.0,394.0,nan,nan,nan
290.0,584.0,290.0,584.0,290.0,584.0,0.0,160801.0,160801.0,0.0,401.0,401.0,nan,nan,nan
290.0,585.0,290.0,585.0,290.0,585.0,0.0,160000.0,160000.0,0.0,400.0,400.0,nan,nan,nan
290.0,585.0,290.0,585.0,290.0,585.0,0.0,159201.0,159201.0,0.0,399.0,399.0,nan,nan,nan
290.0,587.0,290.0,587.0,290.0,587.0,0.0,158404.0,158404.0,0.0,398.0,398.0,nan,nan,nan
290.0,586.0,290.0,586.0,290.0,586.0,0.0,159201.0,159201.0,0.0,399.0,399.0,nan,nan,nan
290.0,587.0,290.0,587.0,290.0,587.0,0.0,158404.0,158404.0,0.0,398.0,398.0,nan,nan,nan
290.0,586.0,290.0,586.0,290.0,586.0,0.0,159201.0,159201.0,0.0,399.0,399.0,nan,nan,nan
291.0,585.0,291.0,585.0,291.0,585.0,0.0,159201.0,159201.0,0.0,399.0,399.0,nan,nan,nan
291.0,585.0,291.0,585.0,291.0,585.0,0.0,159201.0,159201.0,0.0,399.0,399.0,nan,nan,nan
291.0,584.0,291.0,584.0,291.0,584.0,0.0,160000.0,160000.0,0.0,400.0,400.0,nan,nan,nan
292.0,582.0,292.0,582.0,292.0,582.0,0.0,160801.0,160801.0,0.0,401.0,401.0,nan,nan,nan
287.0,585.0,293.0,585.0,287.0,585.0,36.0,161604.0,161640.0,6.0,402.0,402.0447736260229,0.014923710973497512,1.5558720618048116,90.85509739626671
293.0,584.0,293.0,584.0,293.0,584.0,0.0,156816.0,156816.0,0.0,396.0,396.0,nan,nan,nan
293.0,583.0,293.0,583.0,293.0,583.0,0.0,157609.0,157609.0,0.0,397.0,397.0,nan,nan,nan
293.0,583.0,293.0,583.0,293.0,583.0,0.0,162409.0,162409.0,0.0,403.0,403.0,nan,nan,nan
293.0,582.0,293.0,582.0,293.0,582.0,0.0,163216.0,163216.0,0.0,404.0,404.0,nan,nan,nan
294.0,582.0,294.0,582.0,294.0,582.0,0.0,158404.0,158404.0,0.0,398.0,398.0,nan,nan,nan
294.0,582.0,294.0,582.0,294.0,582.0,0.0,163216.0,163216.0,0.0,404.0,404.0,nan,nan,nan
294.0,582.0,294.0,582.0,294.0,582.0,0.0,163216.0,163216.0,0.0,404.0,404.0,nan,nan,nan
294.0,582.0,294.0,582.0,294.0,582.0,0.0,164025.0,164025.0,0.0,405.0,405.0,nan,nan,nan
294.0,583.0,294.0,583.0,294.0,583.0,0.0,163216.0,163216.0,0.0,404.0,404.0,nan,nan,nan
288.0,584.0,294.0,584.0,288.0,584.0,36.0,157609.0,157645.0,6.0,397.0,397.04533746160524,0.015111624376095858,1.5556841272082647,90.86586525547335
288.0,583.0,295.0,583.0,288.0,583.0,49.0,159201.0,159250.0,7.0,399.0,399.06139878469827,0.017541160386140585,1.5532542667374942,91.00508600525417
288.0,584.0,295.0,584.0,288.0,584.0,49.0,157609.0,157658.0,7.0,397.0,397.06170805052454,0.01762950155623991,1.5531659119047148,91.01014836427203
290.0,592.0,296.0,592.0,290.0,592.0,36.0,152881.0,152917.0,6.0,391.0,391.0460330958492,0.015343462130273908,1.5554522625698455,90.8791501206731
289.0,583.0,295.0,583.0,289.0,583.0,36.0,158404.0,158440.0,6.0,398.0,398.0452235613436,0.015073664108609325,1.5557220917999373,90.86369004459958
290.0,591.0,297.0,591.0,290.0,591.0,49.0,153664.0,153713.0,7.0,392.0,392.0624950183325,0.01785429641688294,1.5529410816553442,91.02303018866783
290.0,585.0,297.0,585.0,290.0,585.0,49.0,158404.0,158453.0,7.0,398.0,398.06155302917665,0.017585220041300805,1.5532102002853128,91.00761082698229
291.0,585.0,297.0,585.0,291.0,585.0,36.0,153664.0,153700.0,6.0,392.0,392.04591567825315,0.01530432982478542,1.5554913994707047,90.87690774143064
291.0,585.0,304.0,585.0,291.0,585.0,169.0,153664.0,153833.0,13.0,392.0,392.21550198838395,0.03314504381926499,1.5376452111494499,91.89941901263421
291.0,585.0,304.0,585.0,291.0,585.0,169.0,154449.0,154618.0,13.0,393.0,393.21495393741066,0.03306079758622114,1.5377295035791416,91.89458941216796
291.0,590.0,304.0,590.0,291.0,590.0,169.0,150544.0,150713.0,13.0,388.0,388.2177224187479,0.033486364092306056,1.5373037012950617,91.91898608595278
291.0,584.0,304.0,584.0,291.0,584.0,169.0,156025.0,156194.0,13.0,395.0,395.2138661535043,0.03289358272401984,1.5378968094384338,91.88500349254272
291.0,581.0,304.0,581.0,291.0,581.0,169.0,158404.0,158573.0,13.0,398.0,398.2122549595881,0.03264590639311008,1.5381446188615566,91.8708050584742
291.0,581.0,304.0,581.0,291.0,581.0,169.0,158404.0,158573.0,13.0,398.0,398.2122549595881,0.03264590639311008,1.5381446188615566,91.8708050584742
290.0,585.0,303.0,585.0,290.0,585.0,169.0,159201.0,159370.0,13.0,399.0,399.21172327475557,0.03256417395100598,1.5382263947827688,91.86611964332296
289.0,584.0,303.0,584.0,289.0,584.0,196.0,159201.0,159397.0,14.0,399.0,399.24553848477757,0.035066140133044446,1.5357229962616712,92.00955381302114
290.0,585.0,309.0,585.0,290.0,585.0,361.0,160000.0,160361.0,19.0,400.0,400.4509957535379,0.04744650456979701,1.5233320024697243,92.7195054612725
289.0,585.0,309.0,585.0,289.0,585.0,400.0,160000.0,160400.0,20.0,400.0,400.4996878900157,0.04993761694389224,1.5208379310729538,92.86240522611175
289.0,584.0,308.0,584.0,289.0,584.0,361.0,160000.0,160361.0,19.0,400.0,400.4509957535379,0.04744650456979701,1.5233320024697243,92.7195054612725
289.0,583.0,308.0,583.0,289.0,583.0,361.0,161604.0,161965.0,19.0,402.0,402.44875450173777,0.047210979752002086,1.5235677915210195,92.70599574377789
289.0,586.0,308.0,586.0,289.0,586.0,361.0,159201.0,159562.0,19.0,399.0,399.45212479094414,0.047565149415449405,1.5232132235179132,92.72631099390627
288.0,581.0,315.0,581.0,288.0,581.0,729.0,158404.0,159133.0,27.0,398.0,398.91477786615025,0.06768362943189694,1.5030609132573756,93.88095331927326
289.0,583.0,315.0,583.0,289.0,583.0,676.0,158404.0,159080.0,26.0,398.0,398.84834210511644,0.06518768477956391,1.5055623850425779,93.73762954341011
282.0,585.0,315.0,585.0,282.0,585.0,1089.0,157609.0,158698.0,33.0,397.0,398.36917551437136,0.08283773451445042,1.4878635585265334,94.75169760511369
282.0,587.0,315.0,587.0,282.0,587.0,1089.0,156025.0,157114.0,33.0,395.0,396.37608404140633,0.08325426615939004,1.487445583072102,94.77564583459267
283.0,582.0,315.0,582.0,283.0,582.0,1024.0,160801.0,161825.0,32.0,401.0,402.2747817102136,0.07954761634312892,1.4911645767823125,94.56256319096191
283.0,580.0,322.0,580.0,283.0,580.0,1521.0,163216.0,164737.0,39.0,404.0,405.8780605058618,0.09608797270636596,1.4745598746044526,95.51394254582496
284.0,581.0,322.0,581.0,284.0,581.0,1444.0,159201.0,160645.0,38.0,399.0,400.8054390848507,0.09480909262799544,1.4758446204521403,95.44033203100551
284.0,583.0,323.0,583.0,284.0,583.0,1521.0,157609.0,159130.0,39.0,397.0,398.911017646793,0.09776616406852842,1.4728737438687702,95.61055072068686
284.0,585.0,323.0,585.0,284.0,585.0,1521.0,157609.0,159130.0,39.0,397.0,398.911017646793,0.09776616406852842,1.4728737438687702,95.61055072068686
278.0,580.0,329.0,580.0,278.0,580.0,2601.0,161604.0,164205.0,51.0,402.0,405.2221612893352,0.12585688758415456,1.444604787021872,97.23024263925159
279.0,585.0,331.0,585.0,279.0,585.0,2704.0,160801.0,163505.0,52.0,401.0,404.357515077932,0.12859906904408097,1.441840137725161,97.38864537578692
280.0,583.0,332.0,583.0,280.0,583.0,2704.0,160801.0,163505.0,52.0,401.0,404.357515077932,0.12859906904408097,1.441840137725161,97.38864537578692
275.0,585.0,334.0,585.0,275.0,585.0,3481.0,158404.0,161885.0,59.0,398.0,402.3493506891741,0.14663873546444248,1.4236269133116812,98.43218626600395
270.0,589.0,335.0,589.0,270.0,589.0,4225.0,156025.0,160250.0,65.0,395.0,400.3123780249619,0.16237319545474274,1.407701034584656,99.34467190209968
271.0,591.0,341.0,591.0,271.0,591.0,4900.0,152100.0,157000.0,70.0,390.0,396.23225512317896,0.17666406279377408,1.3932001595114087,100.1755108430432
271.0,594.0,341.0,594.0,271.0,594.0,4900.0,155236.0,160136.0,70.0,394.0,400.16996389034495,0.17492567238050252,1.394966050713174,100.07433273010277
272.0,599.0,342.0,599.0,272.0,599.0,4900.0,145924.0,150824.0,70.0,382.0,388.36065712170176,0.18024482839945316,1.3895609762007195,100.38402068762014
266.0,599.0,342.0,599.0,266.0,599.0,5776.0,151321.0,157097.0,76.0,389.0,396.35463918062067,0.19174747180230794,1.3778539784772486,101.05478224794429
266.0,604.0,349.0,604.0,266.0,604.0,6889.0,146689.0,153578.0,83.0,383.0,391.89029077026134,0.2117939687581014,1.3573861201558106,102.22750414543441
267.0,607.0,350.0,607.0,267.0,607.0,6889.0,145161.0,152050.0,83.0,381.0,389.9358921669048,0.21285550180764945,1.3562998184602382,102.28974464786862
266.0,605.0,355.0,605.0,266.0,605.0,7921.0,147456.0,155377.0,89.0,384.0,394.17889339740145,0.22578580814643565,1.343046727934117,103.04909080052018
267.0,609.0,357.0,609.0,267.0,609.0,8100.0,145161.0,153261.0,90.0,381.0,391.48563192025324,0.22989349457998312,1.3388280819392488,103.29080141128588
267.0,613.0,363.0,613.0,267.0,613.0,9216.0,138384.0,147600.0,96.0,372.0,384.1874542459709,0.2498780190217697,1.3182420510168371,104.47029410006589
262.0,619.0,370.0,619.0,262.0,619.0,11664.0,135424.0,147088.0,108.0,368.0,383.5205340004626,0.2816016104104343,1.2853334665281517,106.35581710101724
261.0,621.0,375.0,621.0,261.0,621.0,12996.0,129600.0,142596.0,114.0,360.0,377.6188554614295,0.30189170469440213,1.264120007393214,107.57125877832242
256.0,629.0,382.0,629.0,256.0,629.0,15876.0,124609.0,140485.0,126.0,353.0,374.8132868509333,0.33616737831951876,1.2279518551447,109.64354125494887
262.0,635.0,382.0,635.0,262.0,635.0,14400.0,121104.0,135504.0,120.0,348.0,368.10867960427123,0.3259906833194042,1.2387368592520112,109.02560603756868
256.0,639.0,388.0,639.0,256.0,639.0,17424.0,118336.0,135760.0,132.0,344.0,368.4562389212591,0.3582514992457735,1.2044019160456563,110.99285337311419
256.0,641.0,392.0,641.0,256.0,641.0,18496.0,119025.0,137521.0,136.0,345.0,370.8382396679177,0.3667367208996212,1.1952974190953312,111.51450262295755
256.0,646.0,391.0,646.0,256.0,646.0,18225.0,121104.0,139329.0,135.0,348.0,373.26800023575555,0.3616704349548694,1.2007373307571791,111.20281864380966
252.0,657.0,397.0,657.0,252.0,657.0,21025.0,110889.0,131914.0,145.0,333.0,363.19966960337393,0.39922943806183747,1.160120078634805,113.53001576584049
252.0,662.0,396.0,662.0,252.0,662.0,20736.0,108241.0,128977.0,144.0,329.0,359.133679846377,0.4009648999269504,1.1582264464233503,113.63851289950686
254.0,663.0,401.0,663.0,254.0,663.0,21609.0,113569.0,135178.0,147.0,337.0,367.66560894377926,0.39981982656005816,1.1594760576358973,113.5669154509957
254.0,673.0,399.0,673.0,254.0,673.0,21025.0,108900.0,129925.0,145.0,330.0,360.4511062543712,0.40227369949496883,1.1567973241826968,113.7203955723046
255.0,675.0,404.0,675.0,255.0,675.0,22201.0,105625.0,127826.0,149.0,325.0,357.5276213105779,0.4167510175963897,1.140928104272394,114.62963489732992
251.0,685.0,408.0,685.0,251.0,685.0,24649.0,99225.0,123874.0,157.0,315.0,351.9573837838894,0.4460767332456418,1.1084193651407466,116.49224844686509
252.0,694.0,407.0,694.0,252.0,694.0,24025.0,96721.0,120746.0,155.0,311.0,347.4852514855846,0.44606209713171135,1.108435718370508,116.49131147581835
252.0,695.0,411.0,695.0,252.0,695.0,25281.0,94249.0,119530.0,159.0,307.0,345.73110938994193,0.4598949752614471,1.0929194065549122,117.38033065646098
255.0,706.0,418.0,706.0,255.0,706.0,26569.0,90000.0,116569.0,163.0,300.0,341.4220262373241,0.4774150097940604,1.0730858822893166,118.51670788974991
255.0,712.0,418.0,712.0,255.0,712.0,26569.0,89401.0,115970.0,163.0,299.0,340.5436829541843,0.4786463768348025,1.0716839618013596,118.59703201692275
255.0,717.0,424.0,717.0,255.0,717.0,28561.0,85849.0,114410.0,169.0,293.0,338.2454729926182,0.4996371378004761,1.0476164977188422,119.9759961324337
254.0,730.0,426.0,730.0,254.0,730.0,29584.0,78961.0,108545.0,172.0,281.0,329.46168214224855,0.5220637461740913,1.0215275000080548,121.47078559298829
256.0,733.0,432.0,733.0,256.0,733.0,30976.0,77841.0,108817.0,176.0,279.0,329.874218453034,0.5335366941537993,1.0080196578581404,122.24472793850731
252.0,743.0,429.0,743.0,252.0,743.0,31329.0,75076.0,106405.0,177.0,274.0,326.1977927577071,0.5426155661680762,0.9972484987466012,122.86186989606239
255.0,751.0,432.0,751.0,255.0,751.0,31329.0,70756.0,102085.0,177.0,266.0,319.50743340335606,0.5539777216279964,0.9836617785848523,123.64033161875591
258.0,754.0,431.0,754.0,258.0,754.0,29929.0,70756.0,100685.0,173.0,266.0,317.3089976663126,0.5452098782963907,0.9941568705116197,123.0390071457503
259.0,764.0,436.0,764.0,259.0,764.0,31329.0,68121.0,99450.0,177.0,261.0,315.35694062442957,0.561268763102303,0.9748783212785956,124.14358665193775
261.0,767.0,436.0,767.0,261.0,767.0,30625.0,68121.0,98746.0,175.0,261.0,314.23876272668844,0.556901378052483,0.9801458918360443,123.84177709070858
261.0,779.0,441.0,779.0,261.0,779.0,32400.0,65025.0,97425.0,180.0,255.0,312.1297807002722,0.5766831975986553,0.9561333748727311,125.21759296819272
262.0,785.0,440.0,785.0,262.0,785.0,31684.0,64009.0,95693.0,178.0,253.0,309.3428518650463,0.5754133283727989,0.957686892342869,125.12858297375396
262.0,794.0,444.0,794.0,262.0,794.0,33124.0,61009.0,94133.0,182.0,247.0,306.8110167513546,0.5931990380498501,0.9357695914045828,126.38435181583588
262.0,806.0,447.0,806.0,262.0,806.0,34225.0,59049.0,93274.0,185.0,243.0,305.4079239312562,0.6057472170946074,0.9200916752823979,127.2826302411972
263.0,811.0,451.0,811.0,263.0,811.0,35344.0,58081.0,93425.0,188.0,241.0,305.6550343115585,0.6150724800703559,0.9083184386990732,127.95718700863071
258.0,816.0,454.0,816.0,258.0,816.0,38416.0,57121.0,95537.0,196.0,239.0,309.09060160412514,0.6341182778861438,0.883928642011776,129.354619421995
262.0,824.0,457.0,824.0,262.0,824.0,38025.0,56644.0,94669.0,195.0,238.0,307.68327871367984,0.6337685974201436,0.8843807880977652,129.32871335954445
262.0,831.0,461.0,831.0,262.0,831.0,39601.0,56169.0,95770.0,199.0,237.0,309.46728421595714,0.643040509125775,0.8723344434801911,130.0189180646916
262.0,839.0,464.0,839.0,262.0,839.0,40804.0,52900.0,93704.0,202.0,230.0,306.11109094575454,0.6598911505489885,0.8501224448130403,131.29157184286953
262.0,847.0,467.0,847.0,262.0,847.0,42025.0,52441.0,94466.0,205.0,229.0,307.3532169995948,0.6669850473706617,0.8406414363873497,131.83479361118958
263.0,854.0,469.0,854.0,263.0,854.0,42436.0,52441.0,94877.0,206.0,229.0,308.021103173143,0.668785345802117,0.8382225377450188,131.9733862944651
264.0,862.0,473.0,862.0,264.0,862.0,43681.0,49729.0,93410.0,209.0,223.0,305.6304958606062,0.683832283854691,0.8177942327628203,133.14384195255113
264.0,871.0,471.0,871.0,264.0,871.0,42849.0,48400.0,91249.0,207.0,220.0,302.07449412355226,0.6852614306302021,0.8158337270588919,133.25617065509755
265.0,878.0,475.0,878.0,265.0,878.0,44100.0,47961.0,92061.0,210.0,219.0,303.41555662160766,0.6921200822339275,0.8063741074314711,133.79816693554787
267.0,885.0,478.0,885.0,267.0,885.0,44521.0,46225.0,90746.0,211.0,215.0,301.24076749337894,0.7004364042613775,0.79478755882385,134.46202726988776
268.0,891.0,480.0,891.0,268.0,891.0,44944.0,47089.0,92033.0,212.0,217.0,303.3694117738306,0.6988179815506622,0.7970526473592728,134.33224725658454
269.0,898.0,482.0,898.0,269.0,898.0,45369.0,45369.0,90738.0,213.0,213.0,301.22748878546923,0.7071067811865476,0.7853981633974483,135.0
271.0,902.0,486.0,902.0,271.0,902.0,46225.0,46656.0,92881.0,215.0,216.0,304.76384299978895,0.7054642633580024,0.7877183448489226,134.867063395126
273.0,907.0,492.0,907.0,273.0,907.0,47961.0,45796.0,93757.0,219.0,214.0,306.1976485866604,0.7152243036837638,0.7738513324909398,135.66158467769415
275.0,916.0,493.0,916.0,275.0,916.0,47524.0,45369.0,92893.0,218.0,213.0,304.78352973873115,0.7152617472042392,0.773797755704741,135.6646544014232
277.0,918.0,500.0,918.0,277.0,918.0,49729.0,46225.0,95954.0,223.0,215.0,309.7644266212633,0.7199019023338444,0.7671353538852881,136.04638190709815
277.0,924.0,503.0,924.0,277.0,924.0,51076.0,45369.0,96445.0,226.0,213.0,310.55595309058236,0.7277271543208214,0.7557940585417481,136.69619026449436
282.0,930.0,507.0,930.0,282.0,930.0,50625.0,45369.0,95994.0,225.0,213.0,309.82898508693467,0.726207071739487,0.7580077549225857,136.569354804749
283.0,935.0,507.0,935.0,283.0,935.0,50176.0,44944.0,95120.0,224.0,212.0,308.41530441921975,0.726293399809769,0.7578821741119939,136.57655005518373
284.0,939.0,509.0,939.0,284.0,939.0,50625.0,48400.0,99025.0,225.0,220.0,314.6823795511913,0.7150066690130578,0.7741626811394855,135.6437457141754
286.0,939.0,507.0,939.0,286.0,939.0,48841.0,50625.0,99466.0,221.0,225.0,315.38230768386484,0.7007368346785247,0.7943665328082669,134.48615028364588
294.0,944.0,507.0,944.0,294.0,944.0,45369.0,50625.0,95994.0,213.0,225.0,309.82898508693467,0.6874760279133809,0.8127885718723109,133.430645195251
297.0,950.0,509.0,950.0,297.0,950.0,44944.0,49729.0,94673.0,212.0,223.0,307.6897788357618,0.6890056627885617,0.8106801317830419,133.5514499137223
300.0,950.0,511.0,950.0,300.0,950.0,44521.0,52900.0,97421.0,211.0,230.0,312.1233730434169,0.6760147371938388,0.828455435506809,132.53300003078726
303.0,955.0,512.0,955.0,303.0,955.0,43681.0,51984.0,95665.0,209.0,228.0,309.2975913258944,0.6757246285173463,0.8288490587889792,132.51044707800082
304.0,955.0,514.0,955.0,304.0,955.0,44100.0,56169.0,100269.0,210.0,237.0,316.6528067142308,0.663186921281637,0.8457275489371414,131.543380827958
306.0,957.0,511.0,957.0,306.0,957.0,42025.0,58081.0,100106.0,205.0,241.0,316.3953223421611,0.6479236117729508,0.865941034392593,130.38523342211155
312.0,961.0,520.0,961.0,312.0,961.0,43264.0,57121.0,100385.0,208.0,239.0,316.8359196808342,0.656491221732465,0.8546385298389458,131.03281923096293
315.0,960.0,519.0,960.0,315.0,960.0,41616.0,59049.0,100665.0,204.0,243.0,317.2774810792597,0.6429703088478516,0.8724261053088934,130.01366622876452
318.0,963.0,521.0,963.0,318.0,963.0,41209.0,58564.0,99773.0,203.0,242.0,315.86864358463947,0.6426722123989638,0.8728152569386535,129.99136948278863
325.0,963.0,524.0,963.0,325.0,963.0,39601.0,60516.0,100117.0,199.0,246.0,316.4127051810657,0.6289254405448832,0.8906260203493288,128.97088790945088
328.0,965.0,530.0,965.0,328.0,965.0,40804.0,60025.0,100829.0,202.0,245.0,317.5358247505311,0.6361486933283805,0.881299938070418,129.5052330634242
333.0,965.0,533.0,965.0,333.0,965.0,40000.0,63001.0,103001.0,200.0,251.0,320.93768865622496,0.6231739277409443,0.89800185413258,128.54828376328058
339.0,963.0,534.0,963.0,339.0,963.0,38025.0,64516.0,102541.0,195.0,254.0,320.22023671217283,0.6089558923637736,0.9160527185444944,127.51404541591498
346.0,965.0,533.0,965.0,346.0,965.0,34969.0,64516.0,99485.0,187.0,254.0,315.41242841714404,0.5928745450470516,0.9361726005176382,126.3612610945525
351.0,964.0,536.0,964.0,351.0,964.0,34225.0,66049.0,100274.0,185.0,257.0,316.6607016982057,0.5842215311463396,0.946875785350328,125.74801377629095
355.0,961.0,540.0,961.0,355.0,961.0,34225.0,68121.0,102346.0,185.0,261.0,319.9156138734088,0.5782774956185941,0.9541805457493048,125.32948183507527
362.0,962.0,540.0,962.0,362.0,962.0,31684.0,69169.0,100853.0,178.0,263.0,317.57361351346555,0.5604999673326215,0.9758069373732928,124.09038086892369
371.0,962.0,545.0,962.0,371.0,962.0,30276.0,68121.0,98397.0,174.0,261.0,313.68296096536704,0.5547001962252291,0.982793723247329,123.69006752597979
379.0,960.0,548.0,960.0,379.0,960.0,28561.0,70225.0,98786.0,169.0,265.0,314.30240215435833,0.5376987221274934,1.003091023685818,122.52711787534534
387.0,957.0,547.0,957.0,387.0,957.0,25600.0,70225.0,95825.0,160.0,265.0,309.5561338432821,0.5168690990339174,1.0276067505070687,121.122470196792
395.0,956.0,551.0,956.0,395.0,956.0,24336.0,75076.0,99412.0,156.0,274.0,315.2966856787429,0.49477208954536567,1.0532237753723441,119.65472278833002
397.0,956.0,553.0,956.0,397.0,956.0,24336.0,75076.0,99412.0,156.0,274.0,315.2966856787429,0.49477208954536567,1.0532237753723441,119.65472278833002
404.0,954.0,548.0,954.0,404.0,954.0,20736.0,75625.0,96361.0,144.0,275.0,310.42068230064825,0.46388661648689145,1.088418919799848,117.63818955328068
411.0,955.0,551.0,955.0,411.0,955.0,19600.0,76176.0,95776.0,140.0,276.0,309.4769781421552,0.4523761374446806,1.1013684353504287,116.89623696549337
421.0,951.0,553.0,951.0,421.0,951.0,17424.0,80089.0,97513.0,132.0,283.0,312.27071588607214,0.4227101463083028,1.1343626279965466,115.00580897842924
430.0,951.0,559.0,951.0,430.0,951.0,16641.0,83521.0,100162.0,129.0,289.0,316.48380685273617,0.4076037926958623,1.150967892078866,114.05439742881217
441.0,950.0,562.0,950.0,441.0,950.0,14641.0,83521.0,98162.0,121.0,289.0,313.3081550167502,0.3862012464805809,1.1742865738744055,112.7183353781192
449.0,947.0,562.0,947.0,449.0,947.0,12769.0,84681.0,97450.0,113.0,291.0,312.1698255757593,0.361982455516273,1.2004026328988704,111.22199541850281
454.0,949.0,568.0,949.0,454.0,949.0,12996.0,85264.0,98260.0,114.0,292.0,313.4645115479582,0.3636775322253941,1.1985835983813986,111.32621841914258
463.0,946.0,568.0,946.0,463.0,946.0,11025.0,86436.0,97461.0,105.0,294.0,312.18744369368864,0.3363363969981562,1.2277723863741932,109.6538240580533
468.0,943.0,573.0,943.0,468.0,943.0,11025.0,90000.0,101025.0,105.0,300.0,317.8443015062564,0.33035042472810605,1.2341215074081695,109.29004621918872
476.0,943.0,569.0,943.0,476.0,943.0,8649.0,89401.0,98050.0,93.0,299.0,313.12936623702353,0.29700184660931345,1.2692450449793224,107.27761575479249
483.0,943.0,568.0,943.0,483.0,943.0,7225.0,91204.0,98429.0,85.0,302.0,313.73396373360663,0.2709301823380972,1.2964371027367507,105.71962560901588
488.0,943.0,569.0,943.0,488.0,943.0,6561.0,90601.0,97162.0,81.0,301.0,311.7081968765018,0.25985842147132254,1.307920742021551,105.06166154454618
493.0,941.0,565.0,941.0,493.0,941.0,5184.0,91809.0,96993.0,72.0,303.0,311.4369920224635,0.2311864095926239,1.3374993752582693,103.36693069631684
498.0,939.0,566.0,939.0,498.0,939.0,4624.0,95481.0,100105.0,68.0,309.0,316.39374203672236,0.2149220764047462,1.3541842858020936,102.41095574060239
503.0,934.0,568.0,934.0,503.0,934.0,4225.0,95481.0,99706.0,65.0,309.0,315.7625690293262,0.20585087143106937,1.3634632058875251,101.879312781268
508.0,932.0,568.0,932.0,508.0,932.0,3600.0,96721.0,100321.0,60.0,311.0,316.7349049283959,0.1894328634653139,1.3802118071319032,100.91968861721757
517.0,932.0,568.0,932.0,517.0,932.0,2601.0,96721.0,99322.0,51.0,311.0,315.15393064342385,0.16182568275724024,1.408255885510596,99.31288128578439
522.0,931.0,568.0,931.0,522.0,931.0,2116.0,100489.0,102605.0,46.0,317.0,320.3201523476161,0.1436063253056902,1.4266917702577424,98.2565828981833
522.0,928.0,569.0,928.0,522.0,928.0,2209.0,102400.0,104609.0,47.0,320.0,323.43314610596116,0.14531596580581185,1.4249640061037216,98.35557649220267
527.0,932.0,570.0,932.0,527.0,932.0,1849.0,99856.0,101705.0,43.0,316.0,318.912213626258,0.13483334335508668,1.435551058784091,97.74898305613485
532.0,932.0,569.0,932.0,532.0,932.0,1369.0,102400.0,103769.0,37.0,320.0,322.1319605379137,0.11485976100668609,1.4556825015983172,96.59553634737071
537.0,930.0,570.0,930.0,537.0,930.0,1089.0,103684.0,104773.0,33.0,322.0,323.6865767992241,0.10195047420971429,1.4686684108939418,95.85149855159172
537.0,929.0,565.0,929.0,537.0,929.0,784.0,104329.0,105113.0,28.0,323.0,324.211350819184,0.08636341673187095,1.4843251891813567,94.95443123495077
542.0,929.0,565.0,929.0,542.0,929.0,529.0,103684.0,104213.0,23.0,322.0,322.8203834952186,0.07124704998790964,1.4994888620096063,94.08561677997487
547.0,927.0,566.0,927.0,547.0,927.0,361.0,104976.0,105337.0,19.0,324.0,324.5566206380637,0.0585414032308041,1.5122214340572973,93.35609413929593
552.0,927.0,566.0,927.0,552.0,927.0,196.0,104976.0,105172.0,14.0,324.0,324.3023280829171,0.04316959450386833,1.527613312457767,92.47420446817044
557.0,926.0,566.0,926.0,557.0,926.0,81.0,108241.0,108322.0,9.0,329.0,329.1230772826482,0.027345393323090723,1.5434475243112729,91.56697095704854
562.0,925.0,566.0,925.0,562.0,925.0,16.0,108900.0,108916.0,4.0,330.0,330.0242415338607,0.01212032177214957,1.5586757082528064,90.69446028754977
562.0,928.0,567.0,928.0,562.0,928.0,25.0,107584.0,107609.0,5.0,328.0,328.03810754240124,0.015242131584830324,1.55555360496648,90.8733436290602
562.0,927.0,567.0,927.0,562.0,927.0,25.0,108241.0,108266.0,5.0,329.0,329.0379917273992,0.015195813631583283,1.5555999282846789,90.87068949843437
567.0,927.0,567.0,927.0,567.0,927.0,0.0,108241.0,108241.0,0.0,329.0,329.0,nan,nan,nan
568.0,927.0,568.0,927.0,568.0,927.0,0.0,108241.0,108241.0,0.0,329.0,329.0,nan,nan,nan
568.0,927.0,568.0,927.0,568.0,927.0,0.0,108241.0,108241.0,0.0,329.0,329.0,nan,nan,nan
573.0,927.0,568.0,927.0,573.0,927.0,25.0,108241.0,108266.0,5.0,329.0,329.0379917273992,0.015195813631583283,1.5555999282846789,89.12931050156563
573.0,926.0,568.0,926.0,573.0,926.0,25.0,108900.0,108925.0,5.0,330.0,330.037876614185,0.015149776296267386,1.555645970920127,89.13194855025446
578.0,927.0,568.0,927.0,578.0,927.0,100.0,108241.0,108341.0,10.0,329.0,329.1519405988669,0.030381106007777933,1.540410545159256,88.25902295507167
579.0,926.0,569.0,926.0,579.0,926.0,100.0,108900.0,109000.0,10.0,330.0,330.15148038438355,0.030289126640769132,1.5405025668761214,88.26429541107161
579.0,931.0,569.0,931.0,579.0,931.0,100.0,105625.0,105725.0,10.0,325.0,325.1538097577822,0.030754675786973953,1.5400368007244274,88.23760897633949
579.0,930.0,569.0,930.0,579.0,930.0,100.0,106276.0,106376.0,10.0,326.0,326.15333817086713,0.03066042511194885,1.540131095867948,88.2430116900918
585.0,930.0,570.0,930.0,585.0,930.0,225.0,106276.0,106501.0,15.0,326.0,326.3449095665505,0.04596364018646075,1.5248164869744067,87.36554923559838
585.0,930.0,570.0,930.0,585.0,930.0,225.0,105625.0,105850.0,15.0,325.0,325.3459696999488,0.04610476660840087,1.5246752107803854,87.35745470593528
585.0,930.0,575.0,930.0,585.0,930.0,100.0,105625.0,105725.0,10.0,325.0,325.1538097577822,0.030754675786973953,1.5400368007244274,88.23760897633949
585.0,930.0,571.0,930.0,585.0,930.0,196.0,105625.0,105821.0,14.0,325.0,325.3013987058771,0.043037011386041324,1.5277460189103134,87.53339905147462
590.0,930.0,575.0,930.0,590.0,930.0,225.0,105625.0,105850.0,15.0,325.0,325.3459696999488,0.04610476660840087,1.5246752107803854,87.35745470593528
590.0,930.0,576.0,930.0,590.0,930.0,196.0,105625.0,105821.0,14.0,325.0,325.3013987058771,0.043037011386041324,1.5277460189103134,87.53339905147462
591.0,930.0,576.0,930.0,591.0,930.0,225.0,106276.0,106501.0,15.0,326.0,326.3449095665505,0.04596364018646075,1.5248164869744067,87.36554923559838
590.0,930.0,576.0,930.0,590.0,930.0,196.0,105625.0,105821.0,14.0,325.0,325.3013987058771,0.043037011386041324,1.5277460189103134,87.53339905147462
595.0,930.0,576.0,930.0,595.0,930.0,361.0,105625.0,105986.0,19.0,325.0,325.55491088294156,0.05836189031358754,1.5124012544242749,86.65420880880238
595.0,930.0,576.0,930.0,595.0,930.0,361.0,106276.0,106637.0,19.0,326.0,326.553211590393,0.05818347309299275,1.5125799753449483,86.66444876326766
595.0,930.0,576.0,930.0,595.0,930.0,361.0,106276.0,106637.0,19.0,326.0,326.553211590393,0.05818347309299275,1.5125799753449483,86.66444876326766
595.0,929.0,576.0,929.0,595.0,929.0,361.0,106929.0,107290.0,19.0,327.0,327.55152266475574,0.058006141584773595,1.5127576068605206,86.67462629941846
595.0,929.0,576.0,929.0,595.0,929.0,361.0,106929.0,107290.0,19.0,327.0,327.55152266475574,0.058006141584773595,1.5127576068605206,86.67462629941846
595.0,929.0,575.0,929.0,595.0,929.0,400.0,106276.0,106676.0,20.0,326.0,326.6129207487052,0.061234564615978336,1.5095234292079862,86.48932156973271
595.0,929.0,575.0,929.0,595.0,929.0,400.0,106276.0,106676.0,20.0,326.0,326.6129207487052,0.061234564615978336,1.5095234292079862,86.48932156973271
594.0,929.0,575.0,929.0,594.0,929.0,361.0,106276.0,106637.0,19.0,326.0,326.553211590393,0.05818347309299275,1.5125799753449483,86.66444876326766
594.0,929.0,575.0,929.0,594.0,929.0,361.0,106276.0,106637.0,19.0,326.0,326.553211590393,0.05818347309299275,1.5125799753449483,86.66444876326766
594.0,929.0,575.0,929.0,594.0,929.0,361.0,106276.0,106637.0,19.0,326.0,326.553211590393,0.05818347309299275,1.5125799753449483,86.66444876326766
594.0,929.0,570.0,929.0,594.0,929.0,576.0,106929.0,107505.0,24.0,327.0,327.8795510549568,0.07319761150940851,1.4975331930556572,85.80233164283908
594.0,929.0,570.0,929.0,594.0,929.0,576.0,106929.0,107505.0,24.0,327.0,327.8795510549568,0.07319761150940851,1.4975331930556572,85.80233164283908
594.0,929.0,570.0,929.0,594.0,929.0,576.0,106929.0,107505.0,24.0,327.0,327.8795510549568,0.07319761150940851,1.4975331930556572,85.80233164283908
594.0,929.0,569.0,929.0,594.0,929.0,625.0,106276.0,106901.0,25.0,326.0,326.95718374123544,0.07646261114050278,1.4942590121100723,85.61473489329491
594.0,929.0,570.0,929.0,594.0,929.0,576.0,106276.0,106852.0,24.0,326.0,326.88224179358537,0.07342093552807666,1.4973092665073091,85.7895015966978
594.0,929.0,575.0,929.0,594.0,929.0,361.0,106929.0,107290.0,19.0,327.0,327.55152266475574,0.058006141584773595,1.5127576068605206,86.67462629941846
594.0,929.0,575.0,929.0,594.0,929.0,361.0,106929.0,107290.0,19.0,327.0,327.55152266475574,0.058006141584773595,1.5127576068605206,86.67462629941846
589.0,929.0,575.0,929.0,589.0,929.0,196.0,106929.0,107125.0,14.0,327.0,327.29955698106284,0.04277427115738511,1.528009001312606,87.54846683321219
589.0,929.0,575.0,929.0,589.0,929.0,196.0,106276.0,106472.0,14.0,326.0,326.3004750226392,0.042905239408642167,1.527877912716192,87.54095600989538
589.0,929.0,575.0,929.0,589.0,929.0,196.0,106276.0,106472.0,14.0,326.0,326.3004750226392,0.042905239408642167,1.527877912716192,87.54095600989538
589.0,929.0,575.0,929.0,589.0,929.0,196.0,106276.0,106472.0,14.0,326.0,326.3004750226392,0.042905239408642167,1.527877912716192,87.54095600989538
590.0,929.0,575.0,929.0,590.0,929.0,225.0,106276.0,106501.0,15.0,326.0,326.3449095665505,0.04596364018646075,1.5248164869744067,87.36554923559838
590.0,928.0,575.0,928.0,590.0,928.0,225.0,107584.0,107809.0,15.0,328.0,328.34280866192273,0.045683960800386246,1.5250964604629338,87.38159053486653
588.0,941.0,583.0,941.0,588.0,941.0,25.0,96100.0,96125.0,5.0,310.0,310.0403199585499,0.016126934718260075,1.5546686929512603,89.07595464722729
588.0,940.0,583.0,940.0,588.0,940.0,25.0,96721.0,96746.0,5.0,311.0,311.0401903291599,0.016075093044113444,1.5547205413465062,89.0789253414494
588.0,939.0,588.0,939.0,588.0,939.0,0.0,97344.0,97344.0,0.0,312.0,312.0,nan,nan,nan
588.0,940.0,588.0,940.0,588.0,940.0,0.0,97344.0,97344.0,0.0,312.0,312.0,nan,nan,nan
588.0,941.0,583.0,941.0,588.0,941.0,25.0,96721.0,96746.0,5.0,311.0,311.0401903291599,0.016075093044113444,1.5547205413465062,89.0789253414494
588.0,941.0,579.0,941.0,588.0,941.0,81.0,97344.0,97425.0,9.0,312.0,312.1297807002722,0.028834159879932764,1.5419581699237777,88.34769532234868
583.0,941.0,583.0,941.0,583.0,941.0,0.0,94249.0,94249.0,0.0,307.0,307.0,nan,nan,nan
583.0,941.0,583.0,941.0,583.0,941.0,0.0,94249.0,94249.0,0.0,307.0,307.0,nan,nan,nan
583.0,940.0,578.0,940.0,583.0,940.0,25.0,94864.0,94889.0,5.0,308.0,308.0405817420815,0.01623162757232564,1.554563986391777,89.06995540328157
582.0,940.0,582.0,940.0,582.0,940.0,0.0,94864.0,94864.0,0.0,308.0,308.0,nan,nan,nan
586.0,940.0,582.0,940.0,586.0,940.0,16.0,94249.0,94265.0,4.0,307.0,307.02605752606735,0.013028210153336543,1.5577677480578056,89.2535174253108
586.0,940.0,577.0,940.0,586.0,940.0,81.0,97344.0,97425.0,9.0,312.0,312.1297807002722,0.028834159879932764,1.5419581699237777,88.34769532234868
582.0,939.0,582.0,939.0,582.0,939.0,0.0,97969.0,97969.0,0.0,313.0,313.0,nan,nan,nan
582.0,939.0,578.0,939.0,582.0,939.0,16.0,97969.0,97985.0,4.0,313.0,313.0255580619576,0.012778509284562234,1.5580174697170095,89.26782542243619
582.0,939.0,577.0,939.0,582.0,939.0,25.0,97969.0,97994.0,5.0,313.0,313.0399335548102,0.01597240308359748,1.5548232444929695,89.08480979828447
578.0,939.0,583.0,939.0,578.0,939.0,25.0,97969.0,97994.0,5.0,313.0,313.0399335548102,0.01597240308359748,1.5548232444929695,90.91519020171553
579.0,939.0,584.0,939.0,579.0,939.0,25.0,98596.0,98621.0,5.0,314.0,314.0398063940302,0.0159215484731462,1.554874105570977,90.91227607660421
580.0,939.0,580.0,939.0,580.0,939.0,0.0,98596.0,98596.0,0.0,314.0,314.0,nan,nan,nan
576.0,938.0,576.0,938.0,576.0,938.0,0.0,99856.0,99856.0,0.0,316.0,316.0,nan,nan,nan
578.0,942.0,573.0,942.0,578.0,942.0,25.0,97344.0,97369.0,5.0,312.0,312.04006153056696,0.016023583559991728,1.5547720574658543,89.08187699766495
578.0,941.0,573.0,941.0,578.0,941.0,25.0,98596.0,98621.0,5.0,314.0,314.0398063940302,0.0159215484731462,1.554874105570977,89.08772392339579
578.0,941.0,573.0,941.0,578.0,941.0,25.0,95481.0,95506.0,5.0,309.0,309.04045042680093,0.01617911180589706,1.5546165090552582,89.07296473022782
578.0,937.0,573.0,937.0,578.0,937.0,25.0,101124.0,101149.0,5.0,318.0,318.0393057469469,0.01572132723738974,1.555074351871253,89.09919719126471
578.0,937.0,573.0,937.0,578.0,937.0,25.0,101124.0,101149.0,5.0,318.0,318.0393057469469,0.01572132723738974,1.555074351871253,89.09919719126471
578.0,937.0,573.0,937.0,578.0,937.0,25.0,101124.0,101149.0,5.0,318.0,318.0393057469469,0.01572132723738974,1.555074351871253,89.09919719126471
578.0,937.0,573.0,937.0,578.0,937.0,25.0,101124.0,101149.0,5.0,318.0,318.0393057469469,0.01572132723738974,1.555074351871253,89.09919719126471
573.0,937.0,577.0,937.0,573.0,937.0,16.0,97969.0,97985.0,4.0,313.0,313.0255580619576,0.012778509284562234,1.5580174697170095,90.73217457756381
567.0,938.0,577.0,938.0,567.0,938.0,100.0,97344.0,97444.0,10.0,312.0,312.1602152741441,0.032034831828962704,1.5387560132474296,91.83577474054569
567.0,934.0,581.0,934.0,567.0,934.0,196.0,99856.0,100052.0,14.0,316.0,316.30997455028194,0.04426038103889924,1.5265214821253905,92.53676173815998
558.0,934.0,582.0,934.0,558.0,934.0,576.0,99856.0,100432.0,24.0,316.0,316.9100818844361,0.07573126060644482,1.4949924894337574,94.34323995168938
552.0,935.0,581.0,935.0,552.0,935.0,841.0,99856.0,100697.0,29.0,316.0,317.3279061160553,0.09138811759402568,1.4792805196890442,95.24346950589869
547.0,934.0,576.0,934.0,547.0,934.0,841.0,99856.0,100697.0,29.0,316.0,317.3279061160553,0.09138811759402568,1.4792805196890442,95.24346950589869
537.0,934.0,571.0,934.0,537.0,934.0,1156.0,100489.0,101645.0,34.0,317.0,318.8181299738144,0.10664387248865845,1.4639492707646222,96.12188536393255
532.0,938.0,571.0,938.0,532.0,938.0,1521.0,97969.0,99490.0,39.0,313.0,315.4203544478384,0.12364452531375712,1.4468345685629032,97.10248556771431
522.0,938.0,570.0,938.0,522.0,938.0,2304.0,97969.0,100273.0,48.0,313.0,316.6591227171578,0.15158255851947755,1.418627190439554,98.71864928531187
516.0,939.0,564.0,939.0,516.0,939.0,2304.0,97344.0,99648.0,48.0,312.0,315.67071451118176,0.1520571842539411,1.4181469983996315,98.7461622625552
506.0,941.0,563.0,941.0,506.0,941.0,3249.0,96100.0,99349.0,57.0,310.0,315.19676394277906,0.18083942007205314,1.3889564505003231,100.41865745886004
497.0,945.0,563.0,945.0,497.0,945.0,4356.0,93636.0,97992.0,66.0,306.0,313.03673905789395,0.2108378722530513,1.3583643062861543,102.17145820858748
486.0,942.0,563.0,942.0,486.0,942.0,5929.0,96100.0,102029.0,77.0,310.0,319.41978648793815,0.24106208587334224,1.327336265386002,103.9492339987255
482.0,947.0,558.0,947.0,482.0,947.0,5776.0,93025.0,98801.0,76.0,305.0,314.3262636179166,0.24178698631553994,1.3265892684531728,103.99203377028583
472.0,945.0,558.0,945.0,472.0,945.0,7396.0,91809.0,99205.0,86.0,303.0,314.96825236839345,0.27304339200324423,1.2942411056190837,105.84544697568109
461.0,946.0,552.0,946.0,461.0,946.0,8281.0,91204.0,99485.0,91.0,302.0,315.41242841714404,0.2885111422421481,1.278124835070543,106.76884125960346
446.0,947.0,552.0,947.0,446.0,947.0,11236.0,91204.0,102440.0,106.0,302.0,320.0624938976762,0.33118532168248416,1.2332368128586808,109.34073548303266
435.0,946.0,551.0,946.0,435.0,946.0,13456.0,88804.0,102260.0,116.0,298.0,319.7811751807789,0.36274805711881825,1.199581203796663,111.26905983922852
427.0,946.0,545.0,946.0,427.0,946.0,13924.0,89401.0,103325.0,118.0,299.0,321.4420632089086,0.3670957024790827,1.194911522786374,111.53661285279047
411.0,950.0,543.0,950.0,411.0,950.0,17424.0,88209.0,105633.0,132.0,297.0,325.0123074592715,0.40613846605344756,1.1525719972156676,113.96248897457818
401.0,950.0,542.0,950.0,401.0,950.0,19881.0,87616.0,107497.0,141.0,296.0,327.8673512260713,0.4300519691049615,1.126245986550988,115.47085827708071
386.0,951.0,540.0,951.0,386.0,951.0,23716.0,84100.0,107816.0,154.0,290.0,328.3534680797509,0.46900677157640464,1.0826304712151396,117.96984322711295
376.0,952.0,540.0,952.0,376.0,952.0,26896.0,83521.0,110417.0,164.0,289.0,332.29053552576545,0.49354399980279795,1.0546363925485962,119.5737857860631
367.0,954.0,533.0,954.0,367.0,954.0,27556.0,76729.0,104285.0,166.0,277.0,322.9318813619987,0.5140402963618141,1.0309078939199519,120.93332861166638
355.0,950.0,530.0,950.0,355.0,950.0,30625.0,76176.0,106801.0,175.0,276.0,326.80422273893583,0.5354887967276878,1.005709914646367,122.37706647630091
347.0,950.0,526.0,950.0,347.0,950.0,32041.0,75625.0,107666.0,179.0,275.0,328.1249761904753,0.545523849108308,0.9937822919300626,123.06046891756952
344.0,945.0,521.0,945.0,344.0,945.0,31329.0,72900.0,104229.0,177.0,270.0,322.84516412670644,0.5482504298268911,0.9905255279353652,123.24706774933586
338.0,941.0,515.0,941.0,338.0,941.0,31329.0,75076.0,106405.0,177.0,274.0,326.1977927577071,0.5426155661680762,0.9972484987466012,122.86186989606239
334.0,935.0,511.0,935.0,334.0,935.0,31329.0,75625.0,106954.0,177.0,275.0,327.0382240656281,0.5412211386167529,0.9989076803810354,122.76680579096369
328.0,928.0,506.0,928.0,328.0,928.0,31684.0,73984.0,105668.0,178.0,272.0,325.0661471147065,0.5475808587880697,0.9913259394047071,123.20120755026869
322.0,922.0,506.0,922.0,322.0,922.0,33856.0,69696.0,103552.0,184.0,264.0,321.79496577790025,0.5717926616881727,0.9621070194674848,124.8753283446022
314.0,913.0,502.0,913.0,314.0,913.0,35344.0,71289.0,106633.0,188.0,267.0,326.54708695684303,0.5757209526871278,0.9573107106054288,125.15013659963918
313.0,909.0,498.0,909.0,313.0,909.0,34225.0,67600.0,101825.0,185.0,260.0,319.100297712177,0.5797550216229094,0.9523683324223773,125.43331401028559
308.0,899.0,496.0,899.0,308.0,899.0,35344.0,69696.0,105040.0,188.0,264.0,324.09875038327436,0.5800701168322124,0.9519815600572116,125.45547443444187
305.0,888.0,494.0,888.0,305.0,888.0,35721.0,70756.0,106477.0,189.0,266.0,326.3081365825866,0.5792071321891946,0.953040601228664,125.39479584498706
302.0,879.0,491.0,879.0,302.0,879.0,35721.0,69169.0,104890.0,189.0,263.0,323.86725675807367,0.5835724237513197,0.947675348345431,125.7022021912167
299.0,873.0,485.0,873.0,299.0,873.0,34596.0,68121.0,102717.0,186.0,261.0,320.4949297570868,0.5803523947819557,0.9516349796644342,125.47533202821
297.0,859.0,484.0,859.0,297.0,859.0,34969.0,71289.0,106258.0,187.0,267.0,325.9723914689709,0.5736682151433073,0.9598190429839876,125.00641974073176
296.0,847.0,484.0,847.0,296.0,847.0,35344.0,73984.0,109328.0,188.0,272.0,330.64784892692103,0.5685807441667382,0.9660167739817158,124.65131591200452
295.0,838.0,479.0,838.0,295.0,838.0,33856.0,75076.0,108932.0,184.0,274.0,330.0484812872194,0.557493854485811,0.9794323913689655,123.88265765615279
291.0,828.0,468.0,828.0,291.0,828.0,31329.0,74529.0,105858.0,177.0,273.0,325.35826407208407,0.5440156883821617,0.9955807500596179,122.95742485711502
290.0,814.0,468.0,814.0,290.0,814.0,31684.0,75625.0,107309.0,178.0,275.0,327.5805244516224,0.5433778467080002,0.9963407352765459,122.9138809116927
287.0,808.0,463.0,808.0,287.0,808.0,30976.0,75076.0,106052.0,176.0,274.0,325.65626049563366,0.5404471565574578,0.9998278506345585,122.71408391900333
282.0,795.0,462.0,795.0,282.0,795.0,32400.0,78400.0,110800.0,180.0,280.0,332.86633954186476,0.5407575913134987,0.9994588469612699,122.7352262721076
282.0,786.0,456.0,786.0,282.0,786.0,30276.0,76729.0,107005.0,174.0,277.0,327.11618730964693,0.5319210933309524,1.0099287068516856,122.13534748829346
282.0,772.0,453.0,772.0,282.0,772.0,29241.0,81796.0,111037.0,171.0,286.0,333.2221481234403,0.5131711711331205,1.0319208294147162,120.87529168289738
282.0,758.0,447.0,758.0,282.0,758.0,27225.0,84681.0,111906.0,165.0,291.0,334.5235417724738,0.4932388289498165,1.0549872413183745,119.55368363230744
279.0,744.0,446.0,744.0,279.0,744.0,27889.0,90601.0,118490.0,167.0,301.0,344.223764432382,0.4851495371778866,1.06426215642843,119.02227014115914
282.0,733.0,443.0,733.0,282.0,733.0,25921.0,91809.0,117730.0,161.0,303.0,343.1180554852805,0.4692262544222386,1.082381944627911,117.98408275165792
280.0,722.0,434.0,722.0,280.0,722.0,23716.0,94249.0,117965.0,154.0,307.0,343.4603324985289,0.4483778341438006,1.1058466351966163,116.6396550144907
279.0,709.0,433.0,709.0,279.0,709.0,23716.0,97969.0,121685.0,154.0,313.0,348.8337713008877,0.4414710176302477,1.1135588864044021,116.19777556973989
275.0,698.0,427.0,698.0,275.0,698.0,23104.0,103041.0,126145.0,152.0,321.0,355.1689738701848,0.42796530998666676,1.1285560264100924,115.33850274264704
275.0,683.0,424.0,683.0,275.0,683.0,22201.0,107584.0,129785.0,149.0,328.0,360.25685281476603,0.41359379796894974,1.1443985602892952,114.43079241457569
274.0,675.0,425.0,675.0,274.0,675.0,22801.0,106929.0,129730.0,151.0,327.0,360.18051030004386,0.4192342330633363,1.1381946400381138,114.78625086140413
278.0,663.0,418.0,663.0,278.0,663.0,19600.0,113569.0,133169.0,140.0,337.0,364.9232796081938,0.38364228270203377,1.1770591696053807,112.55947734443833
278.0,658.0,413.0,658.0,278.0,658.0,18225.0,115600.0,133825.0,135.0,340.0,365.8209944768069,0.3690329479123403,1.1928280152986233,111.65598903842249
278.0,643.0,406.0,643.0,278.0,643.0,16384.0,125316.0,141700.0,128.0,354.0,376.4306044943742,0.3400361141515872,1.2238410270713127,109.87907435385786
283.0,635.0,398.0,635.0,283.0,635.0,13225.0,124609.0,137834.0,115.0,353.0,371.2600166998865,0.30975595223592833,1.2558599769785435,108.04452365973273
276.0,628.0,398.0,628.0,276.0,628.0,14884.0,129600.0,144484.0,122.0,360.0,380.11051024669126,0.32095929134088436,1.2440541333242146,108.72094867471708
282.0,621.0,397.0,621.0,282.0,621.0,13225.0,124609.0,137834.0,115.0,353.0,371.2600166998865,0.30975595223592833,1.2558599769785435,108.04452365973273
278.0,615.0,393.0,615.0,278.0,615.0,13225.0,128164.0,141389.0,115.0,358.0,376.01728683665596,0.30583700278108933,1.2599788943653387,107.80852707730631
276.0,609.0,387.0,609.0,276.0,609.0,12321.0,129600.0,141921.0,111.0,360.0,376.7240369288904,0.2946453879207928,1.271711915181939,107.13627450357598
282.0,598.0,381.0,598.0,282.0,598.0,9801.0,140625.0,150426.0,99.0,375.0,387.8479083352133,0.2552546961641346,1.3126852104117348,104.78867761416517
281.0,594.0,374.0,594.0,281.0,594.0,8649.0,137641.0,146290.0,93.0,371.0,382.4787575800779,0.2431507584588642,1.325183548344021,104.0725755997169
279.0,590.0,374.0,590.0,279.0,590.0,9025.0,143641.0,152666.0,95.0,379.0,390.72496720839325,0.2431377771396209,1.325196931283449,104.07180881377019
279.0,585.0,366.0,585.0,279.0,585.0,7569.0,147456.0,155025.0,87.0,384.0,393.7321424522006,0.22096240215024324,1.347995173035502,102.76556578105863
285.0,586.0,365.0,586.0,285.0,586.0,6400.0,145161.0,151561.0,80.0,381.0,389.30836107127215,0.2054926325750145,1.3638292708355026,101.8583388047212
284.0,581.0,365.0,581.0,284.0,581.0,6561.0,148225.0,154786.0,81.0,385.0,393.4285195559671,0.20588238008626966,1.3634310075457508,101.88115761035898
291.0,579.0,358.0,579.0,291.0,579.0,4489.0,148225.0,152714.0,67.0,385.0,390.7863866615622,0.1714491658022491,1.398495899206519,99.87208730911348
289.0,580.0,356.0,580.0,289.0,580.0,4489.0,146689.0,151178.0,67.0,383.0,388.8161519278745,0.1723179442721004,1.3976139955758373,99.92261666508881
288.0,579.0,354.0,579.0,288.0,579.0,4356.0,146689.0,151045.0,66.0,383.0,388.6450823051798,0.16982075164448918,1.4001485508356977,99.77739734575613
290.0,577.0,342.0,577.0,290.0,577.0,2704.0,153664.0,156368.0,52.0,392.0,395.43393885704853,0.1315011052169659,1.4389132435965237,97.55634405643946
296.0,577.0,341.0,577.0,296.0,577.0,2025.0,152881.0,154906.0,45.0,391.0,393.58099547615353,0.11433478881661724,1.4562109552305538,96.5652581845752
298.0,578.0,344.0,578.0,298.0,578.0,2116.0,146689.0,148805.0,46.0,383.0,385.75251133336775,0.11924744142558998,1.4512644459740804,96.84867228829351
296.0,573.0,335.0,573.0,296.0,573.0,1521.0,156816.0,158337.0,39.0,396.0,397.91582024342785,0.09801067968632529,1.4726280482716654,95.6246280414459
304.0,574.0,337.0,574.0,304.0,574.0,1089.0,157609.0,158698.0,33.0,397.0,398.36917551437136,0.08283773451445042,1.4878635585265334,94.75169760511369
304.0,573.0,336.0,573.0,304.0,573.0,1024.0,157609.0,158633.0,32.0,397.0,398.2875845416224,0.08034395557880086,1.490365680428098,94.60833658032678
301.0,578.0,333.0,578.0,301.0,578.0,1024.0,151321.0,152345.0,32.0,389.0,390.31397617815327,0.08198527839903447,1.4887189242923657,94.70268875679152
300.0,577.0,325.0,577.0,300.0,577.0,625.0,154449.0,155074.0,25.0,393.0,393.7943625802685,0.06348491084583305,1.5072686941898477,93.63986523072698
305.0,575.0,324.0,575.0,305.0,575.0,361.0,155236.0,155597.0,19.0,394.0,394.45785579704204,0.048167376364221665,1.52261030546725,92.76085565360152
305.0,574.0,324.0,574.0,305.0,574.0,361.0,156025.0,156386.0,19.0,395.0,395.4566980087706,0.04804571548710653,1.5227321073654752,92.75387691889654
304.0,578.0,324.0,578.0,304.0,578.0,400.0,156816.0,157216.0,20.0,396.0,396.50472884948044,0.05044076033603201,1.5203341527780407,92.89126959622057
304.0,578.0,323.0,578.0,304.0,578.0,361.0,157609.0,157970.0,19.0,397.0,397.4543999001647,0.047804226106875534,1.5229738745516843,92.740024679502
302.0,575.0,315.0,575.0,302.0,575.0,169.0,157609.0,157778.0,13.0,397.0,397.2127893207871,0.032728049925656505,1.5380624314111333,91.8755140525124
309.0,578.0,315.0,578.0,309.0,578.0,36.0,154449.0,154485.0,6.0,393.0,393.04579885809744,0.015265396596100494,1.5555303372481168,90.87467677112132
308.0,579.0,308.0,579.0,308.0,579.0,0.0,158404.0,158404.0,0.0,398.0,398.0,nan,nan,nan
308.0,578.0,308.0,578.0,308.0,578.0,0.0,160000.0,160000.0,0.0,400.0,400.0,nan,nan,nan
309.0,579.0,309.0,579.0,309.0,579.0,0.0,161604.0,161604.0,0.0,402.0,402.0,nan,nan,nan
315.0,576.0,302.0,576.0,315.0,576.0,169.0,158404.0,158573.0,13.0,398.0,398.2122549595881,0.03264590639311008,1.5381446188615566,88.1291949415258
315.0,576.0,302.0,576.0,315.0,576.0,169.0,158404.0,158573.0,13.0,398.0,398.2122549595881,0.03264590639311008,1.5381446188615566,88.1291949415258
314.0,581.0,301.0,581.0,314.0,581.0,169.0,157609.0,157778.0,13.0,397.0,397.2127893207871,0.032728049925656505,1.5380624314111333,88.1244859474876
314.0,583.0,301.0,583.0,314.0,583.0,169.0,156025.0,156194.0,13.0,395.0,395.2138661535043,0.03289358272401984,1.5378968094384338,88.11499650745728
319.0,581.0,300.0,581.0,319.0,581.0,361.0,157609.0,157970.0,19.0,397.0,397.4543999001647,0.047804226106875534,1.5229738745516843,87.259975320498
319.0,581.0,299.0,581.0,319.0,581.0,400.0,158404.0,158804.0,20.0,398.0,398.5021957279533,0.050187929237041046,1.5205873045117855,87.12323492969944
318.0,584.0,299.0,584.0,318.0,584.0,361.0,156025.0,156386.0,19.0,395.0,395.4566980087706,0.04804571548710653,1.5227321073654752,87.24612308110346
324.0,579.0,299.0,579.0,324.0,579.0,625.0,160000.0,160625.0,25.0,400.0,400.7804885470349,0.06237828615518054,1.5083775167989393,86.42366562500266
324.0,582.0,292.0,582.0,324.0,582.0,1024.0,157609.0,158633.0,32.0,397.0,398.2875845416224,0.08034395557880086,1.490365680428098,85.39166341967322
324.0,582.0,292.0,582.0,324.0,582.0,1024.0,158404.0,159428.0,32.0,398.0,399.28435982392296,0.08014338456460306,1.4905669003209994,85.40319247029053
324.0,584.0,292.0,584.0,324.0,584.0,1024.0,152100.0,153124.0,32.0,390.0,391.31061830724707,0.08177646734562777,1.4889284388702053,85.30931554426516
323.0,585.0,291.0,585.0,323.0,585.0,1024.0,151321.0,152345.0,32.0,389.0,390.31397617815327,0.08198527839903447,1.4887189242923657,85.29731124320848
323.0,585.0,291.0,585.0,323.0,585.0,1024.0,151321.0,152345.0,32.0,389.0,390.31397617815327,0.08198527839903447,1.4887189242923657,85.29731124320848
329.0,587.0,291.0,587.0,329.0,587.0,1444.0,149769.0,151213.0,38.0,387.0,388.8611577414232,0.09772125408644813,1.4729188699316196,84.39203481226046
329.0,587.0,291.0,587.0,329.0,587.0,1444.0,149769.0,151213.0,38.0,387.0,388.8611577414232,0.09772125408644813,1.4729188699316196,84.39203481226046
329.0,588.0,291.0,588.0,329.0,588.0,1444.0,153664.0,155108.0,38.0,392.0,393.83752995365995,0.09648648772622352,1.4741594992739535,84.46311763751628
329.0,588.0,291.0,588.0,329.0,588.0,1444.0,153664.0,155108.0,38.0,392.0,393.83752995365995,0.09648648772622352,1.4741594992739535,84.46311763751628
329.0,582.0,291.0,582.0,329.0,582.0,1444.0,152881.0,154325.0,38.0,391.0,392.84220750830735,0.09673095017214112,1.4739138879652598,84.44904514612745
329.0,582.0,291.0,582.0,329.0,582.0,1444.0,152881.0,154325.0,38.0,391.0,392.84220750830735,0.09673095017214112,1.4739138879652598,84.44904514612745
329.0,583.0,291.0,583.0,329.0,583.0,1444.0,157609.0,159053.0,38.0,397.0,398.8144932170846,0.09528239481335915,1.4753691658344545,84.5324264260511
329.0,589.0,291.0,589.0,329.0,589.0,1444.0,147456.0,148900.0,38.0,384.0,385.87562763149475,0.0984773260577354,1.4721591334531559,84.34850511850236
328.0,582.0,291.0,582.0,328.0,582.0,1369.0,152881.0,154250.0,37.0,391.0,392.7467377331096,0.0942082936539712,1.476448120680623,84.59424598502174
328.0,588.0,290.0,588.0,328.0,588.0,1444.0,148996.0,150440.0,38.0,386.0,387.86595622714816,0.09797199107040434,1.472666923985987,84.37759937291028
328.0,588.0,291.0,588.0,328.0,588.0,1369.0,148996.0,150365.0,37.0,386.0,387.76926128820475,0.09541756836806155,1.4752333735845002,84.52464610323813
328.0,582.0,291.0,582.0,328.0,582.0,1369.0,153664.0,155033.0,37.0,392.0,393.7423015120423,0.09397009124473864,1.4766873845194106,84.60795479317437
328.0,588.0,290.0,588.0,328.0,588.0,1444.0,148996.0,150440.0,38.0,386.0,387.86595622714816,0.09797199107040434,1.472666923985987,84.37759937291028
328.0,588.0,290.0,588.0,328.0,588.0,1444.0,148996.0,150440.0,38.0,386.0,387.86595622714816,0.09797199107040434,1.472666923985987,84.37759937291028
328.0,588.0,290.0,588.0,328.0,588.0,1444.0,148996.0,150440.0,38.0,386.0,387.86595622714816,0.09797199107040434,1.472666923985987,84.37759937291028
328.0,588.0,290.0,588.0,328.0,588.0,1444.0,148996.0,150440.0,38.0,386.0,387.86595622714816,0.09797199107040434,1.472666923985987,84.37759937291028
328.0,587.0,290.0,587.0,328.0,587.0,1444.0,154449.0,155893.0,38.0,393.0,394.83287603744446,0.09624325203455505,1.4744038722594428,84.47711917821182
328.0,587.0,290.0,587.0,328.0,587.0,1444.0,154449.0,155893.0,38.0,393.0,394.83287603744446,0.09624325203455505,1.4744038722594428,84.47711917821182
322.0,585.0,290.0,585.0,322.0,585.0,1024.0,156025.0,157049.0,32.0,395.0,396.2940827214053,0.08074811458261413,1.4899602039837936,85.3684313307226
322.0,585.0,290.0,585.0,322.0,585.0,1024.0,156025.0,157049.0,32.0,395.0,396.2940827214053,0.08074811458261413,1.4899602039837936,85.3684313307226
322.0,585.0,290.0,585.0,322.0,585.0,1024.0,156025.0,157049.0,32.0,395.0,396.2940827214053,0.08074811458261413,1.4899602039837936,85.3684313307226
322.0,585.0,290.0,585.0,322.0,585.0,1024.0,156025.0,157049.0,32.0,395.0,396.2940827214053,0.08074811458261413,1.4899602039837936,85.3684313307226
322.0,585.0,290.0,585.0,322.0,585.0,1024.0,156025.0,157049.0,32.0,395.0,396.2940827214053,0.08074811458261413,1.4899602039837936,85.3684313307226
322.0,585.0,290.0,585.0,322.0,585.0,1024.0,156025.0,157049.0,32.0,395.0,396.2940827214053,0.08074811458261413,1.4899602039837936,85.3684313307226
322.0,585.0,290.0,585.0,322.0,585.0,1024.0,156025.0,157049.0,32.0,395.0,396.2940827214053,0.08074811458261413,1.4899602039837936,85.3684313307226
322.0,584.0,290.0,584.0,322.0,584.0,1024.0,156816.0,157840.0,32.0,396.0,397.290825466685,0.08054552974489307,1.4901634508497228,85.3800765183396
322.0,586.0,290.0,586.0,322.0,586.0,1024.0,156025.0,157049.0,32.0,395.0,396.2940827214053,0.08074811458261413,1.4899602039837936,85.3684313307226
322.0,584.0,290.0,584.0,322.0,584.0,1024.0,156816.0,157840.0,32.0,396.0,397.290825466685,0.08054552974489307,1.4901634508497228,85.3800765183396
322.0,583.0,290.0,583.0,322.0,583.0,1024.0,157609.0,158633.0,32.0,397.0,398.2875845416224,0.08034395557880086,1.490365680428098,85.39166341967322
322.0,583.0,290.0,583.0,322.0,583.0,1024.0,157609.0,158633.0,32.0,397.0,398.2875845416224,0.08034395557880086,1.490365680428098,85.39166341967322
316.0,583.0,290.0,583.0,316.0,583.0,676.0,157609.0,158285.0,26.0,397.0,397.85047442475167,0.06535118510941368,1.5053985353320416,86.25298255970172
316.0,583.0,290.0,583.0,316.0,583.0,676.0,156816.0,157492.0,26.0,396.0,396.8526174790838,0.0655155058952593,1.5052338616407859,86.24354745219593
316.0,583.0,290.0,583.0,316.0,583.0,676.0,156816.0,157492.0,26.0,396.0,396.8526174790838,0.0655155058952593,1.5052338616407859,86.24354745219593
316.0,582.0,290.0,582.0,316.0,582.0,676.0,157609.0,158285.0,26.0,397.0,397.85047442475167,0.06535118510941368,1.5053985353320416,86.25298255970172
316.0,581.0,290.0,581.0,316.0,581.0,676.0,158404.0,159080.0,26.0,398.0,398.84834210511644,0.06518768477956391,1.5055623850425779,86.26237045658989
316.0,581.0,290.0,581.0,316.0,581.0,676.0,158404.0,159080.0,26.0,398.0,398.84834210511644,0.06518768477956391,1.5055623850425779,86.26237045658989
316.0,583.0,290.0,583.0,316.0,583.0,676.0,156816.0,157492.0,26.0,396.0,396.8526174790838,0.0655155058952593,1.5052338616407859,86.24354745219593
316.0,581.0,290.0,581.0,316.0,581.0,676.0,158404.0,159080.0,26.0,398.0,398.84834210511644,0.06518768477956391,1.5055623850425779,86.26237045658989
316.0,580.0,290.0,580.0,316.0,580.0,676.0,153664.0,154340.0,26.0,392.0,392.8612986793176,0.06618111808774302,1.5045668016786646,86.20532773168422
316.0,586.0,290.0,586.0,316.0,586.0,676.0,148996.0,149672.0,26.0,386.0,386.87465670420954,0.0672052292633856,1.503540405218296,86.14651954639793
316.0,586.0,290.0,586.0,316.0,586.0,676.0,148996.0,149672.0,26.0,386.0,386.87465670420954,0.0672052292633856,1.503540405218296,86.14651954639793
316.0,587.0,290.0,587.0,316.0,587.0,676.0,148225.0,148901.0,26.0,385.0,385.87692338360944,0.06737899683664883,1.503366242873956,86.13654077911715
316.0,587.0,290.0,587.0,316.0,587.0,676.0,148225.0,148901.0,26.0,385.0,385.87692338360944,0.06737899683664883,1.503366242873956,86.13654077911715
316.0,586.0,291.0,586.0,316.0,586.0,625.0,154449.0,155074.0,25.0,393.0,393.7943625802685,0.06348491084583305,1.5072686941898477,86.36013476927302
316.0,583.0,291.0,583.0,316.0,583.0,625.0,152100.0,152725.0,25.0,390.0,390.80046059338264,0.06397126544334303,1.5067813489605526,86.33221194446858
316.0,581.0,291.0,581.0,316.0,581.0,625.0,158404.0,159029.0,25.0,398.0,398.78440290462714,0.06269051602296234,1.5080646746380206,86.40574108952826
316.0,587.0,291.0,587.0,316.0,587.0,625.0,153664.0,154289.0,25.0,392.0,392.7963849120814,0.06364620694153202,1.5071070712382098,86.35087445627173
316.0,585.0,291.0,585.0,316.0,585.0,625.0,155236.0,155861.0,25.0,394.0,394.7923504831369,0.06332442857468143,1.5074295000186377,86.36934826458379
316.0,585.0,291.0,585.0,316.0,585.0,625.0,155236.0,155861.0,25.0,394.0,394.7923504831369,0.06332442857468143,1.5074295000186377,86.36934826458379
316.0,584.0,291.0,584.0,316.0,584.0,625.0,156025.0,156650.0,25.0,395.0,395.790348543266,0.06316475399669104,1.5075894948974364,86.37851529588266
317.0,584.0,291.0,584.0,317.0,584.0,676.0,156025.0,156701.0,26.0,395.0,395.8547713492917,0.06568065331479431,1.50506835774659,86.23406477756552
317.0,583.0,291.0,583.0,317.0,583.0,676.0,156816.0,157492.0,26.0,396.0,396.8526174790838,0.0655155058952593,1.5052338616407859,86.24354745219593
317.0,583.0,291.0,583.0,317.0,583.0,676.0,156816.0,157492.0,26.0,396.0,396.8526174790838,0.0655155058952593,1.5052338616407859,86.24354745219593
317.0,583.0,291.0,583.0,317.0,583.0,676.0,156816.0,157492.0,26.0,396.0,396.8526174790838,0.0655155058952593,1.5052338616407859,86.24354745219593
317.0,581.0,297.0,581.0,317.0,581.0,400.0,158404.0,158804.0,20.0,398.0,398.5021957279533,0.050187929237041046,1.5205873045117855,87.12323492969944
317.0,582.0,298.0,582.0,317.0,582.0,361.0,157609.0,157970.0,19.0,397.0,397.4543999001647,0.047804226106875534,1.5229738745516843,87.259975320498
317.0,581.0,298.0,581.0,317.0,581.0,361.0,158404.0,158765.0,19.0,398.0,398.45325949225213,0.04768438843796045,1.5230938490407435,87.26684935237033
318.0,582.0,298.0,582.0,318.0,582.0,400.0,158404.0,158804.0,20.0,398.0,398.5021957279533,0.050187929237041046,1.5205873045117855,87.12323492969944
318.0,582.0,298.0,582.0,318.0,582.0,400.0,157609.0,158009.0,20.0,397.0,397.50345910444605,0.05031402756861268,1.5204610466686879,87.1160008881595
318.0,581.0,298.0,581.0,318.0,581.0,400.0,158404.0,158804.0,20.0,398.0,398.5021957279533,0.050187929237041046,1.5205873045117855,87.12323492969944
318.0,580.0,298.0,580.0,318.0,580.0,400.0,160000.0,160400.0,20.0,400.0,400.4996878900157,0.04993761694389224,1.5208379310729538,87.13759477388825
319.0,581.0,299.0,581.0,319.0,581.0,400.0,159201.0,159601.0,20.0,399.0,399.50093867223893,0.05006246059513899,1.520712931073605,87.13043280148642
319.0,579.0,306.0,579.0,319.0,579.0,169.0,160000.0,160169.0,13.0,400.0,400.21119424623794,0.03248284952269848,1.5383077622568804,88.13854236953328
312.0,582.0,305.0,582.0,312.0,582.0,49.0,157609.0,157658.0,7.0,397.0,397.06170805052454,0.01762950155623991,1.5531659119047148,88.98985163572797
312.0,583.0,306.0,583.0,312.0,583.0,36.0,152100.0,152136.0,6.0,390.0,390.0461511154802,0.015382795043203982,1.5554129250143014,89.11859600341786
312.0,578.0,306.0,578.0,312.0,578.0,36.0,161604.0,161640.0,6.0,402.0,402.0447736260229,0.014923710973497512,1.5558720618048116,89.14490260373329
312.0,577.0,306.0,577.0,312.0,577.0,36.0,162409.0,162445.0,6.0,403.0,403.0446625375406,0.014886687649513645,1.5559090892421257,89.14702411961756
306.0,579.0,306.0,579.0,306.0,579.0,0.0,160801.0,160801.0,0.0,401.0,401.0,nan,nan,nan
306.0,581.0,306.0,581.0,306.0,581.0,0.0,160000.0,160000.0,0.0,400.0,400.0,nan,nan,nan
306.0,582.0,312.0,582.0,306.0,582.0,36.0,159201.0,159237.0,6.0,399.0,399.0451102319135,0.015035894053464213,1.5557598661360352,90.86152573456725
313.0,576.0,313.0,576.0,313.0,576.0,0.0,164836.0,164836.0,0.0,406.0,406.0,nan,nan,nan
307.0,584.0,313.0,584.0,307.0,584.0,36.0,158404.0,158440.0,6.0,398.0,398.0452235613436,0.015073664108609325,1.5557220917999373,90.86369004459958
307.0,582.0,313.0,582.0,307.0,582.0,36.0,160000.0,160036.0,6.0,400.0,400.04499746903474,0.014998312784712243,1.555797451643046,90.85937224364469
307.0,582.0,320.0,582.0,307.0,582.0,169.0,160801.0,160970.0,13.0,401.0,401.21066785418355,0.03240193006215063,1.5383887243353114,91.85681884507201
308.0,579.0,321.0,579.0,308.0,579.0,169.0,162409.0,162578.0,13.0,403.0,403.20962290104137,0.03224129401095805,1.5385494443596428,91.84761026599459
308.0,581.0,320.0,581.0,308.0,581.0,144.0,161604.0,161748.0,12.0,402.0,402.17906459685344,0.02983745564187651,1.5409544421277872,91.70981404414152
303.0,583.0,322.0,583.0,303.0,583.0,361.0,156816.0,157177.0,19.0,396.0,396.4555460578147,0.047924666936628633,1.5228532955190588,92.74693334916921
303.0,577.0,322.0,577.0,303.0,577.0,361.0,162409.0,162770.0,19.0,403.0,403.44764220404113,0.04709409106024932,1.5236848103728382,92.69929105744521
303.0,577.0,322.0,577.0,303.0,577.0,361.0,166464.0,166825.0,19.0,408.0,408.4421623681865,0.0465182142064771,1.5242613190931418,92.66625954091933
303.0,579.0,322.0,579.0,303.0,579.0,361.0,165649.0,166010.0,19.0,407.0,407.4432475817951,0.04663226133398053,1.5241471480654376,92.67280105894945
303.0,580.0,322.0,580.0,303.0,580.0,361.0,166464.0,166825.0,19.0,408.0,408.4421623681865,0.0465182142064771,1.5242613190931418,92.66625954091933
303.0,582.0,329.0,582.0,303.0,582.0,676.0,160801.0,161477.0,26.0,401.0,401.84200875468457,0.0647020456636041,1.5060490515876324,93.70974560434827
304.0,582.0,330.0,582.0,304.0,582.0,676.0,162409.0,163085.0,26.0,403.0,403.83783874223576,0.06438227799796503,1.5063694873693432,93.69138598645127
305.0,583.0,330.0,583.0,305.0,583.0,625.0,162409.0,163034.0,25.0,403.0,403.77468964758054,0.06191571844639471,1.5088409803838614,93.54977986762331
299.0,582.0,331.0,582.0,299.0,582.0,1024.0,164025.0,165049.0,32.0,405.0,406.2622305851234,0.07876685940977499,1.4919477913514967,94.51768830169449
299.0,585.0,337.0,585.0,299.0,585.0,1444.0,162409.0,163853.0,38.0,403.0,404.78759862426614,0.09387639376588841,1.4767814980325784,95.38665289972597
299.0,583.0,337.0,583.0,299.0,583.0,1444.0,170569.0,172013.0,38.0,413.0,414.7444996621414,0.09162267379303526,1.4790449752818815,95.25696520631702
300.0,585.0,344.0,585.0,300.0,585.0,1936.0,164836.0,166772.0,44.0,406.0,408.3772765470674,0.10774350711193106,1.4628432634428208,96.18525491558235
301.0,582.0,346.0,582.0,301.0,582.0,2025.0,166464.0,168489.0,45.0,408.0,410.47411611452435,0.1096293243188196,1.460946207947766,96.29394818895108
296.0,587.0,348.0,587.0,296.0,587.0,2704.0,157609.0,160313.0,52.0,397.0,400.39105884122836,0.12987303000844522,1.4405554026984333,97.46225527061105
296.0,582.0,348.0,582.0,296.0,582.0,2704.0,162409.0,165113.0,52.0,403.0,406.3409898102824,0.1279713376301968,1.4424730991091017,97.35237935989237
296.0,587.0,354.0,587.0,296.0,587.0,3364.0,158404.0,161768.0,58.0,398.0,402.20392837464925,0.1442054537716338,1.4260863400881458,98.29127149169106
297.0,586.0,356.0,586.0,297.0,586.0,3481.0,155236.0,158717.0,59.0,394.0,398.39302202724383,0.1480949633599891,1.4221546105319205,98.51654300144962
291.0,587.0,356.0,587.0,291.0,587.0,4225.0,155236.0,159461.0,65.0,394.0,399.3256816184003,0.1627744044324068,1.407294416109052,99.36796942462384
291.0,586.0,357.0,586.0,291.0,586.0,4356.0,156025.0,160381.0,66.0,395.0,400.47596681948346,0.16480389703322654,1.4052371403721304,99.4858426416441
292.0,592.0,357.0,592.0,292.0,592.0,4225.0,152100.0,156325.0,65.0,390.0,395.37956446938426,0.1643989873053573,1.4056476493802699,99.46232220802561
292.0,590.0,363.0,590.0,292.0,590.0,5041.0,154449.0,159490.0,71.0,393.0,399.3619911809335,0.17778356871180812,1.3920626473630016,100.24068548829179
290.0,593.0,367.0,593.0,290.0,593.0,5929.0,147456.0,153385.0,77.0,384.0,391.64397097363826,0.1966071373665622,1.3729000158601805,101.33862339776788
289.0,601.0,366.0,601.0,289.0,601.0,5929.0,147456.0,153385.0,77.0,384.0,391.64397097363826,0.1966071373665622,1.3729000158601805,101.33862339776788
283.0,602.0,373.0,602.0,283.0,602.0,8100.0,142884.0,150984.0,90.0,378.0,388.56659660861226,0.23162052730603971,1.3370531459259951,103.3924977537511
283.0,604.0,373.0,604.0,283.0,604.0,8100.0,142129.0,150229.0,90.0,377.0,387.5938596004844,0.23220182098026074,1.336455560243574,103.42673689125128
283.0,614.0,384.0,614.0,283.0,614.0,10201.0,135424.0,145625.0,101.0,368.0,381.6084380618437,0.26466919996048904,1.3029354534746775,105.34729753793694
284.0,615.0,390.0,615.0,284.0,615.0,11236.0,136161.0,147397.0,106.0,369.0,383.92316939721155,0.2760969080517543,1.2910655417543038,106.02739338270723
278.0,616.0,395.0,616.0,278.0,616.0,13689.0,131769.0,145458.0,117.0,363.0,381.3895646186455,0.30677294518267495,1.2589956927910595,107.86486037792312
273.0,629.0,394.0,629.0,273.0,629.0,14641.0,128164.0,142805.0,121.0,358.0,377.89548819746443,0.3201943494407983,1.2448616963961796,108.67467871900287
273.0,637.0,399.0,637.0,273.0,637.0,15876.0,120409.0,136285.0,126.0,347.0,369.16798344385177,0.341308037670509,1.2224881789983482,109.95658683876113
275.0,640.0,404.0,640.0,275.0,640.0,16641.0,123904.0,140545.0,129.0,352.0,374.8933181586463,0.34409789065755003,1.2195184916344384,110.1267373911865
275.0,649.0,409.0,649.0,275.0,649.0,17956.0,114244.0,132200.0,134.0,338.0,363.59317925395686,0.36854376717118165,1.1933542914698694,111.62583563495178
276.0,657.0,413.0,657.0,276.0,657.0,18769.0,106929.0,125698.0,137.0,327.0,354.53913747286066,0.3864171413529405,1.1740525083403293,112.73174634535125
271.0,663.0,423.0,663.0,271.0,663.0,23104.0,105625.0,128729.0,152.0,325.0,358.7882383802457,0.4236482240505041,1.133327274605754,115.06513035802621
273.0,670.0,421.0,670.0,273.0,670.0,21904.0,101761.0,123665.0,148.0,319.0,351.66034749456753,0.42086064310189625,1.1364024565170256,114.88893541327538
275.0,680.0,431.0,680.0,275.0,680.0,24336.0,100489.0,124825.0,156.0,317.0,353.30581653859025,0.4415438203887048,1.1134777472102924,116.20242450311548
277.0,691.0,432.0,691.0,277.0,691.0,24025.0,86436.0,110461.0,155.0,294.0,332.3567360532956,0.46636635634532386,1.0856177252267967,117.79868617991147
278.0,699.0,441.0,699.0,278.0,699.0,26569.0,85264.0,111833.0,163.0,292.0,334.41441356496586,0.48741918227257985,1.0616647145445581,119.17109259863551
275.0,709.0,444.0,709.0,275.0,709.0,28561.0,84100.0,112661.0,169.0,290.0,335.65011544761904,0.5035004971609308,1.0431507867702865,120.2318625223113
275.0,718.0,442.0,718.0,275.0,718.0,27889.0,80656.0,108545.0,167.0,284.0,329.46168214224855,0.506887474482984,1.0392261530405702,120.45672747115874
277.0,725.0,446.0,725.0,277.0,725.0,28561.0,78961.0,107522.0,169.0,281.0,327.9054741842533,0.5153924325918305,1.029330801801219,121.02368933397311
274.0,734.0,450.0,734.0,274.0,734.0,30976.0,75625.0,106601.0,176.0,275.0,326.49808575242827,0.5390536964233672,1.0014831356942349,122.61924307119281
277.0,745.0,451.0,745.0,277.0,745.0,30276.0,73441.0,103717.0,174.0,271.0,322.051238159396,0.5402866978386851,1.000018548395362,122.70315774214669
275.0,756.0,455.0,756.0,275.0,756.0,32400.0,70756.0,103156.0,180.0,266.0,321.1790777743781,0.5604350110452911,0.9758853702835812,124.08588699418922
277.0,762.0,450.0,762.0,277.0,762.0,29929.0,71824.0,101753.0,173.0,268.0,318.9874605685935,0.5423410678640107,0.9975752552917265,122.84314812509842
277.0,775.0,463.0,775.0,277.0,775.0,34596.0,67600.0,102196.0,186.0,260.0,319.6810910892291,0.5818298460076384,0.9498195682130267,125.57934744245537
281.0,781.0,467.0,781.0,281.0,781.0,34596.0,66564.0,101160.0,186.0,258.0,318.0565987367657,0.5848015753760224,0.946160904023283,125.78897345918332
285.0,790.0,470.0,790.0,285.0,790.0,34225.0,64009.0,98234.0,185.0,253.0,313.4230368048909,0.5902565487397929,0.9394197036244044,126.17521579089097
284.0,797.0,476.0,797.0,284.0,797.0,36864.0,62500.0,99364.0,192.0,250.0,315.220557705236,0.6090973298116551,0.9158743947896977,127.52426261445177
286.0,807.0,476.0,807.0,286.0,807.0,36100.0,61009.0,97109.0,190.0,247.0,311.62316987027776,0.6097107608496924,0.9151007005533603,127.5685920288275
286.0,815.0,481.0,815.0,286.0,815.0,38025.0,61009.0,99034.0,195.0,247.0,314.6966793596653,0.6196442885790207,0.9025069079643127,128.29016319224306
287.0,825.0,484.0,825.0,287.0,825.0,38809.0,57600.0,96409.0,197.0,240.0,310.49798711102784,0.6344646605697858,0.8834805946946144,129.38029064229053
286.0,830.0,481.0,830.0,286.0,830.0,38025.0,56169.0,94194.0,195.0,237.0,306.91041038061906,0.6353645670023644,0.8823157911918114,129.4470289669632
288.0,839.0,485.0,839.0,288.0,839.0,38809.0,55225.0,94034.0,197.0,235.0,306.64963720832935,0.6424269788591453,0.8731353031795716,129.97303218393498
289.0,847.0,485.0,847.0,289.0,847.0,38416.0,54289.0,92705.0,196.0,233.0,304.4749579193665,0.6437311013666559,0.871432347678196,130.07060434686238
289.0,852.0,490.0,852.0,289.0,852.0,40401.0,56644.0,97045.0,201.0,238.0,311.52046481732145,0.6452224579141801,0.8694819020756103,130.1823566480604
294.0,860.0,489.0,860.0,294.0,860.0,38025.0,55696.0,93721.0,195.0,236.0,306.13885738337757,0.6369658581295402,0.8802403766934506,129.56594145845952
293.0,867.0,496.0,867.0,293.0,867.0,41209.0,55225.0,96434.0,203.0,235.0,310.5382424114621,0.6537037062605182,0.858327949926234,130.82143103111054
294.0,873.0,495.0,873.0,294.0,873.0,40401.0,53824.0,94225.0,201.0,232.0,306.9609095634166,0.6548065038179541,0.8568697509450923,130.90497967842023
298.0,882.0,500.0,882.0,298.0,882.0,40804.0,51984.0,92788.0,202.0,228.0,304.6112276328632,0.6631403627822388,0.8457897534655509,131.53981677101353
299.0,885.0,500.0,885.0,299.0,885.0,40401.0,53361.0,93762.0,201.0,231.0,306.2058131388103,0.6564212414507035,0.854731297085657,131.02750405924934
300.0,895.0,503.0,895.0,300.0,895.0,41209.0,51984.0,93193.0,203.0,228.0,305.2752856030111,0.6649735814643938,0.8433378818329823,131.68029866746758
302.0,901.0,502.0,901.0,302.0,901.0,40000.0,52900.0,92900.0,200.0,230.0,304.7950130825634,0.6561787149247867,0.8550527371260164,131.00908690157024
303.0,908.0,503.0,908.0,303.0,908.0,40000.0,50625.0,90625.0,200.0,225.0,301.0398644698074,0.6643638388299197,0.8441539861131712,131.63353933657018
305.0,914.0,505.0,914.0,305.0,914.0,40000.0,52900.0,92900.0,200.0,230.0,304.7950130825634,0.6561787149247867,0.8550527371260164,131.00908690157024
306.0,919.0,506.0,919.0,306.0,919.0,40000.0,54756.0,94756.0,200.0,234.0,307.8246253956951,0.6497205990031134,0.8635794970038353,130.52053954764972
309.0,921.0,508.0,921.0,309.0,921.0,39601.0,56644.0,96245.0,199.0,238.0,310.2337828154761,0.6414517406647592,0.8744072060392655,129.9001575181239
311.0,925.0,510.0,925.0,311.0,925.0,39601.0,58564.0,98165.0,199.0,242.0,313.31294259892934,0.6351477163672077,0.8825965761343589,129.4309411748044
314.0,930.0,511.0,930.0,314.0,930.0,38809.0,59536.0,98345.0,197.0,244.0,313.6000637755037,0.6281886477581395,0.8915733428712315,128.91661032710817
315.0,932.0,511.0,932.0,315.0,932.0,38416.0,61009.0,99425.0,196.0,247.0,315.3173005085512,0.6215960864941015,0.9000177214376079,128.43278307464408
323.0,937.0,519.0,937.0,323.0,937.0,38416.0,60025.0,98441.0,196.0,245.0,313.7530876342096,0.6246950475544243,0.8960553845713439,128.65980825409008
326.0,942.0,522.0,942.0,326.0,942.0,38416.0,60025.0,98441.0,196.0,245.0,313.7530876342096,0.6246950475544243,0.8960553845713439,128.65980825409008
327.0,946.0,526.0,946.0,327.0,946.0,39601.0,57600.0,97201.0,199.0,240.0,311.7707491090208,0.6382895142302563,0.8785221113196738,129.6643908124604
330.0,947.0,524.0,947.0,330.0,947.0,37636.0,61009.0,98645.0,194.0,247.0,314.0780157858872,0.6176809271880187,0.9050059163094457,128.14698056109896
338.0,948.0,528.0,948.0,338.0,948.0,36100.0,61009.0,97109.0,190.0,247.0,311.62316987027776,0.6097107608496924,0.9151007005533603,127.5685920288275
341.0,952.0,528.0,952.0,341.0,952.0,34969.0,61504.0,96473.0,187.0,248.0,310.60103026229643,0.6020585309780917,0.9247195636843751,127.01747176770635
343.0,951.0,531.0,951.0,343.0,951.0,35344.0,64009.0,99353.0,188.0,253.0,315.2031091217217,0.596440817236356,0.9317368131592784,126.615412989004
348.0,952.0,534.0,952.0,348.0,952.0,34596.0,65536.0,100132.0,186.0,256.0,316.4364075134213,0.5877958274826863,0.942464724360887,126.00074895416071
351.0,951.0,532.0,951.0,351.0,951.0,32761.0,67600.0,100361.0,181.0,260.0,316.79804292324786,0.5713419133837633,0.9626563406081824,124.8438545616429
357.0,950.0,534.0,950.0,357.0,950.0,31329.0,69696.0,101025.0,177.0,264.0,317.8443015062564,0.5568764302559502,0.9801759281800116,123.84005613496724
366.0,950.0,542.0,950.0,366.0,950.0,30976.0,71824.0,102800.0,176.0,268.0,320.62439083762797,0.5489289181655888,0.9897140279975695,123.29356327084668
372.0,949.0,544.0,949.0,372.0,949.0,29584.0,72361.0,101945.0,172.0,269.0,319.2882710028666,0.5386981471626177,1.0019052101653196,122.59505998535944
382.0,948.0,543.0,948.0,382.0,948.0,25921.0,71824.0,97745.0,161.0,268.0,312.64196775225173,0.5149660525664999,1.0298282802271654,120.99518591976758
387.0,950.0,545.0,950.0,387.0,950.0,24964.0,74529.0,99493.0,158.0,273.0,315.42510997065534,0.5009112940142878,1.0461449594759156,120.0603090631455
396.0,949.0,545.0,949.0,396.0,949.0,22201.0,76729.0,98930.0,149.0,277.0,314.5313974788527,0.4737205925841407,1.0772856210700512,118.2760805825564
405.0,948.0,546.0,948.0,405.0,948.0,19881.0,80089.0,99970.0,141.0,283.0,316.1803282938393,0.44594804730850596,1.1085631440078567,116.48401052459651
409.0,950.0,546.0,950.0,409.0,950.0,18769.0,80089.0,98858.0,137.0,283.0,314.416920664267,0.4357271857715571,1.1199502943994073,115.83157486647993
420.0,946.0,554.0,946.0,420.0,946.0,17956.0,83521.0,101477.0,134.0,289.0,318.5545479191908,0.4206500923477395,1.1366345517075949,114.87563733841047
430.0,946.0,556.0,946.0,430.0,946.0,15876.0,84681.0,100557.0,126.0,291.0,317.1072373819305,0.39734192458131445,1.1621778496877477,113.41211416930268
440.0,948.0,557.0,948.0,440.0,948.0,13689.0,82369.0,96058.0,117.0,287.0,309.932250661334,0.3775018564552259,1.1836992721927595,112.17902749064764
445.0,946.0,559.0,946.0,445.0,946.0,12996.0,82944.0,95940.0,114.0,288.0,309.7418279793674,0.3680484510073783,1.1938870564700756,111.59531044896768
454.0,944.0,560.0,944.0,454.0,944.0,11236.0,88804.0,100040.0,106.0,298.0,316.29100524675056,0.3351344117968369,1.229048438425104,109.58071166109711
463.0,942.0,560.0,942.0,463.0,942.0,9409.0,90000.0,99409.0,97.0,300.0,315.2919282189127,0.30765139008776404,1.2580726084537854,107.91774921458357
467.0,942.0,561.0,942.0,467.0,942.0,8836.0,88804.0,97640.0,94.0,298.0,312.47399891831,0.30082502968374786,1.2652386889157763,107.50716304846033
478.0,944.0,571.0,944.0,478.0,944.0,8649.0,89401.0,98050.0,93.0,299.0,313.12936623702353,0.29700184660931345,1.2692450449793224,107.27761575479249
482.0,940.0,571.0,940.0,482.0,940.0,7921.0,91204.0,99125.0,89.0,302.0,314.8412298286233,0.2826821634779064,1.2842071543532827,106.42035003505144
486.0,935.0,573.0,935.0,486.0,935.0,7569.0,93636.0,101205.0,87.0,306.0,318.1273329973393,0.2734754011241393,1.29379200385287,105.871178611457
492.0,938.0,570.0,938.0,492.0,938.0,6084.0,91809.0,97893.0,78.0,303.0,312.8785706947665,0.24929799387281817,1.3188410326762603,104.4359749789752
497.0,934.0,571.0,934.0,497.0,934.0,5476.0,93636.0,99112.0,74.0,306.0,314.8205838251368,0.23505451613387005,1.3335216714955325,103.59483633407497
506.0,931.0,567.0,931.0,506.0,931.0,3721.0,95481.0,99202.0,61.0,309.0,314.9634899476446,0.19367324133390776,1.3758914218197653,101.16722846147339
512.0,928.0,568.0,928.0,512.0,928.0,3136.0,97344.0,100480.0,56.0,312.0,316.9858040985432,0.17666406279377406,1.3932001595114087,100.1755108430432
516.0,927.0,564.0,927.0,516.0,927.0,2304.0,100489.0,102793.0,48.0,317.0,320.6134744517142,0.14971298409115683,1.4205183479978443,98.61029393882757
521.0,930.0,564.0,930.0,521.0,930.0,1849.0,98596.0,100445.0,43.0,314.0,316.93059177050105,0.13567639450576482,1.4347001888262791,97.79773431363193
526.0,929.0,564.0,929.0,526.0,929.0,1444.0,99225.0,100669.0,38.0,315.0,317.28378464711994,0.1197665996144847,1.4507415403000072,96.87863257650135
531.0,930.0,564.0,930.0,531.0,930.0,1089.0,98596.0,99685.0,33.0,314.0,315.729314445143,0.10451991148808466,1.4660851705565126,95.99950732039437
535.0,925.0,564.0,925.0,535.0,925.0,841.0,104329.0,105170.0,29.0,323.0,324.29924452579286,0.0894235817366929,1.4812531337140078,95.13044704765996
541.0,928.0,565.0,928.0,541.0,928.0,576.0,102400.0,102976.0,24.0,320.0,320.8987379221053,0.07478994824163422,1.4959364790841299,94.28915332881901
541.0,927.0,565.0,927.0,541.0,927.0,576.0,102400.0,102976.0,24.0,320.0,320.8987379221053,0.07478994824163422,1.4959364790841299,94.28915332881901
551.0,925.0,565.0,925.0,551.0,925.0,196.0,103684.0,103880.0,14.0,322.0,322.3042041301975,0.04343722427630693,1.5273454314033659,92.48955292199915
556.0,926.0,565.0,926.0,556.0,926.0,81.0,103041.0,103122.0,9.0,321.0,321.1261434389919,0.02802636964906545,1.5427662868350502,91.60600298928225
557.0,929.0,566.0,929.0,557.0,929.0,81.0,101124.0,101205.0,9.0,318.0,318.1273329973393,0.02829055873697993,1.5425019929463928,91.62114591365341
562.0,927.0,567.0,927.0,562.0,927.0,25.0,104976.0,105001.0,5.0,324.0,324.0385779502188,0.015430261518948331,1.5553654529042018,90.88412394813543
562.0,928.0,567.0,928.0,562.0,928.0,25.0,104976.0,105001.0,5.0,324.0,324.0385779502188,0.015430261518948331,1.5553654529042018,90.88412394813543
567.0,927.0,567.0,927.0,567.0,927.0,0.0,102400.0,102400.0,0.0,320.0,320.0,nan,nan,nan
568.0,927.0,568.0,927.0,568.0,927.0,0.0,104976.0,104976.0,0.0,324.0,324.0,nan,nan,nan
568.0,926.0,568.0,926.0,568.0,926.0,0.0,105625.0,105625.0,0.0,325.0,325.0,nan,nan,nan
573.0,926.0,568.0,926.0,573.0,926.0,25.0,105625.0,105650.0,5.0,325.0,325.0384592629002,0.015382795043203982,1.5554129250143014,89.11859600341786
573.0,930.0,569.0,930.0,573.0,930.0,16.0,103041.0,103057.0,4.0,321.0,321.024921150991,0.012460091838535607,1.558335912520882,89.2860708511144
578.0,930.0,569.0,930.0,578.0,930.0,81.0,103041.0,103122.0,9.0,321.0,321.1261434389919,0.02802636964906545,1.5427662868350502,88.39399701071775
579.0,930.0,569.0,930.0,579.0,930.0,100.0,106276.0,106376.0,10.0,326.0,326.15333817086713,0.03066042511194885,1.540131095867948,88.2430116900918
579.0,930.0,570.0,930.0,579.0,930.0,81.0,106276.0,106357.0,9.0,326.0,326.1242094662707,0.027596847270950065,1.5431959754275861,88.41861635357498
585.0,929.0,565.0,929.0,585.0,929.0,400.0,106929.0,107329.0,20.0,327.0,327.61104987469514,0.06104800191461677,1.5097103415999702,86.50003086093209
585.0,930.0,566.0,930.0,585.0,930.0,361.0,106276.0,106637.0,19.0,326.0,326.553211590393,0.05818347309299275,1.5125799753449483,86.66444876326766
585.0,934.0,566.0,934.0,585.0,934.0,361.0,103684.0,104045.0,19.0,322.0,322.56007192459515,0.05890375670687979,1.5118584541995175,86.62310864680502
586.0,934.0,566.0,934.0,586.0,934.0,400.0,103684.0,104084.0,20.0,322.0,322.6205201161265,0.06199233698092436,1.5087642143821391,86.44582176446791
591.0,934.0,566.0,934.0,591.0,934.0,625.0,103684.0,104309.0,25.0,322.0,322.96903876377996,0.0774068006508978,1.4933120157928796,85.56047600110534
591.0,933.0,567.0,933.0,591.0,933.0,576.0,107584.0,108160.0,24.0,328.0,328.87687665751145,0.072975638311578,1.4977557614917774,85.8150838748816
591.0,934.0,571.0,934.0,591.0,934.0,400.0,103684.0,104084.0,20.0,322.0,322.6205201161265,0.06199233698092436,1.5087642143821391,86.44582176446791
591.0,934.0,571.0,934.0,591.0,934.0,400.0,103684.0,104084.0,20.0,322.0,322.6205201161265,0.06199233698092436,1.5087642143821391,86.44582176446791
591.0,934.0,571.0,934.0,591.0,934.0,400.0,104329.0,104729.0,20.0,323.0,323.6186026791414,0.061801144416377775,1.508955774251834,86.45679733652551
596.0,934.0,571.0,934.0,596.0,934.0,625.0,106929.0,107554.0,25.0,327.0,327.9542651041453,0.07623014139505394,1.4944921623385317,85.62809341737814
596.0,934.0,571.0,934.0,596.0,934.0,625.0,106929.0,107554.0,25.0,327.0,327.9542651041453,0.07623014139505394,1.4944921623385317,85.62809341737814
579.0,944.0,570.0,944.0,579.0,944.0,81.0,97344.0,97425.0,9.0,312.0,312.1297807002722,0.028834159879932764,1.5419581699237777,88.34769532234868
580.0,939.0,570.0,939.0,580.0,939.0,100.0,100489.0,100589.0,10.0,317.0,317.15768948584554,0.03153005691336483,1.5392610433042866,88.19316135023946
584.0,940.0,570.0,940.0,584.0,940.0,196.0,96721.0,96917.0,14.0,311.0,311.3149530620076,0.04497053502345416,1.5258106202742137,87.42250887795072
580.0,940.0,570.0,940.0,580.0,940.0,100.0,99856.0,99956.0,10.0,316.0,316.15818825391824,0.03162973590919187,1.5391613145667842,88.18744731448442
580.0,939.0,570.0,939.0,580.0,939.0,100.0,97344.0,97444.0,10.0,312.0,312.1602152741441,0.032034831828962704,1.5387560132474296,88.16422525945431
580.0,939.0,570.0,939.0,580.0,939.0,100.0,97344.0,97444.0,10.0,312.0,312.1602152741441,0.032034831828962704,1.5387560132474296,88.16422525945431
580.0,939.0,570.0,939.0,580.0,939.0,100.0,97344.0,97444.0,10.0,312.0,312.1602152741441,0.032034831828962704,1.5387560132474296,88.16422525945431
580.0,939.0,570.0,939.0,580.0,939.0,100.0,100489.0,100589.0,10.0,317.0,317.15768948584554,0.03153005691336483,1.5392610433042866,88.19316135023946
580.0,939.0,570.0,939.0,580.0,939.0,100.0,97344.0,97444.0,10.0,312.0,312.1602152741441,0.032034831828962704,1.5387560132474296,88.16422525945431
580.0,939.0,570.0,939.0,580.0,939.0,100.0,97344.0,97444.0,10.0,312.0,312.1602152741441,0.032034831828962704,1.5387560132474296,88.16422525945431
580.0,939.0,570.0,939.0,580.0,939.0,100.0,97344.0,97444.0,10.0,312.0,312.1602152741441,0.032034831828962704,1.5387560132474296,88.16422525945431
580.0,939.0,570.0,939.0,580.0,939.0,100.0,97344.0,97444.0,10.0,312.0,312.1602152741441,0.032034831828962704,1.5387560132474296,88.16422525945431
580.0,939.0,570.0,939.0,580.0,939.0,100.0,97344.0,97444.0,10.0,312.0,312.1602152741441,0.032034831828962704,1.5387560132474296,88.16422525945431
580.0,939.0,570.0,939.0,580.0,939.0,100.0,97344.0,97444.0,10.0,312.0,312.1602152741441,0.032034831828962704,1.5387560132474296,88.16422525945431
580.0,939.0,570.0,939.0,580.0,939.0,100.0,97344.0,97444.0,10.0,312.0,312.1602152741441,0.032034831828962704,1.5387560132474296,88.16422525945431
580.0,939.0,570.0,939.0,580.0,939.0,100.0,97344.0,97444.0,10.0,312.0,312.1602152741441,0.032034831828962704,1.5387560132474296,88.16422525945431
575.0,940.0,570.0,940.0,575.0,940.0,25.0,96721.0,96746.0,5.0,311.0,311.0401903291599,0.016075093044113444,1.5547205413465062,89.0789253414494
575.0,940.0,570.0,940.0,575.0,940.0,25.0,96721.0,96746.0,5.0,311.0,311.0401903291599,0.016075093044113444,1.5547205413465062,89.0789253414494
575.0,939.0,570.0,939.0,575.0,939.0,25.0,97344.0,97369.0,5.0,312.0,312.04006153056696,0.016023583559991728,1.5547720574658543,89.08187699766495
570.0,940.0,570.0,940.0,570.0,940.0,0.0,96721.0,96721.0,0.0,311.0,311.0,nan,nan,nan
569.0,936.0,569.0,936.0,569.0,936.0,0.0,99225.0,99225.0,0.0,315.0,315.0,nan,nan,nan
569.0,936.0,569.0,936.0,569.0,936.0,0.0,99225.0,99225.0,0.0,315.0,315.0,nan,nan,nan
564.0,936.0,569.0,936.0,564.0,936.0,25.0,99856.0,99881.0,5.0,316.0,316.0395544864598,0.015820804481656164,1.554974862253323,90.90650314394804
564.0,936.0,569.0,936.0,564.0,936.0,25.0,99856.0,99881.0,5.0,316.0,316.0395544864598,0.015820804481656164,1.554974862253323,90.90650314394804
563.0,932.0,568.0,932.0,563.0,932.0,25.0,99225.0,99250.0,5.0,315.0,315.03968004046726,0.015871016626723793,1.5549246438031066,90.90938044919913
558.0,932.0,567.0,932.0,558.0,932.0,81.0,99225.0,99306.0,9.0,315.0,315.12854520020875,0.02855977389887699,1.5422326689561365,91.63657704161672
553.0,931.0,567.0,931.0,553.0,931.0,196.0,103041.0,103237.0,14.0,321.0,321.3051509079803,0.043572286222107626,1.527210241462321,92.49729873505365
547.0,936.0,567.0,936.0,547.0,936.0,400.0,96100.0,96500.0,20.0,310.0,310.64449134018133,0.06438227799796505,1.5063694873693432,93.69138598645127
542.0,935.0,567.0,935.0,542.0,935.0,625.0,100489.0,101114.0,25.0,317.0,317.9842763408279,0.078620239615886,1.4920948672493408,94.50926147347992
537.0,936.0,566.0,936.0,537.0,936.0,841.0,99856.0,100697.0,29.0,316.0,317.3279061160553,0.09138811759402568,1.4792805196890442,95.24346950589869
527.0,938.0,566.0,938.0,527.0,938.0,1521.0,96100.0,97621.0,39.0,310.0,312.44359490954525,0.12482253000350604,1.445647366555501,97.17050723216792
522.0,939.0,566.0,939.0,522.0,939.0,1936.0,95481.0,97417.0,44.0,309.0,312.11696525501463,0.14097279192769888,1.429352375920486,98.10414142275947
516.0,940.0,564.0,940.0,516.0,940.0,2304.0,91809.0,94113.0,48.0,303.0,306.7784216661922,0.15646472049533244,1.413686061447936,99.0017551225613
506.0,941.0,564.0,941.0,506.0,941.0,3364.0,91204.0,94568.0,58.0,302.0,307.5191050975532,0.18860616800247534,1.3810536787631589,100.87145292585483
496.0,942.0,563.0,942.0,496.0,942.0,4489.0,91204.0,95693.0,67.0,302.0,309.3428518650463,0.21658816292684005,1.3524780120426305,102.50871802571355
491.0,945.0,562.0,945.0,491.0,945.0,5041.0,89401.0,94442.0,71.0,299.0,307.31417149230197,0.231033927447041,1.3376561003298633,103.35795101117063
481.0,946.0,562.0,946.0,481.0,946.0,6561.0,88804.0,95365.0,81.0,298.0,308.8122406900348,0.2622953022166709,1.3053963081108966,105.20630095328639
471.0,947.0,557.0,947.0,471.0,947.0,7396.0,88804.0,96200.0,86.0,298.0,310.16124838541646,0.27727512849423924,1.2898394552661199,106.09764296379818
459.0,948.0,553.0,948.0,459.0,948.0,8836.0,86436.0,95272.0,94.0,294.0,308.66162702869303,0.3045406094203663,1.261340234876407,107.73052801154192
451.0,949.0,554.0,949.0,451.0,949.0,10609.0,85849.0,96458.0,103.0,293.0,310.57688259109045,0.33164091010473284,1.2327539349436145,109.36840234958603
442.0,951.0,548.0,951.0,442.0,951.0,11236.0,87025.0,98261.0,106.0,295.0,313.4661066207956,0.33815458118484787,1.2258410583033965,109.7644810053651
429.0,955.0,548.0,955.0,429.0,955.0,14161.0,85849.0,100010.0,119.0,293.0,316.24357700987383,0.376292227419008,1.1850052073370596,112.10420291856143
415.0,957.0,547.0,957.0,415.0,957.0,17424.0,85264.0,102688.0,132.0,292.0,320.4496840379157,0.41192114261651674,1.146234946430539,114.32557523912611
405.0,959.0,546.0,959.0,405.0,959.0,19881.0,81796.0,101677.0,141.0,286.0,318.8683113763423,0.4421888126524609,1.1127587571160031,116.24361960102996
396.0,960.0,548.0,960.0,396.0,960.0,23104.0,82369.0,105473.0,152.0,287.0,324.7660696562989,0.468029188396627,1.0837370181481132,117.9064427580204
387.0,962.0,546.0,962.0,387.0,962.0,25281.0,80089.0,105370.0,159.0,283.0,324.6074552440224,0.48982239141880574,1.0589103066161523,119.32890854799055
375.0,964.0,544.0,964.0,375.0,964.0,28561.0,76176.0,104737.0,169.0,276.0,323.6309626719916,0.5221997258997926,1.0213680612338956,121.47992076183836
366.0,965.0,541.0,965.0,366.0,965.0,30625.0,74529.0,105154.0,175.0,273.0,324.27457501321317,0.5396661147204319,1.0007558630951865,122.6609127216738
357.0,969.0,536.0,969.0,357.0,969.0,32041.0,71824.0,103865.0,179.0,268.0,322.28093334853054,0.5554160407200401,0.9819331382618461,123.73937541356028
350.0,970.0,537.0,970.0,350.0,970.0,34969.0,68644.0,103613.0,187.0,262.0,321.88973267254113,0.5809442831475317,0.9509079820025863,125.51698592594977
341.0,968.0,531.0,968.0,341.0,968.0,36100.0,67600.0,103700.0,190.0,260.0,322.02484376209236,0.59001658934231,0.9397169393235674,126.15818543980834
337.0,966.0,532.0,966.0,337.0,966.0,38025.0,66564.0,104589.0,195.0,258.0,323.40222633742025,0.6029643092083963,0.923584659891846,127.08249696517166
326.0,966.0,523.0,966.0,326.0,966.0,38809.0,67081.0,105890.0,197.0,259.0,325.40743691563046,0.6053948916080761,0.920534411362625,127.25726333236202
321.0,965.0,518.0,965.0,321.0,965.0,38809.0,65025.0,103834.0,197.0,255.0,322.23283507426737,0.611359174351664,0.9130193412126247,127.68784513470177
317.0,961.0,516.0,961.0,317.0,961.0,39601.0,64009.0,103610.0,199.0,253.0,321.8850726579286,0.6182330803872966,0.904303620609997,128.18721914064756
314.0,955.0,509.0,955.0,314.0,955.0,38025.0,64516.0,102541.0,195.0,254.0,320.22023671217283,0.6089558923637736,0.9160527185444944,127.51404541591498
309.0,952.0,510.0,952.0,309.0,952.0,40401.0,63001.0,103402.0,201.0,251.0,321.5618136533006,0.6250742204629833,0.8955697119529011,128.68763524535194
305.0,947.0,510.0,947.0,305.0,947.0,42025.0,60516.0,102541.0,205.0,246.0,320.22023671217283,0.6401843996644798,0.8760580505981935,129.80557109226518
302.0,941.0,504.0,941.0,302.0,941.0,40804.0,59049.0,99853.0,202.0,243.0,315.9952531289038,0.6392501089805872,0.8772736091567093,129.73592471711123
294.0,932.0,504.0,932.0,294.0,932.0,44100.0,58564.0,102664.0,210.0,242.0,320.4122344730301,0.6554056849463913,0.8560766974480539,130.95041829672863
291.0,922.0,503.0,922.0,291.0,922.0,44944.0,60025.0,104969.0,212.0,245.0,323.9891973507759,0.6543428044314462,0.8574831120876573,130.86983667363393
289.0,918.0,499.0,918.0,289.0,918.0,44100.0,59049.0,103149.0,210.0,243.0,321.1681802420657,0.6538630316419334,0.8581173919507025,130.8334951144513
282.0,910.0,493.0,910.0,282.0,910.0,44521.0,57600.0,102121.0,211.0,240.0,319.5637651549374,0.6602751094064081,0.8496113123924628,131.32085757334096
284.0,897.0,488.0,897.0,284.0,897.0,41616.0,61009.0,102625.0,204.0,247.0,320.3513695928269,0.6368007736607717,0.8804545050856426,129.553672805313
281.0,887.0,481.0,887.0,281.0,887.0,40000.0,62500.0,102500.0,200.0,250.0,320.1562118716424,0.6246950475544243,0.8960553845713439,128.65980825409008
282.0,876.0,483.0,876.0,282.0,876.0,40401.0,62500.0,102901.0,201.0,250.0,320.78185734233784,0.6265940401532533,0.8936211147934079,128.79928163856206
280.0,867.0,481.0,867.0,280.0,867.0,40401.0,63001.0,103402.0,201.0,251.0,321.5618136533006,0.6250742204629833,0.8955697119529011,128.68763524535194
273.0,857.0,476.0,857.0,273.0,857.0,41209.0,64009.0,105218.0,203.0,253.0,324.3732418064104,0.625822274579457,0.8946109946273202,128.74256570185378
276.0,849.0,474.0,849.0,276.0,849.0,39204.0,66564.0,105768.0,198.0,258.0,325.2199255888237,0.6088187851390504,0.9162255594715053,127.50414236027014
273.0,840.0,467.0,840.0,273.0,840.0,37636.0,67600.0,105236.0,194.0,260.0,324.4009864349984,0.5980253085293025,0.9297613042477415,126.72860131202555
273.0,832.0,463.0,832.0,273.0,832.0,36100.0,65025.0,101125.0,190.0,255.0,318.0015723231569,0.597481322535474,0.9304398617240539,126.68972283247581
268.0,823.0,465.0,823.0,268.0,823.0,38809.0,66049.0,104858.0,197.0,257.0,323.81785003300854,0.6083667098028064,0.916795295052522,127.47149891603945
268.0,811.0,461.0,811.0,268.0,811.0,37249.0,67081.0,104330.0,193.0,259.0,323.00154798390673,0.5975203561860826,0.9303911833421618,126.69251189831175
269.0,800.0,460.0,800.0,269.0,800.0,36481.0,66564.0,103045.0,191.0,258.0,321.00623046912966,0.5950040275569292,0.9335256669764931,126.51291921511174
268.0,790.0,457.0,790.0,268.0,790.0,35721.0,68644.0,104365.0,189.0,262.0,323.05572274763995,0.5850383902582661,0.94586893322866,125.80570215345631
266.0,780.0,452.0,780.0,266.0,780.0,34596.0,71289.0,105885.0,186.0,267.0,325.39975414864716,0.5716046113391733,0.9623362195551515,124.86219614691487
267.0,771.0,438.0,771.0,267.0,771.0,29241.0,79524.0,108765.0,171.0,282.0,329.7953911139451,0.5185033041923837,1.0256966734882196,121.23190954851698
266.0,763.0,438.0,763.0,266.0,763.0,29584.0,81225.0,110809.0,172.0,285.0,332.8798582071315,0.5167029357870446,1.0278008404653283,121.11134966133785
265.0,749.0,435.0,749.0,265.0,749.0,28900.0,87025.0,115925.0,170.0,295.0,340.4776057246644,0.49929862387917134,1.0480072414144945,119.95360816780149
264.0,742.0,434.0,742.0,264.0,742.0,28900.0,87025.0,115925.0,170.0,295.0,340.4776057246644,0.49929862387917134,1.0480072414144945,119.95360816780149
259.0,732.0,428.0,732.0,259.0,732.0,28561.0,91809.0,120370.0,169.0,303.0,346.9437994834322,0.4871105932765642,1.0620180927393414,119.15084551950247
259.0,724.0,424.0,724.0,259.0,724.0,27225.0,90601.0,117826.0,165.0,301.0,343.25792052041567,0.4806881069192588,1.069357071549571,118.73035300774038
255.0,713.0,424.0,713.0,255.0,713.0,28561.0,94249.0,122810.0,169.0,307.0,350.44257732187737,0.4822473378991717,1.0675780690037604,118.83228234535835
260.0,704.0,420.0,704.0,260.0,704.0,25600.0,97969.0,123569.0,160.0,313.0,351.52382565055245,0.45516118204475553,1.098243100819125,117.07530544370357
263.0,694.0,418.0,694.0,263.0,694.0,24025.0,104976.0,129001.0,155.0,324.0,359.1670920337775,0.43155401326528875,1.1245815717800696,115.56622221881358
261.0,689.0,419.0,689.0,261.0,689.0,24964.0,103684.0,128648.0,158.0,322.0,358.6753406633916,0.4405097928052971,1.1146298749813182,116.13641244437588
257.0,681.0,414.0,681.0,257.0,681.0,24649.0,106276.0,130925.0,157.0,326.0,361.83559802761255,0.43389871216601233,1.1219807573855622,115.71523790691572
257.0,669.0,409.0,669.0,257.0,669.0,23104.0,112896.0,136000.0,152.0,336.0,368.7817782917155,0.41216786985544673,1.1459641638755542,114.34108993669251
258.0,660.0,411.0,660.0,258.0,660.0,23409.0,109561.0,132970.0,153.0,331.0,364.6505176192679,0.41957982398847854,1.137813948721039,114.8080628671698
258.0,657.0,405.0,657.0,258.0,657.0,21609.0,114921.0,136530.0,147.0,339.0,369.4996617048519,0.3978352762807678,1.1616401740348217,113.44292071496228
258.0,648.0,399.0,648.0,258.0,648.0,19881.0,115600.0,135481.0,141.0,340.0,368.0774375046642,0.38307156492908717,1.177677096864433,112.52407272044856
258.0,638.0,386.0,638.0,258.0,638.0,16384.0,125316.0,141700.0,128.0,354.0,376.4306044943742,0.3400361141515872,1.2238410270713127,109.87907435385786
258.0,636.0,381.0,636.0,258.0,636.0,15129.0,126025.0,141154.0,123.0,355.0,375.7046712512369,0.3273848035755426,1.237261806091875,109.11012035820191
257.0,632.0,380.0,632.0,257.0,632.0,15129.0,123201.0,138330.0,123.0,351.0,371.9274122728789,0.3307096921099118,1.2337408450740626,109.31185656435265
255.0,621.0,373.0,621.0,255.0,621.0,13924.0,130321.0,144245.0,118.0,361.0,379.7959978725421,0.3106931106725361,1.254874182669389,108.1010055131153
260.0,615.0,366.0,615.0,260.0,615.0,11236.0,133956.0,145192.0,106.0,366.0,381.0406802429368,0.27818552059170826,1.2888917807376605,106.15194071463095
259.0,613.0,366.0,613.0,259.0,613.0,11449.0,134689.0,146138.0,107.0,367.0,382.2800020927069,0.2798995485357651,1.2871068529320067,106.25420954463047
258.0,609.0,365.0,609.0,258.0,609.0,11449.0,132496.0,143945.0,107.0,364.0,379.40084343606827,0.282023621853203,1.2848936281971122,106.38101798105389
262.0,604.0,362.0,604.0,262.0,604.0,10000.0,139129.0,149129.0,100.0,373.0,386.17224136387637,0.2589518077395251,1.3088594904685142,105.00787522051074
256.0,603.0,356.0,603.0,256.0,603.0,10000.0,134689.0,144689.0,100.0,367.0,380.3800730848029,0.26289494922544415,1.3047748517694677,105.2419077788019
262.0,599.0,356.0,599.0,262.0,599.0,8836.0,140625.0,149461.0,94.0,375.0,386.6018623855814,0.2431441985818685,1.3251903111781895,104.0721881178615
262.0,597.0,356.0,597.0,262.0,597.0,8836.0,136161.0,144997.0,94.0,369.0,380.78471607983425,0.24685864749963393,1.3213590944858793,104.29170066473095
262.0,588.0,349.0,588.0,262.0,588.0,7569.0,146689.0,154258.0,87.0,383.0,392.75692228145385,0.22151105445737979,1.3474325797334594,102.79780000284799
268.0,589.0,349.0,589.0,268.0,589.0,6561.0,144400.0,150961.0,81.0,380.0,388.53699952514177,0.20847435404863826,1.3607815478905827,102.0329604665903
268.0,585.0,348.0,585.0,268.0,585.0,6400.0,147456.0,153856.0,80.0,384.0,392.2448215082004,0.20395425411200105,1.3654009376051293,101.76828893202064
267.0,588.0,347.0,588.0,267.0,588.0,6400.0,141376.0,147776.0,80.0,376.0,384.4164408554868,0.2081076444648586,1.3611564809206842,102.01147838636544
267.0,582.0,341.0,582.0,267.0,582.0,5476.0,150544.0,156020.0,74.0,388.0,394.9936708353692,0.18734477401498092,1.3823379669232618,100.79786863460231
266.0,581.0,340.0,581.0,266.0,581.0,5476.0,152100.0,157576.0,74.0,390.0,396.95843611138935,0.18641750185461503,1.3832818682730825,100.74378707098087
272.0,580.0,339.0,580.0,272.0,580.0,4489.0,155236.0,159725.0,67.0,394.0,399.6561021678513,0.16764413113317286,1.4023568344393356,99.65087201529974
272.0,576.0,339.0,576.0,272.0,576.0,4489.0,157609.0,162098.0,67.0,397.0,402.613959022784,0.16641251128654597,1.403606002564102,99.57929995384835
278.0,578.0,337.0,578.0,278.0,578.0,3481.0,156025.0,159506.0,59.0,395.0,399.38202262996265,0.14772823176035885,1.4225254208297367,98.49529713638476
278.0,577.0,337.0,577.0,278.0,577.0,3481.0,154449.0,157930.0,59.0,393.0,397.404076476324,0.1484634997283804,1.421781954649523,98.53789461072172
277.0,581.0,336.0,581.0,277.0,581.0,3481.0,156816.0,160297.0,59.0,396.0,400.37107787651195,0.14736329185645525,1.4228943991183183,98.47415623771708
277.0,576.0,329.0,576.0,277.0,576.0,2704.0,156025.0,158729.0,52.0,395.0,398.4080822473359,0.13051944053614317,1.4399034428361919,97.49960981912942
275.0,576.0,327.0,576.0,275.0,576.0,2704.0,157609.0,160313.0,52.0,397.0,400.39105884122836,0.12987303000844522,1.4405554026984333,97.46225527061105
275.0,581.0,327.0,581.0,275.0,581.0,2704.0,153664.0,156368.0,52.0,392.0,395.43393885704853,0.1315011052169659,1.4389132435965237,97.55634405643946
275.0,574.0,327.0,574.0,275.0,574.0,2704.0,158404.0,161108.0,52.0,398.0,401.3826104853074,0.12955219942669505,1.4408789668710753,97.44371640911702
274.0,578.0,326.0,578.0,274.0,578.0,2704.0,159201.0,161905.0,52.0,399.0,402.37420394453716,0.12923293663022103,1.4412009363223846,97.42526891842486
280.0,575.0,326.0,575.0,280.0,575.0,2116.0,159201.0,161317.0,46.0,399.0,401.64287619725064,0.11452960509477321,1.4560148507536619,96.57649414344472
280.0,575.0,326.0,575.0,280.0,575.0,2116.0,159201.0,161317.0,46.0,399.0,401.64287619725064,0.11452960509477321,1.4560148507536619,96.57649414344472
280.0,580.0,319.0,580.0,280.0,580.0,1521.0,154449.0,155970.0,39.0,393.0,394.9303736103365,0.09875158409183257,1.4718835320585038,95.66728567823914
280.0,579.0,319.0,579.0,280.0,579.0,1521.0,155236.0,156757.0,39.0,394.0,395.9254980422453,0.09850338054216123,1.4721329516730626,95.65299498699713
279.0,581.0,319.0,581.0,279.0,581.0,1600.0,153664.0,155264.0,40.0,392.0,394.03553139279205,0.10151368801339448,1.4691074750318196,95.82634202955578
279.0,580.0,318.0,580.0,279.0,580.0,1521.0,154449.0,155970.0,39.0,393.0,394.9303736103365,0.09875158409183257,1.4718835320585038,95.66728567823914
279.0,581.0,318.0,581.0,279.0,581.0,1521.0,153664.0,155185.0,39.0,392.0,393.93527387122873,0.09900103541565178,1.4716328523360316,95.6816485683463
285.0,579.0,311.0,579.0,285.0,579.0,676.0,156025.0,156701.0,26.0,395.0,395.8547713492917,0.06568065331479431,1.50506835774659,93.76593522243448
285.0,582.0,311.0,582.0,285.0,582.0,676.0,154449.0,155125.0,26.0,393.0,393.8591118661596,0.06601345307668105,1.5047348341461264,93.78504471710905
284.0,582.0,311.0,582.0,284.0,582.0,729.0,149769.0,150498.0,27.0,387.0,387.9407171205415,0.06959826284903867,1.5011417530663285,93.99091309842977
284.0,582.0,311.0,582.0,284.0,582.0,729.0,154449.0,155178.0,27.0,393.0,393.92638906272833,0.06854072423084241,1.502201823340622,93.93017554572548
284.0,581.0,310.0,581.0,284.0,581.0,676.0,156816.0,157492.0,26.0,396.0,396.8526174790838,0.0655155058952593,1.5052338616407859,93.75645254780407
284.0,584.0,310.0,584.0,284.0,584.0,676.0,154449.0,155125.0,26.0,393.0,393.8591118661596,0.06601345307668105,1.5047348341461264,93.78504471710905
283.0,583.0,310.0,583.0,283.0,583.0,729.0,154449.0,155178.0,27.0,393.0,393.92638906272833,0.06854072423084241,1.502201823340622,93.93017554572548
283.0,583.0,309.0,583.0,283.0,583.0,676.0,154449.0,155125.0,26.0,393.0,393.8591118661596,0.06601345307668105,1.5047348341461264,93.78504471710905
289.0,584.0,309.0,584.0,289.0,584.0,400.0,154449.0,154849.0,20.0,393.0,393.5085767807355,0.05082481343511879,1.5199496064335225,92.91330247878864
289.0,579.0,309.0,579.0,289.0,579.0,400.0,158404.0,158804.0,20.0,398.0,398.5021957279533,0.050187929237041046,1.5205873045117855,92.87676507030056
289.0,580.0,309.0,580.0,289.0,580.0,400.0,158404.0,158804.0,20.0,398.0,398.5021957279533,0.050187929237041046,1.5205873045117855,92.87676507030056
289.0,582.0,302.0,582.0,289.0,582.0,169.0,156816.0,156985.0,13.0,396.0,396.2133263786063,0.03281060765628488,1.5379798293183111,91.88024680381007
289.0,582.0,302.0,582.0,289.0,582.0,169.0,156816.0,156985.0,13.0,396.0,396.2133263786063,0.03281060765628488,1.5379798293183111,91.88024680381007
288.0,580.0,302.0,580.0,288.0,580.0,196.0,163216.0,163412.0,14.0,404.0,404.2425014765271,0.0346326770412906,1.5361567228132387,91.98470311215355
288.0,582.0,301.0,582.0,288.0,582.0,169.0,156816.0,156985.0,13.0,396.0,396.2133263786063,0.03281060765628488,1.5379798293183111,91.88024680381007
288.0,584.0,301.0,584.0,288.0,584.0,169.0,155236.0,155405.0,13.0,394.0,394.21440866614705,0.032976978299668044,1.5378133685949762,91.88978430071185
294.0,584.0,301.0,584.0,294.0,584.0,49.0,155236.0,155285.0,7.0,394.0,394.06217783491985,0.01776369414202556,1.5530316983013739,91.0178382372967
294.0,584.0,301.0,584.0,294.0,584.0,49.0,155236.0,155285.0,7.0,394.0,394.06217783491985,0.01776369414202556,1.5530316983013739,91.0178382372967
288.0,584.0,301.0,584.0,288.0,584.0,169.0,155236.0,155405.0,13.0,394.0,394.21440866614705,0.032976978299668044,1.5378133685949762,91.88978430071185
288.0,590.0,301.0,590.0,288.0,590.0,169.0,150544.0,150713.0,13.0,388.0,388.2177224187479,0.033486364092306056,1.5373037012950617,91.91898608595278
288.0,591.0,301.0,591.0,288.0,591.0,169.0,150544.0,150713.0,13.0,388.0,388.2177224187479,0.033486364092306056,1.5373037012950617,91.91898608595278
294.0,585.0,294.0,585.0,294.0,585.0,0.0,160000.0,160000.0,0.0,400.0,400.0,nan,nan,nan
294.0,586.0,301.0,586.0,294.0,586.0,49.0,154449.0,154498.0,7.0,393.0,393.06233602318093,0.017808880064222623,1.5529865052301481,91.02042760954116
288.0,585.0,294.0,585.0,288.0,585.0,36.0,160000.0,160036.0,6.0,400.0,400.04499746903474,0.014998312784712243,1.555797451643046,90.85937224364469
288.0,590.0,294.0,590.0,288.0,590.0,36.0,150544.0,150580.0,6.0,388.0,388.0463889794621,0.015462068892793017,1.5553336417353112,90.88594659385424
288.0,590.0,294.0,590.0,288.0,590.0,36.0,150544.0,150580.0,6.0,388.0,388.0463889794621,0.015462068892793017,1.5553336417353112,90.88594659385424
288.0,590.0,294.0,590.0,288.0,590.0,36.0,150544.0,150580.0,6.0,388.0,388.0463889794621,0.015462068892793017,1.5553336417353112,90.88594659385424
294.0,590.0,294.0,590.0,294.0,590.0,0.0,150544.0,150544.0,0.0,388.0,388.0,nan,nan,nan
294.0,590.0,294.0,590.0,294.0,590.0,0.0,151321.0,151321.0,0.0,389.0,389.0,nan,nan,nan
294.0,589.0,294.0,589.0,294.0,589.0,0.0,151321.0,151321.0,0.0,389.0,389.0,nan,nan,nan
294.0,588.0,294.0,588.0,294.0,588.0,0.0,152100.0,152100.0,0.0,390.0,390.0,nan,nan,nan
294.0,589.0,301.0,589.0,294.0,589.0,49.0,151321.0,151370.0,7.0,389.0,389.0629769073382,0.01799194581721192,1.5528034101404504,91.03091818543041
288.0,589.0,294.0,589.0,288.0,589.0,36.0,152100.0,152136.0,6.0,390.0,390.0461511154802,0.015382795043203982,1.5554129250143014,90.88140399658214
288.0,589.0,295.0,589.0,288.0,589.0,49.0,151321.0,151370.0,7.0,389.0,389.0629769073382,0.01799194581721192,1.5528034101404504,91.03091818543041
288.0,590.0,295.0,590.0,288.0,590.0,49.0,156816.0,156865.0,7.0,396.0,396.06186385462564,0.01767400661066764,1.5531213999151217,91.01269871341343
288.0,591.0,301.0,591.0,288.0,591.0,169.0,155236.0,155405.0,13.0,394.0,394.21440866614705,0.032976978299668044,1.5378133685949762,91.88978430071185
288.0,592.0,301.0,592.0,288.0,592.0,169.0,150544.0,150713.0,13.0,388.0,388.2177224187479,0.033486364092306056,1.5373037012950617,91.91898608595278
295.0,586.0,301.0,586.0,295.0,586.0,36.0,155236.0,155272.0,6.0,394.0,394.04568263083405,0.015226660929111523,1.5555690774177793,90.87245712290203
295.0,585.0,301.0,585.0,295.0,585.0,36.0,156025.0,156061.0,6.0,395.0,395.0455669919611,0.015188121324044868,1.5556076214800474,90.87024871080878
288.0,591.0,301.0,591.0,288.0,591.0,169.0,150544.0,150713.0,13.0,388.0,388.2177224187479,0.033486364092306056,1.5373037012950617,91.91898608595278
288.0,590.0,301.0,590.0,288.0,590.0,169.0,151321.0,151490.0,13.0,389.0,389.21716303369766,0.03340037705088171,1.537389736463379,91.91405663391849
288.0,590.0,301.0,590.0,288.0,590.0,169.0,151321.0,151490.0,13.0,389.0,389.21716303369766,0.03340037705088171,1.537389736463379,91.91405663391849
288.0,590.0,301.0,590.0,288.0,590.0,169.0,151321.0,151490.0,13.0,389.0,389.21716303369766,0.03340037705088171,1.537389736463379,91.91405663391849
288.0,589.0,301.0,589.0,288.0,589.0,169.0,152100.0,152269.0,13.0,390.0,390.2166065148945,0.033314830232638475,1.5374753309166493,91.90915243299638
288.0,589.0,302.0,589.0,288.0,589.0,196.0,152100.0,152296.0,14.0,390.0,390.25120115125844,0.035874329044214025,1.5349142984417392,92.05588878500467
288.0,589.0,302.0,589.0,288.0,589.0,196.0,152100.0,152296.0,14.0,390.0,390.25120115125844,0.035874329044214025,1.5349142984417392,92.05588878500467
288.0,589.0,302.0,589.0,288.0,589.0,196.0,152100.0,152296.0,14.0,390.0,390.25120115125844,0.035874329044214025,1.5349142984417392,92.05588878500467
288.0,589.0,301.0,589.0,288.0,589.0,169.0,152100.0,152269.0,13.0,390.0,390.2166065148945,0.033314830232638475,1.5374753309166493,91.90915243299638
288.0,589.0,301.0,589.0,288.0,589.0,169.0,152100.0,152269.0,13.0,390.0,390.2166065148945,0.033314830232638475,1.5374753309166493,91.90915243299638
288.0,588.0,301.0,588.0,288.0,588.0,169.0,152881.0,153050.0,13.0,391.0,391.21605284037105,0.033229720267395124,1.5375604880313205,91.90427328973021
288.0,588.0,301.0,588.0,288.0,588.0,169.0,147456.0,147625.0,13.0,384.0,384.2199890687625,0.033834783118671725,1.5369550847136937,91.93896034473345
295.0,587.0,302.0,587.0,295.0,587.0,49.0,148225.0,148274.0,7.0,385.0,385.06363110530185,0.01817881366751496,1.5526165117219184,91.04162667600997
288.0,588.0,302.0,588.0,288.0,588.0,196.0,147456.0,147652.0,14.0,384.0,384.2551235832777,0.03643412707017776,1.5343541341854638,92.08798383272334
295.0,586.0,302.0,586.0,295.0,586.0,49.0,148996.0,149045.0,7.0,386.0,386.0634662850138,0.018131733798484328,1.552663599351963,91.03892875354113
295.0,585.0,308.0,585.0,295.0,585.0,169.0,148996.0,149165.0,13.0,386.0,386.21884987659524,0.03365967249955242,1.5371302951328776,91.92892152718748
295.0,585.0,308.0,585.0,295.0,585.0,169.0,148996.0,149165.0,13.0,386.0,386.21884987659524,0.03365967249955242,1.5371302951328776,91.92892152718748
295.0,585.0,308.0,585.0,295.0,585.0,169.0,154449.0,154618.0,13.0,393.0,393.21495393741066,0.03306079758622114,1.5377295035791416,91.89458941216796
295.0,585.0,308.0,585.0,295.0,585.0,169.0,155236.0,155405.0,13.0,394.0,394.21440866614705,0.032976978299668044,1.5378133685949762,91.88978430071185
295.0,584.0,309.0,584.0,295.0,584.0,196.0,155236.0,155432.0,14.0,394.0,394.24865250245307,0.03551058427501636,1.5352782751311569,92.03503445685989
295.0,584.0,309.0,584.0,295.0,584.0,196.0,149769.0,149965.0,14.0,387.0,387.25314717894804,0.03615206255129712,1.5346363846551063,92.07181207204724
296.0,585.0,309.0,585.0,296.0,585.0,169.0,149769.0,149938.0,13.0,387.0,387.2182846922392,0.03357279476182896,1.537217222000416,91.92394098455124
296.0,586.0,309.0,586.0,296.0,586.0,169.0,148996.0,149165.0,13.0,386.0,386.21884987659524,0.03365967249955242,1.5371302951328776,91.92892152718748
296.0,587.0,309.0,587.0,296.0,587.0,169.0,153664.0,153833.0,13.0,392.0,392.21550198838395,0.03314504381926499,1.5376452111494499,91.89941901263421
296.0,587.0,309.0,587.0,296.0,587.0,169.0,153664.0,153833.0,13.0,392.0,392.21550198838395,0.03314504381926499,1.5376452111494499,91.89941901263421
296.0,589.0,309.0,589.0,296.0,589.0,169.0,152881.0,153050.0,13.0,391.0,391.21605284037105,0.033229720267395124,1.5375604880313205,91.90427328973021
296.0,587.0,309.0,587.0,296.0,587.0,169.0,153664.0,153833.0,13.0,392.0,392.21550198838395,0.03314504381926499,1.5376452111494499,91.89941901263421
296.0,588.0,310.0,588.0,296.0,588.0,196.0,152881.0,153077.0,14.0,391.0,391.2505591050318,0.03578269646955745,1.5350059898866704,92.05063525219266
296.0,587.0,310.0,587.0,296.0,587.0,196.0,153664.0,153860.0,14.0,392.0,392.2499203314132,0.03569153051241249,1.5350972141155725,92.04540848888723
297.0,588.0,310.0,588.0,297.0,588.0,169.0,152881.0,153050.0,13.0,391.0,391.21605284037105,0.033229720267395124,1.5375604880313205,91.90427328973021
297.0,588.0,310.0,588.0,297.0,588.0,169.0,152881.0,153050.0,13.0,391.0,391.21605284037105,0.033229720267395124,1.5375604880313205,91.90427328973021
297.0,587.0,311.0,587.0,297.0,587.0,196.0,152881.0,153077.0,14.0,391.0,391.2505591050318,0.03578269646955745,1.5350059898866704,92.05063525219266
304.0,586.0,311.0,586.0,304.0,586.0,49.0,153664.0,153713.0,7.0,392.0,392.0624950183325,0.01785429641688294,1.5529410816553442,91.02303018866783
304.0,586.0,311.0,586.0,304.0,586.0,49.0,153664.0,153713.0,7.0,392.0,392.0624950183325,0.01785429641688294,1.5529410816553442,91.02303018866783
304.0,585.0,311.0,585.0,304.0,585.0,49.0,154449.0,154498.0,7.0,393.0,393.06233602318093,0.017808880064222623,1.5529865052301481,91.02042760954116
304.0,584.0,311.0,584.0,304.0,584.0,49.0,155236.0,155285.0,7.0,394.0,394.06217783491985,0.01776369414202556,1.5530316983013739,91.0178382372967
304.0,584.0,311.0,584.0,304.0,584.0,49.0,155236.0,155285.0,7.0,394.0,394.06217783491985,0.01776369414202556,1.5530316983013739,91.0178382372967
304.0,585.0,311.0,585.0,304.0,585.0,49.0,155236.0,155285.0,7.0,394.0,394.06217783491985,0.01776369414202556,1.5530316983013739,91.0178382372967
304.0,587.0,311.0,587.0,304.0,587.0,49.0,154449.0,154498.0,7.0,393.0,393.06233602318093,0.017808880064222623,1.5529865052301481,91.02042760954116
304.0,586.0,311.0,586.0,304.0,586.0,49.0,154449.0,154498.0,7.0,393.0,393.06233602318093,0.017808880064222623,1.5529865052301481,91.02042760954116
304.0,587.0,311.0,587.0,304.0,587.0,49.0,153664.0,153713.0,7.0,392.0,392.0624950183325,0.01785429641688294,1.5529410816553442,91.02303018866783
305.0,588.0,318.0,588.0,305.0,588.0,169.0,152100.0,152269.0,13.0,390.0,390.2166065148945,0.033314830232638475,1.5374753309166493,91.90915243299638
305.0,589.0,311.0,589.0,305.0,589.0,36.0,152100.0,152136.0,6.0,390.0,390.0461511154802,0.015382795043203982,1.5554129250143014,90.88140399658214
305.0,583.0,318.0,583.0,305.0,583.0,169.0,156816.0,156985.0,13.0,396.0,396.2133263786063,0.03281060765628488,1.5379798293183111,91.88024680381007
305.0,583.0,312.0,583.0,305.0,583.0,49.0,156816.0,156865.0,7.0,396.0,396.06186385462564,0.01767400661066764,1.5531213999151217,91.01269871341343
305.0,584.0,318.0,584.0,305.0,584.0,169.0,156025.0,156194.0,13.0,395.0,395.2138661535043,0.03289358272401984,1.5378968094384338,91.88500349254272
305.0,584.0,319.0,584.0,305.0,584.0,196.0,156025.0,156221.0,14.0,395.0,395.2480233979672,0.035420796996380385,1.5353681189310513,92.02988678631053
306.0,583.0,312.0,583.0,306.0,583.0,36.0,156025.0,156061.0,6.0,395.0,395.0455669919611,0.015188121324044868,1.5556076214800474,90.87024871080878
306.0,587.0,319.0,587.0,306.0,587.0,169.0,152881.0,153050.0,13.0,391.0,391.21605284037105,0.033229720267395124,1.5375604880313205,91.90427328973021
306.0,586.0,319.0,586.0,306.0,586.0,169.0,153664.0,153833.0,13.0,392.0,392.21550198838395,0.03314504381926499,1.5376452111494499,91.89941901263421
306.0,584.0,319.0,584.0,306.0,584.0,169.0,154449.0,154618.0,13.0,393.0,393.21495393741066,0.03306079758622114,1.5377295035791416,91.89458941216796
306.0,584.0,319.0,584.0,306.0,584.0,169.0,155236.0,155405.0,13.0,394.0,394.21440866614705,0.032976978299668044,1.5378133685949762,91.88978430071185
306.0,582.0,319.0,582.0,306.0,582.0,169.0,156025.0,156194.0,13.0,395.0,395.2138661535043,0.03289358272401984,1.5378968094384338,91.88500349254272
306.0,582.0,319.0,582.0,306.0,582.0,169.0,155236.0,155405.0,13.0,394.0,394.21440866614705,0.032976978299668044,1.5378133685949762,91.88978430071185
306.0,585.0,319.0,585.0,306.0,585.0,169.0,153664.0,153833.0,13.0,392.0,392.21550198838395,0.03314504381926499,1.5376452111494499,91.89941901263421
306.0,581.0,319.0,581.0,306.0,581.0,169.0,157609.0,157778.0,13.0,397.0,397.2127893207871,0.032728049925656505,1.5380624314111333,91.8755140525124
306.0,582.0,320.0,582.0,306.0,582.0,196.0,162409.0,162605.0,14.0,403.0,403.24310285484114,0.03471851074670383,1.5360708374581298,91.98962398052328
307.0,586.0,320.0,586.0,307.0,586.0,169.0,160000.0,160169.0,13.0,400.0,400.21119424623794,0.03248284952269848,1.5383077622568804,91.86145763046672
306.0,584.0,319.0,584.0,306.0,584.0,169.0,162409.0,162578.0,13.0,403.0,403.20962290104137,0.03224129401095805,1.5385494443596428,91.84761026599459
307.0,584.0,320.0,584.0,307.0,584.0,169.0,161604.0,161773.0,13.0,402.0,402.2101440789379,0.03232141255355463,1.5384692840391732,91.85220311404191
307.0,585.0,320.0,585.0,307.0,585.0,169.0,160801.0,160970.0,13.0,401.0,401.21066785418355,0.03240193006215063,1.5383887243353114,91.85681884507201
307.0,586.0,320.0,586.0,307.0,586.0,169.0,160801.0,160970.0,13.0,401.0,401.21066785418355,0.03240193006215063,1.5383887243353114,91.85681884507201
307.0,581.0,320.0,581.0,307.0,581.0,169.0,164836.0,165005.0,13.0,406.0,406.20807475972214,0.03200330275977327,1.538787558491185,91.8339673312148
307.0,581.0,320.0,581.0,307.0,581.0,169.0,160000.0,160169.0,13.0,400.0,400.21119424623794,0.03248284952269848,1.5383077622568804,91.86145763046672
301.0,582.0,321.0,582.0,301.0,582.0,400.0,161604.0,162004.0,20.0,402.0,402.4972049592394,0.049689786049633276,1.5210860700256774,92.84818791138788
302.0,587.0,321.0,587.0,302.0,587.0,361.0,158404.0,158765.0,19.0,398.0,398.45325949225213,0.04768438843796045,1.5230938490407435,92.73315064762967
302.0,587.0,321.0,587.0,302.0,587.0,361.0,163216.0,163577.0,19.0,404.0,404.4465354036303,0.046977779105063525,1.5238012512050478,92.69261948919662
302.0,584.0,321.0,584.0,302.0,584.0,361.0,167281.0,167642.0,19.0,409.0,409.4410824526528,0.0464047229608356,1.5243749330324854,92.65974994170108
302.0,585.0,322.0,585.0,302.0,585.0,400.0,161604.0,162004.0,20.0,402.0,402.4972049592394,0.049689786049633276,1.5210860700256774,92.84818791138788
302.0,584.0,322.0,584.0,302.0,584.0,400.0,163216.0,163616.0,20.0,404.0,404.4947465666272,0.04944439988346216,1.5213317581933052,92.83411101630651
302.0,584.0,322.0,584.0,302.0,584.0,400.0,164836.0,165236.0,20.0,406.0,406.49231235043055,0.04920142249272926,1.5215750316765615,92.82017247244848
303.0,587.0,329.0,587.0,303.0,587.0,676.0,158404.0,159080.0,26.0,398.0,398.84834210511644,0.06518768477956391,1.5055623850425779,93.73762954341011
303.0,583.0,323.0,583.0,303.0,583.0,400.0,164836.0,165236.0,20.0,406.0,406.49231235043055,0.04920142249272926,1.5215750316765615,92.82017247244848
303.0,585.0,329.0,585.0,303.0,585.0,676.0,163216.0,163892.0,26.0,404.0,404.8357691706601,0.0642235740514312,1.5065285204468828,93.68227406230527
298.0,589.0,330.0,589.0,298.0,589.0,1024.0,156025.0,157049.0,32.0,395.0,396.2940827214053,0.08074811458261413,1.4899602039837936,94.6315686692774
299.0,584.0,331.0,584.0,299.0,584.0,1024.0,165649.0,166673.0,32.0,407.0,408.2560471076944,0.07838218252174149,1.492333661258005,94.49557958461047
300.0,585.0,332.0,585.0,300.0,585.0,1024.0,165649.0,166673.0,32.0,407.0,408.2560471076944,0.07838218252174149,1.492333661258005,94.49557958461047
299.0,591.0,338.0,591.0,299.0,591.0,1521.0,156816.0,158337.0,39.0,396.0,397.91582024342785,0.09801067968632529,1.4726280482716654,95.6246280414459
293.0,590.0,339.0,590.0,293.0,590.0,2116.0,158404.0,160520.0,46.0,398.0,400.64947273146385,0.11481357927764353,1.4557289908825037,96.59287270759424
293.0,589.0,339.0,589.0,293.0,589.0,2116.0,153664.0,155780.0,46.0,392.0,394.689751577109,0.11654723695305567,1.453983615375098,96.6928753578341
299.0,588.0,345.0,588.0,299.0,588.0,2116.0,159201.0,161317.0,46.0,399.0,401.64287619725064,0.11452960509477321,1.4560148507536619,96.57649414344472
294.0,590.0,346.0,590.0,294.0,590.0,2704.0,156025.0,158729.0,52.0,395.0,398.4080822473359,0.13051944053614317,1.4399034428361919,97.49960981912942
294.0,592.0,347.0,592.0,294.0,592.0,2809.0,150544.0,153353.0,53.0,388.0,391.60311541150946,0.13534110918475675,1.4350385955621585,97.77834503590725
296.0,590.0,349.0,590.0,296.0,590.0,2809.0,152881.0,155690.0,53.0,391.0,394.5757215034904,0.13432149296476967,1.4360676081878248,97.7193869553909
290.0,590.0,350.0,590.0,290.0,590.0,3600.0,152881.0,156481.0,60.0,391.0,395.5767940615324,0.15167724927430132,1.4185313919997649,98.72413813159572
290.0,590.0,350.0,590.0,290.0,590.0,3600.0,153664.0,157264.0,60.0,392.0,396.5652531425314,0.1512991860092067,1.4189138694149457,98.70222378994679
291.0,594.0,357.0,594.0,291.0,594.0,4356.0,151321.0,155677.0,66.0,389.0,394.5592477689504,0.1672752580840505,1.4027309909842014,99.62943442440172
292.0,597.0,357.0,597.0,292.0,597.0,4225.0,149769.0,153994.0,65.0,387.0,392.42069262463724,0.16563856397393026,1.4043908423335854,99.53433194746293
285.0,599.0,357.0,599.0,285.0,599.0,5184.0,148225.0,153409.0,72.0,385.0,391.6746098485323,0.18382605915620548,1.3859188911935896,100.59269678715656
285.0,600.0,357.0,600.0,285.0,600.0,5184.0,147456.0,152640.0,72.0,384.0,390.69169430639295,0.18428853505018536,1.3854483767992019,100.61965527615513
285.0,597.0,363.0,597.0,285.0,597.0,6084.0,145924.0,152008.0,78.0,382.0,389.88203344088583,0.20006051397550847,1.3693766437975774,101.54049774660933
284.0,605.0,361.0,605.0,284.0,605.0,5929.0,145161.0,151090.0,77.0,381.0,388.7029714319148,0.1980947038206198,1.3713826062137504,101.42556456630075
284.0,603.0,361.0,603.0,284.0,603.0,5929.0,147456.0,153385.0,77.0,384.0,391.64397097363826,0.1966071373665622,1.3729000158601805,101.33862339776788
284.0,611.0,367.0,611.0,284.0,611.0,6889.0,142129.0,149018.0,83.0,377.0,386.02849635745804,0.2150100336715633,1.354094223004004,102.41611595882405
284.0,612.0,367.0,612.0,284.0,612.0,6889.0,136900.0,143789.0,83.0,370.0,379.1952003915661,0.21888462700554276,1.3501250952672592,102.64353022648785
277.0,614.0,373.0,614.0,277.0,614.0,9216.0,140625.0,149841.0,96.0,375.0,387.09301207849256,0.2480024102851375,1.3201786256958834,104.35933654424463
278.0,618.0,373.0,618.0,278.0,618.0,9025.0,133956.0,142981.0,95.0,366.0,378.1282851096966,0.2512374866969819,1.316837789590634,104.55075235312034
279.0,620.0,378.0,620.0,279.0,620.0,9801.0,134689.0,144490.0,99.0,367.0,380.1184026063458,0.260445164772844,1.3073130753677877,105.09647827915767
272.0,630.0,389.0,630.0,272.0,630.0,13689.0,128164.0,141853.0,117.0,358.0,376.6337743750552,0.3106465961374202,1.2549231186610725,108.09820168732554
272.0,631.0,388.0,631.0,272.0,631.0,13456.0,129600.0,143056.0,116.0,360.0,378.2274448000832,0.30669376745337246,1.2590788805456303,107.86009407067905
267.0,638.0,399.0,638.0,267.0,638.0,17424.0,121104.0,138528.0,132.0,348.0,372.19349806249977,0.35465423412053854,1.208252089530389,110.77225468204583
267.0,650.0,398.0,650.0,267.0,650.0,17161.0,117649.0,134810.0,131.0,343.0,367.16481312892716,0.35678800177946335,1.2059689884744926,110.90306673675056
269.0,653.0,398.0,653.0,269.0,653.0,16641.0,116281.0,132922.0,129.0,341.0,364.5846952355515,0.35382724970573837,1.2091364189779663,110.72158633700052
269.0,657.0,404.0,657.0,269.0,657.0,18225.0,111556.0,129781.0,135.0,334.0,360.25130117738644,0.3747384105450503,1.1866817179188607,112.0081459379152
265.0,668.0,408.0,668.0,265.0,668.0,20449.0,106276.0,126725.0,143.0,326.0,355.9845502265513,0.401702826454108,1.1574207897918183,113.68467362423037
266.0,668.0,411.0,668.0,266.0,668.0,21025.0,105625.0,126650.0,145.0,325.0,355.8791929854849,0.40744163429052754,1.1511454646597927,114.04422326936782
263.0,677.0,416.0,677.0,263.0,677.0,23409.0,101124.0,124533.0,153.0,318.0,352.89233485583105,0.4335599980161255,1.1223566707198276,115.69369965939963
260.0,690.0,421.0,690.0,260.0,690.0,25921.0,90601.0,116522.0,161.0,301.0,341.35318952662504,0.4716522503371607,1.079632728508636,118.14160123226172
262.0,700.0,425.0,700.0,262.0,700.0,26569.0,87025.0,113594.0,163.0,295.0,337.0370899470858,0.4836262977038839,1.0660032938221944,118.92251031694404
262.0,704.0,430.0,704.0,262.0,704.0,28224.0,82944.0,111168.0,168.0,288.0,333.4186557467953,0.5038710255240862,1.0427218783685368,120.25643716352927
263.0,711.0,431.0,711.0,263.0,711.0,28224.0,82369.0,110593.0,168.0,287.0,332.5552585661517,0.5051792015689373,1.0412067280128203,120.34324888423957
263.0,716.0,436.0,716.0,263.0,716.0,29929.0,78961.0,108890.0,173.0,281.0,329.98484813700156,0.5242664958003608,1.0189428133974074,121.61887722714235
264.0,725.0,440.0,725.0,264.0,725.0,30976.0,73441.0,104417.0,176.0,271.0,323.1361941968123,0.5446619820396963,0.9948103122037802,123.00156769463162
262.0,733.0,441.0,733.0,262.0,733.0,32041.0,69169.0,101210.0,179.0,263.0,318.1351913888182,0.5626538806303573,0.9732037818474276,124.23953069397191
264.0,739.0,445.0,739.0,264.0,739.0,32761.0,69696.0,102457.0,181.0,264.0,320.0890501094969,0.565467640764603,0.9697961883158601,124.4347714216268
261.0,744.0,454.0,744.0,261.0,744.0,37249.0,69696.0,106945.0,193.0,264.0,327.0244639166923,0.5901699147778917,0.9395270238382425,126.16906679558161
261.0,756.0,454.0,756.0,261.0,756.0,37249.0,64516.0,101765.0,193.0,254.0,319.00626953086675,0.6050037834172581,0.921025707671127,127.2291141273945
267.0,766.0,458.0,766.0,267.0,766.0,36481.0,60516.0,96997.0,191.0,246.0,311.4434138009664,0.6132735242944068,0.9105979901847783,127.82657832931704
267.0,775.0,462.0,775.0,267.0,775.0,38025.0,60025.0,98050.0,195.0,245.0,313.12936623702353,0.622745807406625,0.8985491449879329,128.51692630710275
267.0,783.0,466.0,783.0,267.0,783.0,39601.0,59536.0,99137.0,199.0,244.0,314.8602864763989,0.6320263575537225,0.8866310604228353,129.19978225256284
268.0,788.0,465.0,788.0,268.0,788.0,38809.0,61009.0,99818.0,197.0,247.0,315.93986769637036,0.6235363755653786,0.8975383296039063,128.57484176247436
269.0,800.0,469.0,800.0,269.0,800.0,40000.0,56644.0,96644.0,200.0,238.0,310.87618113969427,0.6433429517397754,0.8719394577410082,130.04154908051464
268.0,804.0,471.0,804.0,268.0,804.0,41209.0,56169.0,97378.0,203.0,237.0,312.05448242254107,0.6505274284928407,0.8625176389424186,130.58137953301082
269.0,810.0,474.0,810.0,269.0,810.0,42025.0,57121.0,99146.0,205.0,239.0,314.8745782053546,0.6510528768896143,0.8618255834441997,130.6210313922476
270.0,817.0,474.0,817.0,270.0,817.0,41616.0,56644.0,98260.0,204.0,238.0,313.4645115479582,0.6507913734559685,0.8621700546672264,130.60129464500446
270.0,820.0,477.0,820.0,270.0,820.0,42849.0,55696.0,98545.0,207.0,236.0,313.9187793044564,0.6594062338629304,0.8507676462969704,131.25460452090476
270.0,828.0,481.0,828.0,270.0,828.0,44521.0,55225.0,99746.0,211.0,235.0,315.8259014077218,0.668089599553158,0.8391579719352223,131.91978986335417
271.0,833.0,480.0,833.0,271.0,833.0,43681.0,53824.0,97505.0,209.0,232.0,312.2579062249665,0.6693185211119226,0.8375051479198633,132.01448970371212
272.0,836.0,484.0,836.0,272.0,836.0,44944.0,55225.0,100169.0,212.0,235.0,316.4948656771544,0.6698370905525335,0.8368069653320498,132.05449261932336
273.0,845.0,482.0,845.0,273.0,845.0,43681.0,54289.0,97970.0,209.0,233.0,313.0015974400131,0.667728221547032,0.8396435364670334,131.89196906500015
273.0,855.0,485.0,855.0,273.0,855.0,44944.0,50625.0,95569.0,212.0,225.0,309.142362027594,0.6857681962754653,0.8151376764559747,133.29605141697223
275.0,861.0,484.0,861.0,275.0,861.0,43681.0,51529.0,95210.0,209.0,227.0,308.5611770783875,0.6773373176072155,0.8266591359509274,132.63592041408052
277.0,866.0,483.0,866.0,277.0,866.0,42436.0,50176.0,92612.0,206.0,224.0,304.32219767871027,0.6769141441909721,0.8272342035112282,132.6029714699404
277.0,873.0,485.0,873.0,277.0,873.0,43264.0,50625.0,93889.0,208.0,225.0,306.413119823548,0.678822108269318,0.8246389794131821,132.75166685764907
276.0,878.0,488.0,878.0,276.0,878.0,44944.0,50625.0,95569.0,212.0,225.0,309.142362027594,0.6857681962754653,0.8151376764559747,133.29605141697223
277.0,883.0,491.0,883.0,277.0,883.0,45796.0,51529.0,97325.0,214.0,227.0,311.96954979612997,0.6859643838312027,0.8148680871714221,133.31149774517905
281.0,887.0,493.0,887.0,281.0,887.0,44944.0,50176.0,95120.0,212.0,224.0,308.41530441921975,0.68738482481996,0.8129141526829027,133.42344994481627
283.0,892.0,498.0,892.0,283.0,892.0,46225.0,50176.0,96401.0,215.0,224.0,310.4851043125902,0.6924647817678955,0.8058964308866927,133.82553578553606
283.0,895.0,498.0,895.0,283.0,895.0,46225.0,51529.0,97754.0,215.0,227.0,312.65636088203934,0.6876559280401666,0.8125408171545557,133.44484049493283
284.0,898.0,502.0,898.0,284.0,898.0,47524.0,51529.0,99053.0,218.0,227.0,314.7268657105713,0.6926640962404425,0.8056201256070832,133.84136691191486
284.0,906.0,505.0,906.0,284.0,906.0,48841.0,50625.0,99466.0,221.0,225.0,315.38230768386484,0.7007368346785247,0.7943665328082669,134.48615028364588
286.0,908.0,506.0,908.0,286.0,908.0,48400.0,50176.0,98576.0,220.0,224.0,313.9681512510465,0.700708014884254,0.7944069286878652,134.48383577023515
288.0,913.0,510.0,913.0,288.0,913.0,49284.0,49729.0,99013.0,222.0,223.0,314.66331212901196,0.7055159958050019,0.7876453506260235,134.87124565602693
289.0,916.0,515.0,916.0,289.0,916.0,51076.0,49284.0,100360.0,226.0,222.0,316.79646462673793,0.713391799577947,0.7764698292176118,135.51155586658703
292.0,924.0,511.0,924.0,292.0,924.0,47961.0,47961.0,95922.0,219.0,219.0,309.7127701597078,0.7071067811865476,0.7853981633974483,135.0
296.0,926.0,514.0,926.0,296.0,926.0,47524.0,49729.0,97253.0,218.0,223.0,311.8541325684173,0.6990447687980317,0.7967355460983253,134.3504158205151
299.0,932.0,514.0,932.0,299.0,932.0,46225.0,48400.0,94625.0,215.0,220.0,307.6117683054405,0.6989329478010008,0.796891910112479,134.34145682243638
299.0,936.0,518.0,936.0,299.0,936.0,47961.0,47524.0,95485.0,219.0,218.0,309.00647242412253,0.7087230189127385,0.7831098378722275,135.13111139474722
304.0,937.0,516.0,937.0,304.0,937.0,44944.0,50176.0,95120.0,212.0,224.0,308.41530441921975,0.68738482481996,0.8129141526829027,133.42344994481627
306.0,942.0,518.0,942.0,306.0,942.0,44944.0,48400.0,93344.0,212.0,220.0,305.522503262853,0.6938932410409328,0.8039145654654574,133.93908830973578
306.0,944.0,518.0,944.0,306.0,944.0,44944.0,49729.0,94673.0,212.0,223.0,307.6897788357618,0.6890056627885617,0.8106801317830419,133.5514499137223
310.0,948.0,517.0,948.0,310.0,948.0,42849.0,49729.0,92578.0,207.0,223.0,304.26633070387527,0.6803250281460195,0.8225903074823081,132.8690471128951
311.0,949.0,519.0,949.0,311.0,949.0,43264.0,51529.0,94793.0,208.0,227.0,307.88471868541967,0.6755775372291972,0.8290485799355733,132.4990153583774
316.0,950.0,517.0,950.0,316.0,950.0,40401.0,53824.0,94225.0,201.0,232.0,306.9609095634166,0.6548065038179541,0.8568697509450923,130.90497967842023
318.0,952.0,517.0,952.0,318.0,952.0,39601.0,58564.0,98165.0,199.0,242.0,313.31294259892934,0.6351477163672077,0.8825965761343589,129.4309411748044
324.0,955.0,520.0,955.0,324.0,955.0,38416.0,57121.0,95537.0,196.0,239.0,309.09060160412514,0.6341182778861438,0.883928642011776,129.354619421995
327.0,955.0,522.0,955.0,327.0,955.0,38025.0,60025.0,98050.0,195.0,245.0,313.12936623702353,0.622745807406625,0.8985491449879329,128.51692630710275
328.0,958.0,523.0,958.0,328.0,958.0,38025.0,60025.0,98050.0,195.0,245.0,313.12936623702353,0.622745807406625,0.8985491449879329,128.51692630710275
334.0,956.0,525.0,956.0,334.0,956.0,36481.0,63504.0,99985.0,191.0,252.0,316.2040480449294,0.6040403378164876,0.9222351726364051,127.15981688941511
338.0,956.0,529.0,956.0,338.0,956.0,36481.0,63504.0,99985.0,191.0,252.0,316.2040480449294,0.6040403378164876,0.9222351726364051,127.15981688941511
344.0,956.0,528.0,956.0,344.0,956.0,33856.0,65536.0,99392.0,184.0,256.0,315.2649679238085,0.5836360481525753,0.9475969968608307,125.70669140060289
346.0,957.0,531.0,957.0,346.0,957.0,34225.0,65536.0,99761.0,185.0,256.0,315.8496477756466,0.5857217233036418,0.9450261019063336,125.85399283106705
354.0,958.0,532.0,958.0,354.0,958.0,31684.0,66564.0,98248.0,178.0,258.0,313.4453700407776,0.5678820522276119,0.9668658667919423,124.60266647756364
358.0,958.0,537.0,958.0,358.0,958.0,32041.0,67081.0,99122.0,179.0,259.0,314.836465486449,0.5685491346227313,0.9660551985734357,124.64911434506948
363.0,959.0,538.0,959.0,363.0,959.0,30625.0,68644.0,99269.0,175.0,262.0,315.06983352901307,0.5554324196635131,0.9819134417845637,123.74050393857985
368.0,957.0,547.0,957.0,368.0,957.0,32041.0,67600.0,99641.0,179.0,260.0,315.6596268134397,0.5670665007336909,0.9678563457387235,124.54591621421653
375.0,957.0,548.0,957.0,375.0,957.0,29929.0,69696.0,99625.0,173.0,264.0,315.6342820417326,0.5481026930310638,0.9907021699684443,123.23694690635581
384.0,960.0,543.0,960.0,384.0,960.0,25281.0,71289.0,96570.0,159.0,267.0,310.75713990188547,0.5116535698912683,1.0336880727005164,120.7740361012482
391.0,959.0,543.0,959.0,391.0,959.0,23104.0,72361.0,95465.0,152.0,269.0,308.97410894765926,0.491950605562711,1.0564675177166354,119.46887004217427
395.0,955.0,549.0,955.0,395.0,955.0,23716.0,75625.0,99341.0,154.0,275.0,315.1840732016769,0.48860336893184325,1.0603080048781208,119.24882633654698
403.0,953.0,553.0,953.0,403.0,953.0,22500.0,75625.0,98125.0,150.0,275.0,313.2491021535417,0.47885213068057325,1.0714496051147666,118.61045966596521
408.0,952.0,554.0,952.0,408.0,952.0,21316.0,75625.0,96941.0,146.0,275.0,311.35349684883903,0.46892037981793555,1.0827282860318161,117.96423885094353
416.0,951.0,554.0,951.0,416.0,951.0,19044.0,80656.0,99700.0,138.0,284.0,315.75306807693886,0.43705038510148014,1.1184796775986265,115.91583500244569
427.0,948.0,549.0,948.0,427.0,948.0,14884.0,84681.0,99565.0,122.0,291.0,315.53922101697594,0.3866397324769856,1.17381115893364,112.74557464774253
430.0,950.0,554.0,950.0,430.0,950.0,15376.0,82944.0,98320.0,124.0,288.0,313.5602015562562,0.3954583502133418,1.164229500200355,113.29456325389442
439.0,948.0,553.0,948.0,439.0,948.0,12996.0,84681.0,97677.0,114.0,291.0,312.5331982366033,0.36476124982311886,1.197419953634692,111.39289035198144
449.0,944.0,555.0,944.0,449.0,944.0,11236.0,89401.0,100637.0,106.0,299.0,317.2333525971063,0.33413888902981287,1.2301048673011679,109.5201827451429
453.0,944.0,557.0,944.0,453.0,944.0,10816.0,88804.0,99620.0,104.0,298.0,315.6263613832026,0.32950352924967946,1.2350186363540905,109.23864451690844
462.0,942.0,558.0,942.0,462.0,942.0,9216.0,89401.0,98617.0,96.0,299.0,314.03343771006297,0.3056999302368359,1.2601228621155678,107.80027833283219
472.0,944.0,559.0,944.0,472.0,944.0,7569.0,90000.0,97569.0,87.0,300.0,312.360368805007,0.27852445024583233,1.2885389048134055,106.17215901578255
477.0,941.0,560.0,941.0,477.0,941.0,6889.0,93636.0,100525.0,83.0,306.0,317.0567772497538,0.26178276559790664,1.3059274026264356,105.17587147902346
482.0,938.0,561.0,938.0,482.0,938.0,6241.0,94864.0,101105.0,79.0,308.0,317.9701243827791,0.2484510145516003,1.319715527357145,104.38587012455386
485.0,938.0,561.0,938.0,485.0,938.0,5776.0,94249.0,100025.0,76.0,307.0,316.26729201736936,0.24030306616665909,1.328118273106065,103.90442825681924
491.0,935.0,563.0,935.0,491.0,935.0,5184.0,94864.0,100048.0,72.0,308.0,316.30365157550744,0.227629367038187,1.341153884509762,103.1575427400148
497.0,933.0,564.0,933.0,497.0,933.0,4489.0,97969.0,102458.0,67.0,313.0,320.09061217099134,0.20931572952289157,1.3599211912557918,102.08225527063989
502.0,931.0,565.0,931.0,502.0,931.0,3969.0,99225.0,103194.0,63.0,315.0,321.23822935634547,0.19611613513818402,1.373400766945016,101.30993247402021
511.0,931.0,565.0,931.0,511.0,931.0,2916.0,101124.0,104040.0,54.0,318.0,322.5523213371747,0.16741469965597303,1.4025895549378105,99.63753811293094
516.0,928.0,566.0,928.0,516.0,928.0,2500.0,103041.0,105541.0,50.0,321.0,324.87074352732964,0.15390736468639185,1.4162747796650679,98.85343249437102
521.0,927.0,567.0,927.0,521.0,927.0,2116.0,103684.0,105800.0,46.0,322.0,325.2691193458119,0.1414213562373095,1.4288992721907328,98.13010235415597
526.0,928.0,563.0,928.0,526.0,928.0,1369.0,103041.0,104410.0,37.0,321.0,323.12536266904215,0.11450664130595305,1.4560379666180754,96.57516970197403
530.0,927.0,563.0,927.0,530.0,927.0,1089.0,103041.0,104130.0,33.0,321.0,322.69180342859653,0.10226476052188309,1.4683524732877722,95.8696004430147
531.0,925.0,563.0,925.0,531.0,925.0,1024.0,104329.0,105353.0,32.0,323.0,324.5812687140156,0.09858856035279963,1.4720473552216338,95.6578993024053
536.0,925.0,564.0,925.0,536.0,925.0,784.0,104329.0,105113.0,28.0,323.0,324.211350819184,0.08636341673187095,1.4843251891813567,94.95443123495077
540.0,926.0,563.0,926.0,540.0,926.0,529.0,103684.0,104213.0,23.0,322.0,322.8203834952186,0.07124704998790964,1.4994888620096063,94.08561677997487
544.0,927.0,563.0,927.0,544.0,927.0,361.0,102400.0,102761.0,19.0,320.0,320.5635662392094,0.05927061588097604,1.5114909529346432,93.397947624638
549.0,926.0,563.0,926.0,549.0,926.0,196.0,103041.0,103237.0,14.0,321.0,321.3051509079803,0.043572286222107626,1.527210241462321,92.49729873505365
554.0,925.0,563.0,925.0,554.0,925.0,81.0,103684.0,103765.0,9.0,322.0,322.1257518423512,0.027939399282813665,1.542853291272057,91.60101800224284
554.0,925.0,563.0,925.0,554.0,925.0,81.0,103684.0,103765.0,9.0,322.0,322.1257518423512,0.027939399282813665,1.542853291272057,91.60101800224284
559.0,928.0,563.0,928.0,559.0,928.0,16.0,104329.0,104345.0,4.0,323.0,323.02476685232665,0.012382951434273868,1.5584130588770102,90.70950898827465
564.0,927.0,564.0,927.0,564.0,927.0,0.0,104976.0,104976.0,0.0,324.0,324.0,nan,nan,nan
564.0,925.0,564.0,925.0,564.0,925.0,0.0,106276.0,106276.0,0.0,326.0,326.0,nan,nan,nan
569.0,925.0,565.0,925.0,569.0,925.0,16.0,106276.0,106292.0,4.0,326.0,326.02453895374197,0.012269015126396792,1.5585270038410992,89.29701957726442
570.0,928.0,565.0,928.0,570.0,928.0,25.0,104329.0,104354.0,5.0,323.0,323.03869737231173,0.015478021799466803,1.5553176869193512,89.11313926252835
575.0,928.0,565.0,928.0,575.0,928.0,100.0,104329.0,104429.0,10.0,323.0,323.154761685481,0.030944925421624355,1.5398464604935593,88.22670328443921
575.0,927.0,566.0,927.0,575.0,927.0,81.0,104976.0,105057.0,9.0,324.0,324.1249758966439,0.027767067240353292,1.5430256902014756,88.40885972880542
576.0,926.0,561.0,926.0,576.0,926.0,225.0,105625.0,105850.0,15.0,325.0,325.3459696999488,0.04610476660840087,1.5246752107803854,87.35745470593528
576.0,926.0,567.0,926.0,576.0,926.0,81.0,105625.0,105706.0,9.0,325.0,325.12459150301135,0.027681695679782625,1.5431110945910536,88.41375303988012
581.0,929.0,567.0,929.0,581.0,929.0,196.0,103684.0,103880.0,14.0,322.0,322.3042041301975,0.04343722427630693,1.5273454314033659,87.51044707800085
582.0,928.0,568.0,928.0,582.0,928.0,196.0,104329.0,104525.0,14.0,323.0,323.3032632065442,0.043302996267798315,1.5274797858295357,87.51814501957928
582.0,929.0,568.0,929.0,582.0,929.0,196.0,103684.0,103880.0,14.0,322.0,322.3042041301975,0.04343722427630693,1.5273454314033659,87.51044707800085
587.0,928.0,568.0,928.0,587.0,928.0,361.0,104976.0,105337.0,19.0,324.0,324.5566206380637,0.0585414032308041,1.5122214340572973,86.64390586070407
588.0,928.0,568.0,928.0,588.0,928.0,400.0,104976.0,105376.0,20.0,324.0,324.6166970443757,0.061611125312096816,1.5091461561556376,86.46770541610911
588.0,927.0,569.0,927.0,588.0,927.0,361.0,105625.0,105986.0,19.0,325.0,325.55491088294156,0.05836189031358754,1.5124012544242749,86.65420880880238
593.0,928.0,569.0,928.0,593.0,928.0,576.0,104329.0,104905.0,24.0,323.0,323.8904135660702,0.07409913660536377,1.4966292129634677,85.75053739879277
593.0,927.0,569.0,927.0,593.0,927.0,576.0,104976.0,105552.0,24.0,324.0,324.8876728963412,0.07387168551531179,1.4968572891369563,85.76360520094116
594.0,932.0,569.0,932.0,594.0,932.0,625.0,101761.0,102386.0,25.0,319.0,319.97812425226823,0.07813034112385195,1.492586277360353,85.51889425189113
594.0,931.0,570.0,931.0,594.0,931.0,576.0,103041.0,103617.0,24.0,321.0,321.895945920417,0.07455825493973003,1.4961688210873838,85.72415888737106
599.0,931.0,570.0,931.0,599.0,931.0,841.0,103041.0,103882.0,29.0,321.0,322.3073067741406,0.08997624127808551,1.4806982372878563,84.83775972905467
599.0,931.0,575.0,931.0,599.0,931.0,576.0,103041.0,103617.0,24.0,321.0,321.895945920417,0.07455825493973003,1.4961688210873838,85.72415888737106
599.0,931.0,575.0,931.0,599.0,931.0,576.0,102400.0,102976.0,24.0,320.0,320.8987379221053,0.07478994824163422,1.4959364790841299,85.71084667118099
604.0,931.0,575.0,931.0,604.0,931.0,841.0,102400.0,103241.0,29.0,320.0,321.3113754600045,0.09025513011633103,1.4804182090992333,84.82171529570188
604.0,932.0,575.0,932.0,604.0,932.0,841.0,101761.0,102602.0,29.0,319.0,320.31546949843056,0.09053574604251854,1.4801364395941514,84.8055710922652
604.0,931.0,575.0,931.0,604.0,931.0,841.0,102400.0,103241.0,29.0,320.0,321.3113754600045,0.09025513011633103,1.4804182090992333,84.82171529570188
604.0,931.0,575.0,931.0,604.0,931.0,841.0,102400.0,103241.0,29.0,320.0,321.3113754600045,0.09025513011633103,1.4804182090992333,84.82171529570188
604.0,931.0,575.0,931.0,604.0,931.0,841.0,102400.0,103241.0,29.0,320.0,321.3113754600045,0.09025513011633103,1.4804182090992333,84.82171529570188
605.0,934.0,576.0,934.0,605.0,934.0,841.0,101124.0,101965.0,29.0,318.0,319.3195891266303,0.09081810508186415,1.4798529125249131,84.78932618782012
605.0,930.0,576.0,930.0,605.0,930.0,841.0,103684.0,104525.0,29.0,322.0,323.3032632065442,0.08969906369758222,1.48097654020861,84.85370531184002
605.0,930.0,576.0,930.0,605.0,930.0,841.0,103684.0,104525.0,29.0,322.0,323.3032632065442,0.08969906369758222,1.48097654020861,84.85370531184002
599.0,935.0,569.0,935.0,599.0,935.0,900.0,103041.0,103941.0,30.0,321.0,322.3988213377958,0.09305244937160385,1.4776090650260174,84.66076319626241
604.0,936.0,570.0,936.0,604.0,936.0,1156.0,99856.0,101012.0,34.0,316.0,317.8238505839359,0.10697749692961053,1.4636137268012164,83.8588893831232
603.0,936.0,574.0,936.0,603.0,936.0,841.0,99856.0,100697.0,29.0,316.0,317.3279061160553,0.09138811759402568,1.4792805196890442,84.75653049410131
603.0,937.0,574.0,937.0,603.0,937.0,841.0,99225.0,100066.0,29.0,315.0,316.3321039667014,0.09167580411962446,1.4789916204033906,84.73997778432901
603.0,937.0,574.0,937.0,603.0,937.0,841.0,99225.0,100066.0,29.0,315.0,316.3321039667014,0.09167580411962446,1.4789916204033906,84.73997778432901
603.0,937.0,574.0,937.0,603.0,937.0,841.0,99225.0,100066.0,29.0,315.0,316.3321039667014,0.09167580411962446,1.4789916204033906,84.73997778432901
602.0,937.0,569.0,937.0,602.0,937.0,1089.0,98596.0,99685.0,33.0,314.0,315.729314445143,0.10451991148808466,1.4660851705565126,84.00049267960563
602.0,937.0,568.0,937.0,602.0,937.0,1156.0,98596.0,99752.0,34.0,314.0,315.8354001691387,0.10765101056370516,1.462936301122813,83.8200757508169
602.0,937.0,569.0,937.0,602.0,937.0,1089.0,98596.0,99685.0,33.0,314.0,315.729314445143,0.10451991148808466,1.4660851705565126,84.00049267960563
602.0,937.0,568.0,937.0,602.0,937.0,1156.0,98596.0,99752.0,34.0,314.0,315.8354001691387,0.10765101056370516,1.462936301122813,83.8200757508169
602.0,937.0,568.0,937.0,602.0,937.0,1156.0,98596.0,99752.0,34.0,314.0,315.8354001691387,0.10765101056370516,1.462936301122813,83.8200757508169
602.0,937.0,568.0,937.0,602.0,937.0,1156.0,98596.0,99752.0,34.0,314.0,315.8354001691387,0.10765101056370516,1.462936301122813,83.8200757508169
602.0,937.0,568.0,937.0,602.0,937.0,1156.0,98596.0,99752.0,34.0,314.0,315.8354001691387,0.10765101056370516,1.462936301122813,83.8200757508169
602.0,936.0,568.0,936.0,602.0,936.0,1156.0,99225.0,100381.0,34.0,315.0,316.8296072023573,0.1073132031448197,1.4632760768577437,83.8395434664094
597.0,936.0,568.0,936.0,597.0,936.0,841.0,99225.0,100066.0,29.0,315.0,316.3321039667014,0.09167580411962446,1.4789916204033906,84.73997778432901
597.0,936.0,568.0,936.0,597.0,936.0,841.0,99225.0,100066.0,29.0,315.0,316.3321039667014,0.09167580411962446,1.4789916204033906,84.73997778432901
597.0,937.0,568.0,937.0,597.0,937.0,841.0,98596.0,99437.0,29.0,314.0,315.3363283860583,0.09196529987022627,1.478700896509064,84.7233205321805
598.0,936.0,568.0,936.0,598.0,936.0,900.0,99225.0,100125.0,30.0,315.0,316.4253466459348,0.09480909262799546,1.4758446204521403,84.55966796899449
598.0,936.0,569.0,936.0,598.0,936.0,841.0,99225.0,100066.0,29.0,315.0,316.3321039667014,0.09167580411962446,1.4789916204033906,84.73997778432901
594.0,935.0,569.0,935.0,594.0,935.0,625.0,100489.0,101114.0,25.0,317.0,317.9842763408279,0.078620239615886,1.4920948672493408,85.49073852652008
593.0,936.0,569.0,936.0,593.0,936.0,576.0,99225.0,99801.0,24.0,315.0,315.91296269700615,0.07597029192821864,1.4947527675157795,85.6430249941537
594.0,935.0,569.0,935.0,594.0,935.0,625.0,99856.0,100481.0,25.0,316.0,316.98738145232215,0.07886749272308252,1.4918468439997663,85.47652784109833
589.0,935.0,569.0,935.0,589.0,935.0,400.0,99856.0,100256.0,20.0,316.0,316.6322788346128,0.06316475399669104,1.5075894948974364,86.37851529588266
588.0,935.0,569.0,935.0,588.0,935.0,361.0,99856.0,100217.0,19.0,316.0,316.5706872090339,0.06001819109504022,1.5107420444119497,86.55914307777029
588.0,935.0,569.0,935.0,588.0,935.0,361.0,99856.0,100217.0,19.0,316.0,316.5706872090339,0.06001819109504022,1.5107420444119497,86.55914307777029
583.0,935.0,569.0,935.0,583.0,935.0,196.0,99856.0,100052.0,14.0,316.0,316.30997455028194,0.04426038103889924,1.5265214821253905,87.46323826184002
583.0,935.0,569.0,935.0,583.0,935.0,196.0,99856.0,100052.0,14.0,316.0,316.30997455028194,0.04426038103889924,1.5265214821253905,87.46323826184002
578.0,930.0,569.0,930.0,578.0,930.0,81.0,103041.0,103122.0,9.0,321.0,321.1261434389919,0.02802636964906545,1.5427662868350502,88.39399701071775
578.0,931.0,568.0,931.0,578.0,931.0,100.0,102400.0,102500.0,10.0,320.0,320.1562118716424,0.031234752377721213,1.5395564933646284,88.21008939175394
573.0,932.0,568.0,932.0,573.0,932.0,25.0,102400.0,102425.0,5.0,320.0,320.0390601161052,0.015623093000542114,1.5551725981744198,89.10482628978893
568.0,927.0,568.0,927.0,568.0,927.0,0.0,105625.0,105625.0,0.0,325.0,325.0,nan,nan,nan
563.0,931.0,568.0,931.0,563.0,931.0,25.0,103041.0,103066.0,5.0,321.0,321.0389384482823,0.015574434752890493,1.555221262342954,90.89238545874055
559.0,931.0,568.0,931.0,559.0,931.0,81.0,103684.0,103765.0,9.0,322.0,322.1257518423512,0.027939399282813665,1.542853291272057,91.60101800224284
553.0,931.0,568.0,931.0,553.0,931.0,225.0,103041.0,103266.0,15.0,321.0,321.3502761785028,0.046678036746630465,1.5241013227515663,92.67542665602915
548.0,932.0,567.0,932.0,548.0,932.0,361.0,103041.0,103402.0,19.0,321.0,321.5618136533006,0.05908661785470987,1.5116752740004538,93.3873868054917
543.0,932.0,567.0,932.0,543.0,932.0,576.0,103041.0,103617.0,24.0,321.0,321.895945920417,0.07455825493973003,1.4961688210873838,94.27584111262894
537.0,929.0,561.0,929.0,537.0,929.0,576.0,104976.0,105552.0,24.0,324.0,324.8876728963412,0.07387168551531179,1.4968572891369563,94.23639479905884
527.0,932.0,560.0,932.0,527.0,932.0,1089.0,103041.0,104130.0,33.0,321.0,322.69180342859653,0.10226476052188309,1.4683524732877722,95.8696004430147
522.0,934.0,560.0,934.0,522.0,934.0,1444.0,101761.0,103205.0,38.0,319.0,321.2553501500014,0.1182859677893518,1.4522327732889377,96.79319121996495
516.0,934.0,559.0,934.0,516.0,934.0,1849.0,101761.0,103610.0,43.0,319.0,321.8850726579286,0.1335880525459988,1.4368077189118478,97.676981734532
507.0,934.0,559.0,934.0,507.0,934.0,2704.0,99225.0,101929.0,52.0,315.0,319.2632142919068,0.1628750124417894,1.4071924473275401,99.37381180544655
497.0,939.0,559.0,939.0,497.0,939.0,3844.0,96100.0,99944.0,62.0,310.0,316.1392098427527,0.19611613513818404,1.373400766945016,101.30993247402021
492.0,937.0,563.0,937.0,492.0,937.0,5041.0,97344.0,102385.0,71.0,312.0,319.97656164163027,0.2218912523959149,1.3470426789789858,102.8201396705083
482.0,939.0,562.0,939.0,482.0,939.0,6400.0,96100.0,102500.0,80.0,310.0,320.1562118716424,0.2498780190217697,1.3182420510168371,104.47029410006589
473.0,944.0,558.0,944.0,473.0,944.0,7225.0,90601.0,97826.0,85.0,301.0,312.7714820759719,0.27176390710503967,1.2955708785707185,105.76925659784176
463.0,941.0,562.0,941.0,463.0,941.0,9801.0,95481.0,105282.0,99.0,309.0,324.47187859658965,0.3051111869176343,1.2607411455639435,107.76485330069747
454.0,945.0,556.0,945.0,454.0,945.0,10404.0,90601.0,101005.0,102.0,301.0,317.81283800375337,0.32094361146856937,1.2440706890674003,108.72000010050584
444.0,947.0,554.0,947.0,444.0,947.0,12100.0,89401.0,101501.0,110.0,299.0,318.5922158496657,0.3452689504878103,1.2182709831136587,110.19821436433378
439.0,950.0,553.0,950.0,439.0,950.0,12996.0,87616.0,100612.0,114.0,296.0,317.1939469788161,0.35940156199643225,1.2031697994811186,111.06344845213036
429.0,950.0,551.0,950.0,429.0,950.0,14884.0,88804.0,103688.0,122.0,298.0,322.0062111202205,0.37887467939073854,1.1822163073480014,112.26399511741855
417.0,955.0,547.0,955.0,417.0,955.0,16900.0,87025.0,103925.0,130.0,295.0,322.37400639629743,0.4032583192833164,1.1557215931002232,113.78203042322137
409.0,956.0,547.0,956.0,409.0,956.0,19044.0,87616.0,106660.0,138.0,296.0,326.58842600435185,0.42255018552972584,1.134539126268953,114.99569637232901
398.0,959.0,545.0,959.0,398.0,959.0,21609.0,82944.0,104553.0,147.0,288.0,323.34656330321496,0.45462057335105255,1.098850153109421,117.04052390952586
389.0,962.0,543.0,962.0,389.0,962.0,23716.0,81796.0,105512.0,154.0,286.0,324.8261073251348,0.47409982303501746,1.0768549578753155,118.30075576600638
382.0,967.0,543.0,967.0,382.0,967.0,25921.0,75076.0,100997.0,161.0,274.0,317.8002517305485,0.5066075282297328,1.0395508810694223,120.43812192561592
371.0,967.0,540.0,967.0,371.0,967.0,28561.0,75076.0,103637.0,169.0,274.0,321.92701036104444,0.5249637171185628,1.018123843599991,121.665800740083
362.0,969.0,542.0,969.0,362.0,969.0,32400.0,73441.0,105841.0,180.0,271.0,325.33213797594607,0.5532807214186402,0.9844987514331082,123.5923766069838
354.0,970.0,539.0,970.0,354.0,970.0,34225.0,71289.0,105514.0,185.0,267.0,324.82918588082566,0.5695301039478434,0.9648622551099212,124.71746497072657
348.0,973.0,534.0,973.0,348.0,973.0,34596.0,69169.0,103765.0,186.0,263.0,322.1257518423512,0.5774142518448159,0.9552382535244519,125.26887964360117
339.0,976.0,543.0,976.0,339.0,976.0,41616.0,65025.0,106641.0,204.0,255.0,326.5593361090753,0.6246950475544243,0.8960553845713439,128.65980825409008
333.0,975.0,542.0,975.0,333.0,975.0,43681.0,65536.0,109217.0,209.0,256.0,330.47995400629065,0.6324135472253839,0.8861313247477476,129.2284149976175
325.0,977.0,537.0,977.0,325.0,977.0,44944.0,64516.0,109460.0,212.0,254.0,330.84739684634064,0.6407788062435977,0.8752840569447018,129.84991766198016
319.0,978.0,541.0,978.0,319.0,978.0,49284.0,61009.0,110293.0,222.0,247.0,332.10389940499044,0.6684655025061234,0.8386526662682753,131.9487417454343
313.0,978.0,534.0,978.0,313.0,978.0,48841.0,61009.0,109850.0,221.0,247.0,331.436268383531,0.6667948594698258,0.840896668643165,131.82016988013578
311.0,978.0,531.0,978.0,311.0,978.0,48400.0,60516.0,108916.0,220.0,246.0,330.0242415338607,0.6666176974682264,0.841134367711662,131.8065507267167
306.0,975.0,529.0,975.0,306.0,975.0,49729.0,60025.0,109754.0,223.0,245.0,331.291412505667,0.6731233940336,0.8323721296939338,132.3085899842216
298.0,970.0,525.0,970.0,298.0,970.0,51529.0,61504.0,113033.0,227.0,248.0,336.2038072360276,0.6751856912811148,0.8295799192471907,132.46857185833233
293.0,969.0,520.0,969.0,293.0,969.0,51529.0,59536.0,111065.0,227.0,244.0,333.2641594891356,0.6811413514971754,0.8214759205115354,132.93289678306473
295.0,965.0,520.0,965.0,295.0,965.0,50625.0,58564.0,109189.0,225.0,242.0,330.4375886608544,0.6809152702991349,0.8217846661770154,132.91520695948975
292.0,963.0,519.0,963.0,292.0,963.0,51529.0,55225.0,106754.0,227.0,235.0,326.73230633042704,0.6947583560054605,0.8027124503208352,134.0079644340114
288.0,956.0,516.0,956.0,288.0,956.0,51984.0,55696.0,107680.0,228.0,236.0,328.1463088318989,0.6948120209293552,0.8026378345919778,134.0122396003602
287.0,949.0,511.0,949.0,287.0,949.0,50176.0,54289.0,104465.0,224.0,233.0,323.21045775160184,0.6930468820787711,0.8050892722609616,133.87178256818805
282.0,941.0,512.0,941.0,282.0,941.0,52900.0,57121.0,110021.0,230.0,239.0,331.6941362158819,0.693409906560137,0.8045855738510335,133.90064236122436
280.0,936.0,514.0,936.0,280.0,936.0,54756.0,54756.0,109512.0,234.0,234.0,330.92597359530424,0.7071067811865476,0.7853981633974483,135.0
278.0,930.0,508.0,930.0,278.0,930.0,52900.0,54289.0,107189.0,230.0,233.0,327.3973121453504,0.7025103489484051,0.7918775543637013,134.6287582438185
276.0,918.0,500.0,918.0,276.0,918.0,50176.0,57121.0,107297.0,224.0,239.0,327.5622078323444,0.6838395719772701,0.817784244050066,133.1444142636347
271.0,910.0,502.0,910.0,271.0,910.0,53361.0,55225.0,108586.0,231.0,235.0,329.5238989815458,0.7010113703860266,0.7939816435791538,134.5082028120541
269.0,902.0,498.0,902.0,269.0,902.0,52441.0,56644.0,109085.0,229.0,238.0,330.28018408617856,0.6933507095910061,0.804667726618484,133.89593535437413
265.0,891.0,496.0,891.0,265.0,891.0,53361.0,55225.0,108586.0,231.0,235.0,329.5238989815458,0.7010113703860266,0.7939816435791538,134.5082028120541
267.0,879.0,491.0,879.0,267.0,879.0,50176.0,59049.0,109225.0,224.0,243.0,330.49205739321485,0.6777772566361192,0.8260609619241912,132.67019326122684
264.0,871.0,493.0,871.0,264.0,871.0,52441.0,59536.0,111977.0,229.0,244.0,334.62964602676794,0.6843386493666543,0.8171000125033769,133.1836178434697
264.0,860.0,486.0,860.0,264.0,860.0,49284.0,60516.0,109800.0,222.0,246.0,331.3608305156178,0.6699645207146372,0.836635330800867,132.06432655357884
262.0,849.0,480.0,849.0,262.0,849.0,47524.0,56644.0,104168.0,218.0,238.0,322.7506777684595,0.675443972750981,0.8292297211230859,132.48863673283694
260.0,834.0,479.0,834.0,260.0,834.0,47961.0,60025.0,107986.0,219.0,245.0,328.612233491086,0.6664389748166227,0.8413741095235743,131.7928145327213
256.0,825.0,476.0,825.0,256.0,825.0,48400.0,60516.0,108916.0,220.0,246.0,330.0242415338607,0.6666176974682264,0.841134367711662,131.8065507267167
255.0,814.0,472.0,814.0,255.0,814.0,47089.0,61504.0,108593.0,217.0,248.0,329.53452019477413,0.658504607868518,0.8519663271732721,131.18592516570965
249.0,804.0,464.0,804.0,249.0,804.0,46225.0,63001.0,109226.0,215.0,251.0,330.4935702854142,0.6505421567334155,0.862498246319375,130.58249064846493
247.0,796.0,460.0,796.0,247.0,796.0,45369.0,62001.0,107370.0,213.0,249.0,327.67361810191557,0.6500370741893268,0.8631631030001806,130.5443971666737
250.0,782.0,457.0,782.0,250.0,782.0,42849.0,67081.0,109930.0,207.0,259.0,331.5569332708939,0.6243271644416905,0.8965264160956224,128.63282013573132
247.0,770.0,455.0,770.0,247.0,770.0,43264.0,68644.0,111908.0,208.0,262.0,334.52653108535355,0.6217743009056862,0.8997901944701078,128.44581940960722
248.0,760.0,445.0,760.0,248.0,760.0,38809.0,75625.0,114434.0,197.0,275.0,338.2809483255006,0.582356177535729,0.9491722712310634,125.61643482761342
247.0,754.0,444.0,754.0,247.0,754.0,38809.0,74529.0,113338.0,197.0,273.0,336.6570955735227,0.585165150505426,0.9457126243267617,125.8146579938354
245.0,746.0,444.0,746.0,245.0,746.0,39601.0,76176.0,115777.0,199.0,276.0,340.2601945570478,0.5848465473872402,0.9461054624310573,125.79215002842736
248.0,731.0,438.0,731.0,248.0,731.0,36100.0,81225.0,117325.0,190.0,285.0,342.527371169079,0.5547001962252291,0.982793723247329,123.69006752597979
245.0,721.0,441.0,721.0,245.0,721.0,38416.0,82944.0,121360.0,196.0,288.0,348.36762191684807,0.5626240433067091,0.973239873809732,124.23746277685754
241.0,710.0,436.0,710.0,241.0,710.0,38025.0,90601.0,128626.0,195.0,301.0,358.6446709488376,0.5437136413712883,0.995940684227538,122.93680214839064
243.0,704.0,429.0,704.0,243.0,704.0,34596.0,93636.0,128232.0,186.0,306.0,358.0949594730426,0.5194152977570803,1.0246297633611088,121.2930389959202
242.0,694.0,423.0,694.0,242.0,694.0,32761.0,98596.0,131357.0,181.0,314.0,362.43206259932356,0.4994039398774147,1.0478856854993719,119.96057280871287
240.0,687.0,418.0,687.0,240.0,687.0,31684.0,101761.0,133445.0,178.0,319.0,365.301245549478,0.4872690749582755,1.0618366174259217,119.16124328904723
238.0,680.0,418.0,680.0,238.0,680.0,32400.0,103684.0,136084.0,180.0,322.0,368.8956492017763,0.487942865115074,1.061064863768607,119.20546151643515
243.0,675.0,418.0,675.0,243.0,675.0,30625.0,101124.0,131749.0,175.0,318.0,362.97245074523215,0.4821302543504363,1.0677117157510247,118.82462495079446
242.0,667.0,417.0,667.0,242.0,667.0,30625.0,104976.0,135601.0,175.0,324.0,368.2404106015525,0.4752330134384827,1.0755674838763654,118.37452259237904
243.0,659.0,412.0,659.0,243.0,659.0,28561.0,105625.0,134186.0,169.0,325.0,366.31407289373965,0.46135273664198945,1.0912770348023004,117.47443162627712
242.0,650.0,412.0,650.0,242.0,650.0,28900.0,110889.0,139789.0,170.0,333.0,373.8836717483126,0.4546868794913273,1.0987757077276539,117.04478931570536
240.0,645.0,405.0,645.0,240.0,645.0,27225.0,113569.0,140794.0,165.0,337.0,375.22526567383494,0.4397358469550035,1.1154917900029748,116.08702835133602
245.0,640.0,405.0,640.0,245.0,640.0,25600.0,115600.0,141200.0,160.0,340.0,375.7658845611187,0.42579703632987964,1.1309537439791604,115.20112364547508
244.0,629.0,399.0,629.0,244.0,629.0,24025.0,121801.0,145826.0,155.0,349.0,381.87170620510756,0.40589548133934744,1.1528378839416538,113.94725478735062
247.0,623.0,395.0,623.0,247.0,623.0,21904.0,124609.0,146513.0,148.0,353.0,382.7701660265596,0.38665500380123824,1.173794599763587,112.7465234182988
245.0,614.0,385.0,614.0,245.0,614.0,19600.0,131769.0,151369.0,140.0,363.0,389.06169176622876,0.3598401049572371,1.2026998137773592,111.09037664938725
245.0,611.0,379.0,611.0,245.0,611.0,17956.0,133225.0,151181.0,134.0,365.0,388.8200097731597,0.3446324690907151,1.2189490859360599,110.15936193453427
244.0,607.0,373.0,607.0,244.0,607.0,16641.0,135424.0,152065.0,129.0,368.0,389.95512562344913,0.3308072942848449,1.233637421762817,109.31778228359029
249.0,605.0,367.0,605.0,249.0,605.0,13924.0,135424.0,149348.0,118.0,368.0,386.45568956867487,0.3053390160504569,1.260501899671575,107.77856108059602
248.0,599.0,368.0,599.0,248.0,599.0,14400.0,138384.0,152784.0,120.0,372.0,390.87593939765594,0.3070027799227584,1.2587542052323633,107.87869659584133
249.0,595.0,363.0,595.0,249.0,595.0,12996.0,145161.0,158157.0,114.0,381.0,397.68957743446083,0.28665573972399916,1.2800620755438916,106.65784555657866
247.0,595.0,363.0,595.0,247.0,595.0,13456.0,145924.0,159380.0,116.0,382.0,399.2242477605788,0.2905635132402255,1.2759806198052113,106.8916957446745
245.0,591.0,359.0,591.0,245.0,591.0,12996.0,147456.0,160452.0,114.0,384.0,400.56460153138846,0.2845982884263099,1.2822089649008193,106.53483785734515
244.0,590.0,359.0,590.0,244.0,590.0,13225.0,146689.0,159914.0,115.0,383.0,399.892485550804,0.2875772967866632,1.2791000113635262,106.7129677737343
251.0,590.0,358.0,590.0,251.0,590.0,11449.0,145161.0,156610.0,107.0,381.0,395.73981351387937,0.2703796695356943,1.297008959275331,105.68686064286825
249.0,588.0,357.0,588.0,249.0,588.0,11664.0,146689.0,158353.0,108.0,383.0,397.93592449036316,0.27140047769830206,1.2959485008180205,105.74762043682111
248.0,582.0,357.0,582.0,248.0,582.0,11881.0,150544.0,162425.0,109.0,388.0,403.01985062773275,0.2704581420250754,1.2969274499740464,105.69153078182293
249.0,579.0,360.0,579.0,249.0,579.0,12321.0,153664.0,165985.0,111.0,392.0,407.4125673073917,0.2724510948044732,1.2948567443249905,105.81017347612773
255.0,581.0,353.0,581.0,255.0,581.0,9604.0,151321.0,160925.0,98.0,389.0,401.15458367068425,0.24429485288008113,1.324003880892826,104.14016556589932
260.0,578.0,351.0,578.0,260.0,578.0,8281.0,153664.0,161945.0,91.0,392.0,402.42390585053465,0.22612970719934952,1.3426936985149538,103.06931789628217
258.0,574.0,349.0,574.0,258.0,574.0,8281.0,153664.0,161945.0,91.0,392.0,402.42390585053465,0.22612970719934952,1.3426936985149538,103.06931789628217
257.0,576.0,347.0,576.0,257.0,576.0,8100.0,156816.0,164916.0,90.0,396.0,406.0985102164252,0.22162110358896814,1.3473197256542635,102.80426606528675
261.0,579.0,330.0,579.0,261.0,579.0,4761.0,156816.0,161577.0,69.0,396.0,401.96641650764803,0.1716561313740676,1.3982858191882197,99.88412400752208
258.0,579.0,329.0,579.0,258.0,579.0,5041.0,155236.0,160277.0,71.0,394.0,400.3461002682554,0.1773465507780039,1.3925067220634566,100.21524188216718
258.0,575.0,322.0,575.0,258.0,575.0,4096.0,164025.0,168121.0,64.0,405.0,410.0256089563187,0.1560878115952463,1.4140676588917906,98.97989119955545
258.0,579.0,314.0,579.0,258.0,579.0,3136.0,160000.0,163136.0,56.0,400.0,403.9009779636588,0.13864784453440623,1.4317003853128252,97.96961039432136
258.0,577.0,315.0,577.0,258.0,577.0,3249.0,166464.0,169713.0,57.0,408.0,411.9623769229418,0.13836214953838355,1.4319888607122946,97.95308197143842
259.0,575.0,307.0,575.0,259.0,575.0,2304.0,168921.0,171225.0,48.0,411.0,413.7934267240116,0.11599990937510621,1.4545346807124102,96.66130163977014
259.0,576.0,307.0,576.0,259.0,576.0,2304.0,168100.0,170404.0,48.0,410.0,412.8001937984041,0.11627901517759792,1.4542536733082363,96.67740217804125
258.0,572.0,300.0,572.0,258.0,572.0,1764.0,177241.0,179005.0,42.0,421.0,423.08982497810086,0.09926970000324144,1.4713628577424842,95.69711811904791
260.0,574.0,300.0,574.0,260.0,574.0,1600.0,175561.0,177161.0,40.0,419.0,420.90497739988774,0.09503332616092429,1.4756193698646671,95.45323793900056
260.0,571.0,300.0,571.0,260.0,571.0,1600.0,178929.0,180529.0,40.0,423.0,424.88704381282326,0.09414266822789098,1.476514039073557,95.40197716927086
260.0,573.0,293.0,573.0,260.0,573.0,1089.0,175561.0,176650.0,33.0,419.0,420.2975136733502,0.07851581064942291,1.4921996200323888,94.50325958111902
261.0,571.0,293.0,571.0,261.0,571.0,1024.0,171396.0,172420.0,32.0,414.0,415.234873294621,0.07706481815002827,1.4936550229080106,94.4198711388547
262.0,571.0,295.0,571.0,262.0,571.0,1089.0,171396.0,172485.0,33.0,414.0,415.31313487536124,0.07945811781248759,1.4912543595078749,94.557419019714
263.0,571.0,295.0,571.0,263.0,571.0,1024.0,166464.0,167488.0,32.0,408.0,409.2529779977172,0.07819124531863149,1.4925251862736186,94.48460600954462
263.0,566.0,289.0,566.0,263.0,566.0,676.0,171396.0,172072.0,26.0,414.0,414.81562169233695,0.06267844950951207,1.5080767649283078,93.59356618786519
264.0,569.0,290.0,569.0,264.0,569.0,676.0,168100.0,168776.0,26.0,410.0,410.8235631022155,0.06328750912841638,1.5074664936680444,93.62853215543642
264.0,566.0,289.0,566.0,264.0,566.0,625.0,167281.0,167906.0,25.0,409.0,409.76334633541836,0.06101082545224981,1.5097475874898691,93.4978351067725
264.0,566.0,283.0,566.0,264.0,566.0,361.0,168100.0,168461.0,19.0,410.0,410.440007796511,0.04629178354713381,1.524487993948035,92.65327202841222
263.0,564.0,288.0,564.0,263.0,564.0,625.0,172225.0,172850.0,25.0,415.0,415.7523301197481,0.060131954023683556,1.5106280756398869,93.44738685186519
263.0,566.0,282.0,566.0,263.0,566.0,361.0,165649.0,166010.0,19.0,407.0,407.4432475817951,0.04663226133398053,1.5241471480654376,92.67280105894945
263.0,562.0,281.0,562.0,263.0,562.0,324.0,170569.0,170893.0,18.0,413.0,413.3920657196991,0.043542199990371656,1.5272403562750354,92.49557328338427
262.0,566.0,281.0,566.0,262.0,566.0,361.0,168100.0,168461.0,19.0,410.0,410.440007796511,0.04629178354713381,1.524487993948035,92.65327202841222
262.0,567.0,281.0,567.0,262.0,567.0,361.0,167281.0,167642.0,19.0,409.0,409.4410824526528,0.0464047229608356,1.5243749330324854,92.65974994170108
262.0,562.0,281.0,562.0,262.0,562.0,361.0,171396.0,171757.0,19.0,414.0,414.43576100524916,0.04584546457553249,1.5249347872940051,92.62767265537359
263.0,566.0,281.0,566.0,263.0,566.0,324.0,168921.0,169245.0,18.0,411.0,411.3939717594316,0.04375367952772471,1.5270286749996422,92.50770172706625
263.0,563.0,282.0,563.0,263.0,563.0,361.0,173889.0,174250.0,19.0,417.0,417.43262929483603,0.045516326867155725,1.5252642689553868,92.60879474674947
262.0,564.0,281.0,564.0,262.0,564.0,361.0,168921.0,169282.0,19.0,411.0,411.4389383614536,0.04617939195465328,1.524600505864941,92.64682557042856
263.0,565.0,275.0,565.0,263.0,565.0,144.0,166464.0,166608.0,12.0,408.0,408.17643244067875,0.02939905160189274,1.5413930385908916,91.68468431789628
264.0,563.0,276.0,563.0,264.0,563.0,144.0,173056.0,173200.0,12.0,416.0,416.17304093369626,0.028834159879932764,1.5419581699237777,91.65230467765132
265.0,565.0,278.0,565.0,265.0,565.0,169.0,171396.0,171565.0,13.0,414.0,414.2040559917298,0.03138549662164478,1.5394056751770984,91.79855185386535
266.0,562.0,277.0,562.0,266.0,562.0,121.0,167281.0,167402.0,11.0,409.0,409.14789502085915,0.026885143816856735,1.5439079431113543,91.5405909029954
265.0,563.0,277.0,563.0,265.0,563.0,144.0,165649.0,165793.0,12.0,407.0,407.17686574755203,0.02947122248207478,1.541320836424952,91.68882119727633
265.0,563.0,277.0,563.0,265.0,563.0,144.0,165649.0,165793.0,12.0,407.0,407.17686574755203,0.02947122248207478,1.541320836424952,91.68882119727633
265.0,567.0,277.0,567.0,265.0,567.0,144.0,162409.0,162553.0,12.0,403.0,403.17862046492496,0.029763482959890616,1.5410284476780685,91.70557383844987
265.0,567.0,277.0,567.0,265.0,567.0,144.0,162409.0,162553.0,12.0,403.0,403.17862046492496,0.029763482959890616,1.5410284476780685,91.70557383844987
265.0,566.0,271.0,566.0,265.0,566.0,36.0,168921.0,168957.0,6.0,411.0,411.04379328728464,0.014596984793312548,1.5561988235838364,90.83637532542241
265.0,568.0,271.0,568.0,265.0,568.0,36.0,167281.0,167317.0,6.0,409.0,409.04400741240545,0.014668348371500998,1.556127452364402,90.8404645950747
264.0,566.0,270.0,566.0,264.0,566.0,36.0,169744.0,169780.0,6.0,412.0,412.0436870041816,0.014561562740164272,1.556234249402158,90.83434557554679
269.0,565.0,269.0,565.0,269.0,565.0,0.0,177241.0,177241.0,0.0,421.0,421.0,nan,nan,nan
268.0,566.0,268.0,566.0,268.0,566.0,0.0,176400.0,176400.0,0.0,420.0,420.0,nan,nan,nan
268.0,565.0,268.0,565.0,268.0,565.0,0.0,178084.0,178084.0,0.0,422.0,422.0,nan,nan,nan
268.0,566.0,268.0,566.0,268.0,566.0,0.0,177241.0,177241.0,0.0,421.0,421.0,nan,nan,nan
268.0,566.0,268.0,566.0,268.0,566.0,0.0,178084.0,178084.0,0.0,422.0,422.0,nan,nan,nan
267.0,566.0,267.0,566.0,267.0,566.0,0.0,178084.0,178084.0,0.0,422.0,422.0,nan,nan,nan
267.0,570.0,267.0,570.0,267.0,570.0,0.0,173889.0,173889.0,0.0,417.0,417.0,nan,nan,nan
267.0,569.0,267.0,569.0,267.0,569.0,0.0,179776.0,179776.0,0.0,424.0,424.0,nan,nan,nan
267.0,571.0,267.0,571.0,267.0,571.0,0.0,173056.0,173056.0,0.0,416.0,416.0,nan,nan,nan
267.0,569.0,267.0,569.0,267.0,569.0,0.0,174724.0,174724.0,0.0,418.0,418.0,nan,nan,nan
274.0,569.0,268.0,569.0,274.0,569.0,36.0,180625.0,180661.0,6.0,425.0,425.0423508310672,0.014116240389383448,1.5566796175437327,89.19117213929503
268.0,567.0,268.0,567.0,268.0,567.0,0.0,182329.0,182329.0,0.0,427.0,427.0,nan,nan,nan
268.0,568.0,268.0,568.0,268.0,568.0,0.0,180625.0,180625.0,0.0,425.0,425.0,nan,nan,nan
273.0,571.0,266.0,571.0,273.0,571.0,49.0,178929.0,178978.0,7.0,423.0,423.0579156569464,0.016546197910350016,1.5542493737977021,89.0519294294594
272.0,568.0,266.0,568.0,272.0,568.0,36.0,181476.0,181512.0,6.0,426.0,426.0422514258416,0.014083110254721722,1.5567127509720364,89.19307054489762
272.0,568.0,259.0,568.0,272.0,568.0,169.0,182329.0,182498.0,13.0,427.0,427.1978464365194,0.03043086501591662,1.5403607631334533,88.25617065509756
272.0,567.0,266.0,567.0,272.0,567.0,36.0,184041.0,184077.0,6.0,429.0,429.0419559903204,0.013984646294441575,1.5568112246300145,89.19871266989298
272.0,570.0,259.0,570.0,272.0,570.0,169.0,177241.0,177410.0,13.0,421.0,421.2006647668068,0.030864148818941936,1.5399272756983968,88.23133365459688
272.0,571.0,259.0,571.0,272.0,571.0,169.0,176400.0,176569.0,13.0,420.0,420.2011423116315,0.030937564635078695,1.5398538248061004,88.22712522846683
278.0,569.0,259.0,569.0,278.0,569.0,361.0,179776.0,180137.0,19.0,424.0,424.42549405048703,0.04476639661457254,1.5260149644778327,87.43421693838606
278.0,573.0,259.0,573.0,278.0,573.0,361.0,173889.0,174250.0,19.0,417.0,417.43262929483603,0.045516326867155725,1.5252642689553868,87.39120525325053
278.0,573.0,260.0,573.0,278.0,573.0,324.0,173056.0,173380.0,18.0,416.0,416.3892409753163,0.043228782659797516,1.5275540689968334,87.5224011315543
279.0,573.0,260.0,573.0,279.0,573.0,361.0,178084.0,178445.0,19.0,422.0,422.4275085739564,0.04497813142932092,1.525803016174083,87.42207319510624
273.0,569.0,261.0,569.0,273.0,569.0,144.0,175561.0,175705.0,12.0,419.0,419.1718024867608,0.028627879854535326,1.5421645351414297,88.35951917835845
273.0,572.0,261.0,572.0,273.0,572.0,144.0,173889.0,174033.0,12.0,417.0,417.17262613934776,0.028765070496240212,1.5420272879773034,88.35165549510387
279.0,573.0,261.0,573.0,279.0,573.0,324.0,173056.0,173380.0,18.0,416.0,416.3892409753163,0.043228782659797516,1.5275540689968334,87.5224011315543
273.0,573.0,261.0,573.0,273.0,573.0,144.0,173056.0,173200.0,12.0,416.0,416.17304093369626,0.028834159879932764,1.5419581699237777,88.34769532234868
273.0,573.0,261.0,573.0,273.0,573.0,144.0,173056.0,173200.0,12.0,416.0,416.17304093369626,0.028834159879932764,1.5419581699237777,88.34769532234868
273.0,572.0,261.0,572.0,273.0,572.0,144.0,173889.0,174033.0,12.0,417.0,417.17262613934776,0.028765070496240212,1.5420272879773034,88.35165549510387
273.0,573.0,260.0,573.0,273.0,573.0,169.0,173056.0,173225.0,13.0,416.0,416.20307543313515,0.031234752377721213,1.5395564933646284,88.21008939175394
273.0,574.0,261.0,574.0,273.0,574.0,144.0,173056.0,173200.0,12.0,416.0,416.17304093369626,0.028834159879932764,1.5419581699237777,88.34769532234868
273.0,575.0,261.0,575.0,273.0,575.0,144.0,172225.0,172369.0,12.0,415.0,415.17345772580404,0.028903581808269747,1.5418887190488084,88.34371608032946
272.0,574.0,260.0,574.0,272.0,574.0,144.0,173056.0,173200.0,12.0,416.0,416.17304093369626,0.028834159879932764,1.5419581699237777,88.34769532234868
272.0,575.0,260.0,575.0,272.0,575.0,144.0,172225.0,172369.0,12.0,415.0,415.17345772580404,0.028903581808269747,1.5418887190488084,88.34371608032946
272.0,575.0,260.0,575.0,272.0,575.0,144.0,173056.0,173200.0,12.0,416.0,416.17304093369626,0.028834159879932764,1.5419581699237777,88.34769532234868
272.0,575.0,260.0,575.0,272.0,575.0,144.0,173056.0,173200.0,12.0,416.0,416.17304093369626,0.028834159879932764,1.5419581699237777,88.34769532234868
272.0,576.0,260.0,576.0,272.0,576.0,144.0,172225.0,172369.0,12.0,415.0,415.17345772580404,0.028903581808269747,1.5418887190488084,88.34371608032946
272.0,575.0,259.0,575.0,272.0,575.0,169.0,173056.0,173225.0,13.0,416.0,416.20307543313515,0.031234752377721213,1.5395564933646284,88.21008939175394
271.0,575.0,259.0,575.0,271.0,575.0,144.0,173889.0,174033.0,12.0,417.0,417.17262613934776,0.028765070496240212,1.5420272879773034,88.35165549510387
271.0,574.0,259.0,574.0,271.0,574.0,144.0,174724.0,174868.0,12.0,418.0,418.1722133284324,0.028696311274453816,1.5420960755954236,88.35559673530491
271.0,574.0,259.0,574.0,271.0,574.0,144.0,174724.0,174868.0,12.0,418.0,418.1722133284324,0.028696311274453816,1.5420960755954236,88.35559673530491
271.0,579.0,259.0,579.0,271.0,579.0,144.0,170569.0,170713.0,12.0,413.0,413.1742973612952,0.029043432944975148,1.541748809174999,88.33569983504798
273.0,574.0,261.0,574.0,273.0,574.0,144.0,175561.0,175705.0,12.0,419.0,419.1718024867608,0.028627879854535326,1.5421645351414297,88.35951917835845
273.0,573.0,261.0,573.0,273.0,573.0,144.0,176400.0,176544.0,12.0,420.0,420.1713936002783,0.028559773898876997,1.5422326689561365,88.36342295838328
273.0,575.0,261.0,575.0,273.0,575.0,144.0,175561.0,175705.0,12.0,419.0,419.1718024867608,0.028627879854535326,1.5421645351414297,88.35951917835845
273.0,574.0,261.0,574.0,273.0,574.0,144.0,175561.0,175705.0,12.0,419.0,419.1718024867608,0.028627879854535326,1.5421645351414297,88.35951917835845
274.0,576.0,261.0,576.0,274.0,576.0,169.0,173889.0,174058.0,13.0,417.0,417.20258867845007,0.031159921708969716,1.5396313604753666,88.21437896122357
274.0,576.0,261.0,576.0,274.0,576.0,169.0,173889.0,174058.0,13.0,417.0,417.20258867845007,0.031159921708969716,1.5396313604753666,88.21437896122357
274.0,576.0,261.0,576.0,274.0,576.0,169.0,173056.0,173225.0,13.0,416.0,416.20307543313515,0.031234752377721213,1.5395564933646284,88.21008939175394
272.0,577.0,266.0,577.0,272.0,577.0,36.0,169744.0,169780.0,6.0,412.0,412.0436870041816,0.014561562740164272,1.556234249402158,89.16565442445321
272.0,573.0,266.0,573.0,272.0,573.0,36.0,168100.0,168136.0,6.0,410.0,410.0439000887588,0.014632579581603897,1.5561632249935557,89.16158502559789
272.0,578.0,266.0,578.0,272.0,578.0,36.0,168921.0,168957.0,6.0,411.0,411.04379328728464,0.014596984793312548,1.5561988235838364,89.16362467457759
272.0,578.0,266.0,578.0,272.0,578.0,36.0,168921.0,168957.0,6.0,411.0,411.04379328728464,0.014596984793312548,1.5561988235838364,89.16362467457759
273.0,577.0,266.0,577.0,273.0,577.0,49.0,169744.0,169793.0,7.0,412.0,412.0594617285229,0.01698783949927064,1.553807670112101,89.0266216724791
273.0,577.0,267.0,577.0,273.0,577.0,36.0,169744.0,169780.0,6.0,412.0,412.0436870041816,0.014561562740164272,1.556234249402158,89.16565442445321
272.0,576.0,266.0,576.0,272.0,576.0,36.0,170569.0,170605.0,6.0,413.0,413.0435812356851,0.014526312167955866,1.5562695037031682,89.16767434711078
273.0,576.0,266.0,576.0,273.0,576.0,49.0,174724.0,174773.0,7.0,418.0,418.05860833141566,0.016744063775983187,1.5540514805156527,89.04059097960399
273.0,576.0,267.0,576.0,273.0,576.0,36.0,169744.0,169780.0,6.0,412.0,412.0436870041816,0.014561562740164272,1.556234249402158,89.16565442445321
273.0,575.0,266.0,575.0,273.0,575.0,49.0,170569.0,170618.0,7.0,413.0,413.05931777409404,0.016946718543287685,1.5538487969884918,89.02897806892084
274.0,577.0,268.0,577.0,274.0,577.0,36.0,171396.0,171432.0,6.0,414.0,414.04347597806685,0.014491231834595646,1.5563045877293966,89.169684513742
274.0,579.0,268.0,579.0,274.0,579.0,36.0,169744.0,169780.0,6.0,412.0,412.0436870041816,0.014561562740164272,1.556234249402158,89.16565442445321
274.0,577.0,268.0,577.0,274.0,577.0,36.0,171396.0,171432.0,6.0,414.0,414.04347597806685,0.014491231834595646,1.5563045877293966,89.169684513742
274.0,577.0,268.0,577.0,274.0,577.0,36.0,171396.0,171432.0,6.0,414.0,414.04347597806685,0.014491231834595646,1.5563045877293966,89.169684513742
274.0,577.0,268.0,577.0,274.0,577.0,36.0,171396.0,171432.0,6.0,414.0,414.04347597806685,0.014491231834595646,1.5563045877293966,89.169684513742
274.0,578.0,274.0,578.0,274.0,578.0,0.0,170569.0,170569.0,0.0,413.0,413.0,nan,nan,nan
275.0,577.0,275.0,577.0,275.0,577.0,0.0,171396.0,171396.0,0.0,414.0,414.0,nan,nan,nan
275.0,576.0,275.0,576.0,275.0,576.0,0.0,171396.0,171396.0,0.0,414.0,414.0,nan,nan,nan
275.0,576.0,275.0,576.0,275.0,576.0,0.0,171396.0,171396.0,0.0,414.0,414.0,nan,nan,nan
275.0,576.0,275.0,576.0,275.0,576.0,0.0,171396.0,171396.0,0.0,414.0,414.0,nan,nan,nan
275.0,575.0,275.0,575.0,275.0,575.0,0.0,172225.0,172225.0,0.0,415.0,415.0,nan,nan,nan
275.0,575.0,275.0,575.0,275.0,575.0,0.0,172225.0,172225.0,0.0,415.0,415.0,nan,nan,nan
275.0,574.0,275.0,574.0,275.0,574.0,0.0,173056.0,173056.0,0.0,416.0,416.0,nan,nan,nan
275.0,574.0,275.0,574.0,275.0,574.0,0.0,173889.0,173889.0,0.0,417.0,417.0,nan,nan,nan
275.0,574.0,275.0,574.0,275.0,574.0,0.0,173889.0,173889.0,0.0,417.0,417.0,nan,nan,nan
275.0,574.0,275.0,574.0,275.0,574.0,0.0,173889.0,173889.0,0.0,417.0,417.0,nan,nan,nan
275.0,573.0,275.0,573.0,275.0,573.0,0.0,174724.0,174724.0,0.0,418.0,418.0,nan,nan,nan
275.0,573.0,275.0,573.0,275.0,573.0,0.0,174724.0,174724.0,0.0,418.0,418.0,nan,nan,nan
275.0,574.0,275.0,574.0,275.0,574.0,0.0,174724.0,174724.0,0.0,418.0,418.0,nan,nan,nan
275.0,572.0,275.0,572.0,275.0,572.0,0.0,175561.0,175561.0,0.0,419.0,419.0,nan,nan,nan
276.0,573.0,276.0,573.0,276.0,573.0,0.0,174724.0,174724.0,0.0,418.0,418.0,nan,nan,nan
275.0,578.0,282.0,578.0,275.0,578.0,49.0,170569.0,170618.0,7.0,413.0,413.05931777409404,0.016946718543287685,1.5538487969884918,90.97102193107916
275.0,578.0,282.0,578.0,275.0,578.0,49.0,170569.0,170618.0,7.0,413.0,413.05931777409404,0.016946718543287685,1.5538487969884918,90.97102193107916
275.0,577.0,282.0,577.0,275.0,577.0,49.0,171396.0,171445.0,7.0,414.0,414.0591745149478,0.01690579615389562,1.5538897252412418,90.96867691493374
276.0,577.0,282.0,577.0,276.0,577.0,36.0,170569.0,170605.0,6.0,413.0,413.0435812356851,0.014526312167955866,1.5562695037031682,90.83232565288922
276.0,577.0,282.0,577.0,276.0,577.0,36.0,170569.0,170605.0,6.0,413.0,413.0435812356851,0.014526312167955866,1.5562695037031682,90.83232565288922
276.0,578.0,282.0,578.0,276.0,578.0,36.0,169744.0,169780.0,6.0,412.0,412.0436870041816,0.014561562740164272,1.556234249402158,90.83434557554679
276.0,577.0,282.0,577.0,276.0,577.0,36.0,169744.0,169780.0,6.0,412.0,412.0436870041816,0.014561562740164272,1.556234249402158,90.83434557554679
276.0,577.0,282.0,577.0,276.0,577.0,36.0,169744.0,169780.0,6.0,412.0,412.0436870041816,0.014561562740164272,1.556234249402158,90.83434557554679
276.0,578.0,282.0,578.0,276.0,578.0,36.0,168921.0,168957.0,6.0,411.0,411.04379328728464,0.014596984793312548,1.5561988235838364,90.83637532542241
276.0,577.0,282.0,577.0,276.0,577.0,36.0,169744.0,169780.0,6.0,412.0,412.0436870041816,0.014561562740164272,1.556234249402158,90.83434557554679
276.0,578.0,282.0,578.0,276.0,578.0,36.0,168921.0,168957.0,6.0,411.0,411.04379328728464,0.014596984793312548,1.5561988235838364,90.83637532542241
275.0,577.0,282.0,577.0,275.0,577.0,49.0,169744.0,169793.0,7.0,412.0,412.0594617285229,0.01698783949927064,1.553807670112101,90.9733783275209
275.0,576.0,288.0,576.0,275.0,576.0,169.0,175561.0,175730.0,13.0,419.0,419.2016221342661,0.031011330380387295,1.5397800236492594,91.77710326634335
275.0,574.0,288.0,574.0,275.0,574.0,169.0,171396.0,171565.0,13.0,414.0,414.2040559917298,0.03138549662164478,1.5394056751770984,91.79855185386535
275.0,572.0,287.0,572.0,275.0,572.0,144.0,173056.0,173200.0,12.0,416.0,416.17304093369626,0.028834159879932764,1.5419581699237777,91.65230467765132
275.0,574.0,287.0,574.0,275.0,574.0,144.0,171396.0,171540.0,12.0,414.0,414.1738765301356,0.028973338686962967,1.5418189329433354,91.66028236898279
275.0,574.0,287.0,574.0,275.0,574.0,144.0,172225.0,172369.0,12.0,415.0,415.17345772580404,0.028903581808269747,1.5418887190488084,91.65628391967054
275.0,575.0,287.0,575.0,275.0,575.0,144.0,170569.0,170713.0,12.0,413.0,413.1742973612952,0.029043432944975148,1.541748809174999,91.66430016495202
269.0,575.0,288.0,575.0,269.0,575.0,361.0,170569.0,170930.0,19.0,413.0,413.43681500321185,0.04595623638367182,1.5248238986091909,92.6340261090092
269.0,574.0,288.0,574.0,269.0,574.0,361.0,170569.0,170930.0,19.0,413.0,413.43681500321185,0.04595623638367182,1.5248238986091909,92.6340261090092
270.0,575.0,295.0,575.0,270.0,575.0,625.0,171396.0,172021.0,25.0,414.0,414.75414404198546,0.060276673202978914,1.5104830934737092,93.45569371809184
270.0,578.0,289.0,578.0,270.0,578.0,361.0,164025.0,164386.0,19.0,405.0,405.44543405987446,0.04686203963316593,1.5239171182866913,92.68598079443395
264.0,573.0,295.0,573.0,264.0,573.0,961.0,172225.0,173186.0,31.0,415.0,416.1562206671913,0.0744912570339573,1.496236005822911,94.27199171083554
264.0,574.0,295.0,574.0,264.0,574.0,961.0,166464.0,167425.0,31.0,408.0,409.1760012512953,0.07576201904608125,1.494961642373492,94.34500735805298
264.0,575.0,295.0,575.0,264.0,575.0,961.0,172225.0,173186.0,31.0,415.0,416.1562206671913,0.0744912570339573,1.496236005822911,94.27199171083554
264.0,573.0,295.0,573.0,264.0,573.0,961.0,168921.0,169882.0,31.0,411.0,412.16744170300495,0.0752121513332381,1.4955130834764532,94.31341211020326
264.0,572.0,295.0,572.0,264.0,572.0,961.0,168921.0,169882.0,31.0,411.0,412.16744170300495,0.0752121513332381,1.4955130834764532,94.31341211020326
264.0,573.0,295.0,573.0,264.0,573.0,961.0,168100.0,169061.0,31.0,410.0,411.1702810272163,0.07539455410676445,1.4953301613266208,94.32389277736812
264.0,574.0,295.0,574.0,264.0,574.0,961.0,172225.0,173186.0,31.0,415.0,416.1562206671913,0.0744912570339573,1.496236005822911,94.27199171083554
265.0,574.0,296.0,574.0,265.0,574.0,961.0,172225.0,173186.0,31.0,415.0,416.1562206671913,0.0744912570339573,1.496236005822911,94.27199171083554
265.0,576.0,296.0,576.0,265.0,576.0,961.0,164836.0,165797.0,31.0,406.0,407.1817775883395,0.07613307300637843,1.4945895136341196,94.36632876425453
259.0,572.0,295.0,572.0,259.0,572.0,1296.0,167281.0,168577.0,36.0,409.0,410.58129523883576,0.08768056513402235,1.483003024906529,95.03018566772138
260.0,576.0,296.0,576.0,260.0,576.0,1296.0,159201.0,160497.0,36.0,399.0,400.62076830838413,0.08986054355596572,1.4808144055919734,95.15558431740624
261.0,572.0,303.0,572.0,261.0,572.0,1764.0,164025.0,165789.0,42.0,405.0,407.1719538475115,0.10315052302381629,1.4674620015730022,95.9206207140468
256.0,574.0,303.0,574.0,256.0,574.0,2209.0,169744.0,171953.0,47.0,412.0,414.67215966351057,0.11334255002346569,1.4572096865705357,96.50803509392678
256.0,576.0,304.0,576.0,256.0,576.0,2304.0,165649.0,167953.0,48.0,407.0,409.8206924985609,0.11712439337154396,1.4534024788857927,96.72617202599234
256.0,578.0,304.0,578.0,256.0,578.0,2304.0,167281.0,169585.0,48.0,409.0,411.80699362686886,0.11655945805401247,1.4539713104088143,96.6935803804692
257.0,575.0,305.0,575.0,257.0,575.0,2304.0,166464.0,168768.0,48.0,408.0,410.81382644696856,0.1168412475673972,1.4536875822280324,96.70983680775693
251.0,575.0,311.0,575.0,251.0,575.0,3600.0,166464.0,170064.0,60.0,408.0,412.38816665855,0.14549399049483136,1.4247840690836213,98.36588612403258
251.0,575.0,311.0,575.0,251.0,575.0,3600.0,167281.0,170881.0,60.0,409.0,413.3775513982345,0.14514576274655502,1.4251360330279783,98.34572007548014
250.0,575.0,311.0,575.0,250.0,575.0,3721.0,164025.0,167746.0,61.0,405.0,409.56806516133554,0.1489373932901021,1.4213027332367472,98.56535197512608
250.0,580.0,310.0,580.0,250.0,580.0,3600.0,160801.0,164401.0,60.0,401.0,405.4639318114498,0.1479786370440994,1.422272232827613,98.5098037403298
249.0,577.0,310.0,577.0,249.0,577.0,3721.0,156816.0,160537.0,61.0,396.0,400.67068772247364,0.15224472832475314,1.4179572450812257,98.75703432684845
248.0,582.0,316.0,582.0,248.0,582.0,4624.0,152881.0,157505.0,68.0,391.0,396.86899601757756,0.17134117475124774,1.3986055122719576,99.86580694308437
248.0,580.0,315.0,580.0,248.0,580.0,4489.0,159201.0,163690.0,67.0,399.0,404.5862083660292,0.16560129488987693,1.404428633324195,99.53216668319737
249.0,579.0,316.0,579.0,249.0,579.0,4489.0,159201.0,163690.0,67.0,399.0,404.5862083660292,0.16560129488987693,1.404428633324195,99.53216668319737
248.0,584.0,322.0,584.0,248.0,584.0,5476.0,160000.0,165476.0,74.0,400.0,406.7874137679287,0.18191319961098118,1.3878645605600426,100.4812181441309
247.0,583.0,327.0,583.0,247.0,583.0,6400.0,160801.0,167201.0,80.0,401.0,408.90218879335924,0.19564581015346044,1.3738803832151947,101.28245248595316
244.0,585.0,330.0,585.0,244.0,585.0,7396.0,165649.0,173045.0,86.0,407.0,415.98677863605235,0.20673733978271838,1.3625572504282406,101.93122020551183
244.0,586.0,333.0,586.0,244.0,586.0,7921.0,170569.0,178490.0,89.0,413.0,422.48076879308957,0.21066047634368856,1.3585457780199395,102.16106064414066
244.0,586.0,333.0,586.0,244.0,586.0,7921.0,171396.0,179317.0,89.0,414.0,423.4583804814825,0.21017413777194546,1.3590432542649327,102.13255735489454
237.0,588.0,339.0,588.0,237.0,588.0,10404.0,169744.0,180148.0,102.0,412.0,424.4384525464204,0.24031752869715395,1.3281033739731956,103.90528191425108
235.0,589.0,342.0,589.0,235.0,589.0,11449.0,165649.0,177098.0,107.0,407.0,420.8301320010249,0.2542593599256325,1.3137145082874013,104.72970319002769
235.0,590.0,341.0,590.0,235.0,590.0,11236.0,161604.0,172840.0,106.0,402.0,415.74030355499576,0.2549668605463408,1.3129828958982157,104.77162149216751
233.0,588.0,340.0,588.0,233.0,588.0,11449.0,155236.0,166685.0,107.0,394.0,408.27074350239695,0.26208098841981264,1.3056183910869645,105.193576536056
233.0,593.0,338.0,593.0,233.0,593.0,11025.0,143641.0,154666.0,105.0,379.0,393.2759845197772,0.26698807995665885,1.3005300262357176,105.48511836665516
226.0,600.0,348.0,600.0,226.0,600.0,14884.0,144400.0,159284.0,122.0,380.0,399.1039964720975,0.30568473650583794,1.2601388197321368,107.7993640287517
223.0,602.0,352.0,602.0,223.0,602.0,16641.0,141376.0,158017.0,129.0,376.0,397.51352178259293,0.3245172627625793,1.240295001340242,108.93633107203135
227.0,602.0,356.0,602.0,227.0,602.0,16641.0,136900.0,153541.0,129.0,370.0,391.84308083721476,0.32921341809679955,1.2353258907834397,109.22104013487002
222.0,606.0,363.0,606.0,222.0,606.0,19881.0,131044.0,150925.0,141.0,362.0,388.4906691286163,0.36294307998764214,1.1993719179474422,111.28105103510069
227.0,610.0,362.0,610.0,227.0,610.0,18225.0,131769.0,149994.0,135.0,363.0,387.29058857658805,0.3485754727378388,1.2147455047586144,110.40020939484253
222.0,610.0,369.0,610.0,222.0,610.0,21609.0,133956.0,155565.0,147.0,366.0,394.4172917101886,0.3727017123478785,1.1888775212432448,111.8823356747872
220.0,616.0,383.0,616.0,220.0,616.0,26569.0,126736.0,153305.0,163.0,356.0,391.54182407502776,0.41630290808668685,1.1414210071448898,114.60139364302603
219.0,623.0,382.0,623.0,219.0,623.0,26569.0,122500.0,149069.0,163.0,350.0,386.0945480060551,0.4221763835873789,1.1349515170016777,114.97206812383357
219.0,628.0,386.0,628.0,219.0,628.0,27889.0,120409.0,148298.0,167.0,347.0,385.094793524919,0.43365945945772344,1.1222462930077437,115.70002383645433
216.0,628.0,392.0,628.0,216.0,628.0,30976.0,123904.0,154880.0,176.0,352.0,393.547964039963,0.44721359549995787,1.1071487177940906,116.56505117707798
213.0,631.0,392.0,631.0,213.0,631.0,32041.0,120409.0,152450.0,179.0,347.0,390.4484601070927,0.4584471915983575,1.0945491554638733,117.28695292231146
214.0,639.0,391.0,639.0,214.0,639.0,31329.0,116964.0,148293.0,177.0,342.0,385.08830156212224,0.4596348403262166,1.0932123378879337,117.3635469273917
215.0,640.0,390.0,640.0,215.0,640.0,30625.0,114921.0,145546.0,175.0,339.0,381.5049147783027,0.4587096868770215,1.0942537701960777,117.30387725148648
215.0,648.0,394.0,648.0,215.0,648.0,32041.0,108900.0,140941.0,179.0,330.0,375.4210969031975,0.4767979249875646,1.0737880362265237,118.47647743257944
216.0,649.0,399.0,649.0,216.0,649.0,33489.0,106929.0,140418.0,183.0,327.0,374.7238983571771,0.488359565008499,1.0605874125266197,119.2328174575243
215.0,654.0,409.0,654.0,215.0,654.0,37636.0,99856.0,137492.0,194.0,316.0,370.7991370000745,0.5231943136910835,1.0202014145406433,121.5467646935446
216.0,657.0,411.0,657.0,216.0,657.0,38025.0,96721.0,134746.0,195.0,311.0,367.07764846146654,0.5312227557774328,1.0107531776293381,122.08810879240211
214.0,662.0,414.0,662.0,214.0,662.0,40000.0,93636.0,133636.0,200.0,306.0,365.5625801418958,0.5471019487890925,0.9918981757768771,123.16842082125947
212.0,665.0,418.0,665.0,212.0,665.0,42436.0,90601.0,133037.0,206.0,301.0,364.7423748346221,0.564782197553554,0.9706270232424616,124.38716808686048
210.0,670.0,420.0,670.0,210.0,670.0,44100.0,86436.0,130536.0,210.0,294.0,361.2976612157903,0.5812381937190965,0.9505468408120751,125.53767779197437
211.0,677.0,426.0,677.0,211.0,677.0,46225.0,82944.0,129169.0,215.0,288.0,359.40089037174073,0.5982177722977204,0.9295211464343639,126.74236134114918
214.0,683.0,423.0,683.0,214.0,683.0,43681.0,81796.0,125477.0,209.0,286.0,354.22732813830163,0.5900165893423099,0.9397169393235675,126.15818543980832
214.0,690.0,426.0,690.0,214.0,690.0,44944.0,80089.0,125033.0,212.0,283.0,353.60005656108143,0.599547415409926,0.9278608288010248,126.83749053419066
213.0,695.0,431.0,695.0,213.0,695.0,47524.0,70756.0,118280.0,218.0,266.0,343.91859501922835,0.6338709309620543,0.8842484854657148,129.33629374197943
214.0,696.0,431.0,696.0,214.0,696.0,47089.0,70756.0,117845.0,217.0,266.0,343.2855953866984,0.6321267274717939,0.8865015351337469,129.20720350496782
210.0,695.0,433.0,695.0,210.0,695.0,49729.0,73441.0,123170.0,223.0,271.0,350.9558376776201,0.6354075814086975,0.8822600870920473,129.45022057678125
205.0,700.0,436.0,700.0,205.0,700.0,53361.0,74529.0,127890.0,231.0,273.0,357.6171136844544,0.6459422414661738,0.8685393952858895,130.2363583092738
207.0,712.0,436.0,712.0,207.0,712.0,52441.0,67600.0,120041.0,229.0,260.0,346.46933486240886,0.6609531550344602,0.848708125289902,131.37260638242833
209.0,714.0,440.0,714.0,209.0,714.0,53361.0,66564.0,119925.0,231.0,258.0,346.30189141845585,0.6670480460092834,0.8405568793256272,131.83963837395433
209.0,725.0,443.0,725.0,209.0,725.0,54756.0,64516.0,119272.0,234.0,254.0,345.35778549208936,0.6775582014651292,0.826358846931764,132.65312570751271
210.0,728.0,448.0,728.0,210.0,728.0,56644.0,64009.0,120653.0,238.0,253.0,347.3514070793438,0.6851850752561794,0.81593856284754,133.2501640068661
211.0,735.0,446.0,735.0,211.0,735.0,55225.0,65025.0,120250.0,235.0,255.0,346.77081768799405,0.6776810158559551,0.8261918462653137,132.66269414087617
213.0,748.0,451.0,748.0,213.0,748.0,56644.0,57121.0,113765.0,238.0,239.0,337.2906758272455,0.7056228264130834,0.7874945963848469,134.87988323779007
213.0,754.0,451.0,754.0,213.0,754.0,56644.0,56644.0,113288.0,238.0,238.0,336.5828278447966,0.7071067811865476,0.7853981633974483,135.0
212.0,758.0,451.0,758.0,212.0,758.0,57121.0,54756.0,111877.0,239.0,234.0,334.48019373350047,0.7145415617357151,0.7748277325829308,135.60564107330688
213.0,764.0,454.0,764.0,213.0,764.0,58081.0,56169.0,114250.0,241.0,237.0,338.0088756231114,0.7129990286666945,0.7770301578851558,135.47945139879656
213.0,772.0,454.0,772.0,213.0,772.0,58081.0,53361.0,111442.0,241.0,231.0,333.8292976956936,0.7219258515161443,0.7642148918184887,136.2137120577538
214.0,777.0,460.0,777.0,214.0,777.0,60516.0,51529.0,112045.0,246.0,227.0,334.73123547108656,0.7349179697968432,0.7452506144047737,137.30028511507496
219.0,785.0,459.0,785.0,219.0,785.0,57600.0,48400.0,106000.0,240.0,220.0,325.5764119219941,0.7371541402007414,0.7419472680059175,137.48955292199915
221.0,795.0,458.0,795.0,221.0,795.0,56169.0,47524.0,103693.0,237.0,218.0,322.0139748520241,0.735992902509617,0.743664168264742,137.3911817833236
222.0,799.0,462.0,799.0,222.0,799.0,57600.0,46656.0,104256.0,240.0,216.0,322.88697712976904,0.7432941462471663,0.7328151017865067,138.01278750418334
223.0,801.0,466.0,801.0,223.0,801.0,59049.0,48400.0,107449.0,243.0,220.0,327.79414271765137,0.7413189204216818,0.7357629390528146,137.8438888701325
228.0,809.0,461.0,809.0,228.0,809.0,54289.0,47524.0,101813.0,233.0,218.0,319.0814942926023,0.7302209754174451,0.7521509954998716,136.904922401294
226.0,814.0,465.0,814.0,226.0,814.0,57121.0,46656.0,103777.0,239.0,216.0,322.1443775700579,0.7419033720308336,0.7348917024009937,137.89380705323896
232.0,823.0,468.0,823.0,232.0,823.0,55696.0,45796.0,101492.0,236.0,214.0,318.57809089766357,0.740791682613887,0.7365481689063658,137.79889851357635
232.0,828.0,469.0,828.0,232.0,828.0,56169.0,47524.0,103693.0,237.0,218.0,322.0139748520241,0.735992902509617,0.743664168264742,137.3911817833236
239.0,833.0,472.0,833.0,239.0,833.0,54289.0,48400.0,102689.0,233.0,220.0,320.45124434147544,0.7270996886868484,0.75670846573077,136.64379859180698
240.0,837.0,471.0,837.0,240.0,837.0,53361.0,49284.0,102645.0,231.0,222.0,320.3825837963106,0.7210129753709168,0.7655332271462834,136.1381770074882
240.0,843.0,470.0,843.0,240.0,843.0,52900.0,51076.0,103976.0,230.0,226.0,322.45309736456244,0.7132820304094154,0.7766264585530054,135.50258166672103
245.0,852.0,474.0,852.0,245.0,852.0,52441.0,47961.0,100402.0,229.0,219.0,316.8627463113958,0.7227103932721425,0.7630804409069492,136.2787113070498
246.0,855.0,477.0,855.0,246.0,855.0,53361.0,49284.0,102645.0,231.0,222.0,320.3825837963106,0.7210129753709168,0.7655332271462834,136.1381770074882
247.0,864.0,476.0,864.0,247.0,864.0,52441.0,46656.0,99097.0,229.0,216.0,314.79675983084707,0.7274534849820274,0.7561929865294237,136.6733333744709
248.0,870.0,480.0,870.0,248.0,870.0,53824.0,46225.0,100049.0,232.0,215.0,316.3052323310508,0.7334687393257681,0.7473851635208107,137.17798445956265
253.0,873.0,480.0,873.0,253.0,873.0,51529.0,49284.0,100813.0,227.0,222.0,317.5106297433206,0.7149366941935441,0.774262766211463,135.6380112619588
255.0,880.0,482.0,880.0,255.0,880.0,51529.0,47961.0,99490.0,227.0,219.0,315.4203544478384,0.7196745447749453,0.7674628670252779,136.02761678644165
256.0,881.0,481.0,881.0,256.0,881.0,50625.0,50625.0,101250.0,225.0,225.0,318.1980515339464,0.7071067811865475,0.7853981633974484,135.0
257.0,889.0,488.0,889.0,257.0,889.0,53361.0,49284.0,102645.0,231.0,222.0,320.3825837963106,0.7210129753709168,0.7655332271462834,136.1381770074882
258.0,892.0,497.0,892.0,258.0,892.0,57121.0,47524.0,104645.0,239.0,218.0,323.488794241779,0.738820027940037,0.7394786061009816,137.6309968301967
263.0,897.0,496.0,897.0,263.0,897.0,54289.0,48841.0,103130.0,233.0,221.0,321.1385993617086,0.7255434272401641,0.75897259813763,136.5140733606351
264.0,905.0,501.0,905.0,264.0,905.0,56169.0,46656.0,102825.0,237.0,216.0,320.66337489647924,0.739092826165481,0.7390737126968414,137.65419551340662
266.0,910.0,501.0,910.0,266.0,910.0,55225.0,45796.0,101021.0,235.0,214.0,317.8380090549272,0.7393703500055225,0.7386616207647924,137.67780664188442
269.0,913.0,505.0,913.0,269.0,913.0,55696.0,47961.0,103657.0,236.0,219.0,321.95807180438885,0.7330147018130542,0.7480528971529253,137.13972614060356
270.0,916.0,505.0,916.0,270.0,916.0,55225.0,47524.0,102749.0,235.0,218.0,320.5448486561592,0.7331267402524346,0.7478881716645991,137.14916421586287
274.0,920.0,505.0,920.0,274.0,920.0,53361.0,47089.0,100450.0,231.0,217.0,316.9384798348096,0.7288480720939872,0.75415832996718,136.78991060824606
276.0,924.0,510.0,924.0,276.0,924.0,54756.0,47089.0,101845.0,234.0,217.0,319.13163428278307,0.7332397508191,0.7477219872600915,137.15868588086204
277.0,926.0,510.0,926.0,277.0,926.0,54289.0,46656.0,100945.0,233.0,216.0,317.71842880135233,0.733353746205509,0.7475543244808273,137.1682922504953
284.0,933.0,512.0,933.0,284.0,933.0,51984.0,46656.0,98640.0,228.0,216.0,314.0700558792576,0.7259526839058266,0.7583777142101835,136.54815769897797
287.0,936.0,511.0,936.0,287.0,936.0,50176.0,46656.0,96832.0,224.0,216.0,311.17840542042757,0.7198442954206852,0.7672183483244699,136.04162667600997
288.0,936.0,513.0,936.0,288.0,936.0,50625.0,49284.0,99909.0,225.0,222.0,316.0838496348714,0.7118364328323381,0.7786868547661256,135.3845296595845
292.0,938.0,513.0,938.0,292.0,938.0,48841.0,50625.0,99466.0,221.0,225.0,315.38230768386484,0.7007368346785247,0.7943665328082669,134.48615028364588
295.0,944.0,518.0,944.0,295.0,944.0,49729.0,51984.0,101713.0,223.0,228.0,318.92475601621146,0.6992244903956736,0.7964841837194974,134.36481782395032
296.0,948.0,519.0,948.0,296.0,948.0,49729.0,54756.0,104485.0,223.0,234.0,323.24139586383427,0.6898868859418581,0.8094635384441183,133.62115557742635
298.0,947.0,516.0,947.0,298.0,947.0,47524.0,58564.0,106088.0,218.0,242.0,325.7115288103877,0.6693039107218961,0.8375248124430945,132.01336300952482
303.0,950.0,518.0,950.0,303.0,950.0,46225.0,59049.0,105274.0,215.0,243.0,324.45955063767195,0.6626403802182824,0.8464575397555862,131.50155543497783
306.0,954.0,518.0,954.0,306.0,954.0,44944.0,59536.0,104480.0,212.0,244.0,323.2336616133908,0.6558722842844452,0.8554587460359038,130.98582430458896
313.0,956.0,521.0,956.0,313.0,956.0,43264.0,59536.0,102800.0,208.0,244.0,320.62439083762797,0.6487341760138775,0.8648764080056549,130.44623202084136
318.0,954.0,524.0,954.0,318.0,954.0,42436.0,63001.0,105437.0,206.0,251.0,324.71064041697184,0.6344109935401824,0.8835500239857288,129.3763126369351
320.0,955.0,525.0,955.0,320.0,955.0,42025.0,62500.0,104525.0,205.0,250.0,323.3032632065442,0.6340795882070467,0.8839786770362514,129.35175262626473
329.0,958.0,526.0,958.0,329.0,958.0,38809.0,62500.0,101309.0,197.0,250.0,318.29074758779905,0.6189309663978166,0.9034154086877556,128.2381099351052
332.0,959.0,528.0,959.0,332.0,959.0,38416.0,64009.0,102425.0,196.0,253.0,320.0390601161052,0.6124252456212509,0.9116714893811354,127.7650713560551
335.0,952.0,530.0,952.0,335.0,952.0,38025.0,70756.0,108781.0,195.0,266.0,329.81964768642877,0.5912322124162639,0.9382104909762741,126.24449857216268
340.0,952.0,532.0,952.0,340.0,952.0,36864.0,71289.0,108153.0,192.0,267.0,328.8662342047295,0.5838239990320016,0.9473655153834838,125.71995431229031
349.0,955.0,536.0,955.0,349.0,955.0,34969.0,70225.0,105194.0,187.0,265.0,324.33624527641064,0.5765621410602201,0.9562815449709208,125.2091034469164
352.0,954.0,536.0,954.0,352.0,954.0,33856.0,71824.0,105680.0,184.0,268.0,325.0846043724618,0.5660065026924013,0.9691426941365711,124.47221388003643
363.0,957.0,539.0,957.0,363.0,957.0,30976.0,67600.0,98576.0,176.0,260.0,313.9681512510465,0.5605664119074032,0.9757267030893555,124.09497795476554
371.0,955.0,538.0,955.0,371.0,955.0,27889.0,72361.0,100250.0,167.0,269.0,316.62280397975127,0.5274414789488127,1.0152100589118693,121.83274830512221
375.0,953.0,540.0,953.0,375.0,953.0,27225.0,75076.0,102301.0,165.0,274.0,319.845275094068,0.5158744331973413,1.0287682488232524,121.05592124536312
383.0,954.0,548.0,954.0,383.0,954.0,27225.0,73441.0,100666.0,165.0,271.0,317.2790569829657,0.5200469314583805,1.0238904310074364,121.3353996194431
390.0,948.0,545.0,948.0,390.0,948.0,24025.0,74529.0,98554.0,155.0,273.0,313.93311389530095,0.4937357454164382,1.0544159107515036,119.58641846249596
395.0,946.0,546.0,946.0,395.0,946.0,22801.0,79524.0,102325.0,151.0,282.0,319.88279103446627,0.472047900769161,1.079183981824225,118.16731252334895
404.0,945.0,548.0,945.0,404.0,945.0,20736.0,82369.0,103105.0,144.0,287.0,321.0996729988992,0.4484588808674796,1.1057559610344674,116.6448502612927
408.0,945.0,552.0,945.0,408.0,945.0,20736.0,83521.0,104257.0,144.0,289.0,322.88852565552713,0.4459743489108252,1.108533758459678,116.48569419248584
418.0,937.0,551.0,937.0,418.0,937.0,17689.0,87616.0,105305.0,133.0,296.0,324.5073188696982,0.4098520811895908,1.1485044351679026,114.1955431128227
429.0,938.0,554.0,938.0,429.0,938.0,15625.0,86436.0,102061.0,125.0,294.0,319.4698733840172,0.3912732010562522,1.1687816390241434,113.0337449115337
433.0,937.0,554.0,937.0,433.0,937.0,14641.0,89401.0,104042.0,121.0,299.0,322.55542159449124,0.3751293325093082,1.1862600348258092,112.03230659943908
442.0,935.0,559.0,935.0,442.0,935.0,13689.0,90000.0,103689.0,117.0,300.0,322.0077638815561,0.3633452764916439,1.1989402529463153,111.30578361782877
451.0,930.0,564.0,930.0,451.0,930.0,12769.0,95481.0,108250.0,113.0,309.0,329.013677527242,0.3434507673032642,1.2202076155271355,110.08725350057331
460.0,929.0,561.0,929.0,460.0,929.0,10201.0,94864.0,105065.0,101.0,308.0,324.13731658048874,0.31159633536029474,1.2539237824876526,108.15545943237726
468.0,931.0,561.0,931.0,468.0,931.0,8649.0,96100.0,104749.0,93.0,310.0,323.64950177622705,0.28734788556634544,1.2793395323170296,106.69924423399361
477.0,927.0,562.0,927.0,477.0,927.0,7225.0,99856.0,107081.0,85.0,316.0,327.23233336576016,0.25975428260932953,1.3080285841011126,105.0554826485334
483.0,928.0,559.0,928.0,483.0,928.0,5776.0,101124.0,106900.0,76.0,318.0,326.9556544854363,0.23244742507851412,1.3362030469525377,103.44120483709861
488.0,928.0,561.0,928.0,488.0,928.0,5329.0,100489.0,105818.0,73.0,317.0,325.29678756483287,0.22441045466964787,1.3444583082014772,102.96821320875648
492.0,925.0,561.0,925.0,492.0,925.0,4761.0,102400.0,107161.0,69.0,320.0,327.35454785293575,0.21078063662948804,1.3584228577235253,102.16810345834169
502.0,922.0,561.0,922.0,502.0,922.0,3481.0,106276.0,109757.0,59.0,326.0,331.2959402105616,0.17808850890989308,1.3917527620304975,100.25844060997728
506.0,924.0,562.0,924.0,506.0,924.0,3136.0,104976.0,108112.0,56.0,324.0,328.80389292099323,0.17031428521880665,1.3996477213787146,99.80609275989708
515.0,922.0,562.0,922.0,515.0,922.0,2209.0,106276.0,108485.0,47.0,326.0,329.3706119252293,0.14269639821621216,1.4276111664196793,98.20390537840377
521.0,920.0,563.0,920.0,521.0,920.0,1764.0,106929.0,108693.0,42.0,327.0,329.6862144524699,0.12739386167465924,1.443055340673584,97.31901937559043
525.0,923.0,563.0,923.0,525.0,923.0,1444.0,104976.0,106420.0,38.0,324.0,326.2207841324645,0.11648552712867555,1.4540457484018285,96.68931539763406
530.0,923.0,563.0,923.0,530.0,923.0,1089.0,104976.0,106065.0,33.0,324.0,325.6762195801222,0.10132763160462013,1.4692944957889433,95.81562652949124
535.0,919.0,563.0,919.0,535.0,919.0,784.0,107584.0,108368.0,28.0,328.0,329.19295253695816,0.08505649888375563,1.4856369341751898,94.87927378300672
544.0,917.0,563.0,917.0,544.0,917.0,361.0,108241.0,108602.0,19.0,329.0,329.548175537356,0.0576546963703225,1.5131096412341796,93.30520361672735
550.0,921.0,564.0,921.0,550.0,921.0,196.0,105625.0,105821.0,14.0,325.0,325.3013987058771,0.043037011386041324,1.5277460189103134,92.46660094852538
555.0,915.0,564.0,915.0,555.0,915.0,81.0,109561.0,109642.0,9.0,331.0,331.1223338888514,0.02718028679702726,1.5436126922304902,91.55750753236643
559.0,919.0,564.0,919.0,559.0,919.0,25.0,106929.0,106954.0,5.0,327.0,327.0382240656281,0.015288732729286804,1.5555069983912582,90.87601398911798
560.0,917.0,565.0,917.0,560.0,917.0,25.0,108241.0,108266.0,5.0,329.0,329.0379917273992,0.015195813631583283,1.5555999282846789,90.87068949843437
566.0,915.0,566.0,915.0,566.0,915.0,0.0,109561.0,109561.0,0.0,331.0,331.0,nan,nan,nan
566.0,919.0,566.0,919.0,566.0,919.0,0.0,106929.0,106929.0,0.0,327.0,327.0,nan,nan,nan
572.0,918.0,567.0,918.0,572.0,918.0,25.0,107584.0,107609.0,5.0,328.0,328.03810754240124,0.015242131584830324,1.55555360496648,89.1266563709398
577.0,918.0,567.0,918.0,577.0,918.0,100.0,107584.0,107684.0,10.0,328.0,328.1524036175874,0.030473645445710358,1.5403179628538508,88.25371837971436
577.0,918.0,568.0,918.0,577.0,918.0,81.0,107584.0,107665.0,9.0,328.0,328.12345237730267,0.027428700797805447,1.5433641855765479,88.42825408518175
582.0,917.0,568.0,917.0,582.0,917.0,196.0,111556.0,111752.0,14.0,334.0,334.2932844075693,0.04187939349368217,1.5289046816989678,87.59978553914337
583.0,917.0,568.0,917.0,583.0,917.0,225.0,111556.0,111781.0,15.0,334.0,334.33665668005955,0.0448649578211046,1.52591630414454,87.42856411768304
583.0,917.0,569.0,917.0,583.0,917.0,196.0,111556.0,111752.0,14.0,334.0,334.2932844075693,0.04187939349368217,1.5289046816989678,87.59978553914337
588.0,916.0,569.0,916.0,588.0,916.0,361.0,112225.0,112586.0,19.0,335.0,335.538373364359,0.05662541607236088,1.5141406059969693,86.75386631300721
589.0,916.0,569.0,916.0,589.0,916.0,400.0,112225.0,112625.0,20.0,335.0,335.5964838909967,0.059595380047235816,1.5111656136637273,86.58341180822866
594.0,915.0,570.0,915.0,594.0,915.0,576.0,112896.0,113472.0,24.0,336.0,336.8560523428368,0.07124704998790965,1.4994888620096063,85.91438322002513
595.0,919.0,570.0,919.0,595.0,919.0,625.0,110224.0,110849.0,25.0,332.0,332.93993452273037,0.07508861932059162,1.4956369658021837,85.69368582421737
595.0,919.0,570.0,919.0,595.0,919.0,625.0,110224.0,110849.0,25.0,332.0,332.93993452273037,0.07508861932059162,1.4956369658021837,85.69368582421737
599.0,914.0,570.0,914.0,599.0,914.0,841.0,113569.0,114410.0,29.0,337.0,338.2454729926182,0.08573655027345448,1.484954389466726,85.08161928586931
599.0,914.0,570.0,914.0,599.0,914.0,841.0,113569.0,114410.0,29.0,337.0,338.2454729926182,0.08573655027345448,1.484954389466726,85.08161928586931
600.0,913.0,570.0,913.0,600.0,913.0,900.0,114244.0,115144.0,30.0,338.0,339.3287491504367,0.08840983876288042,1.4822709080708807,84.9278671274855
600.0,913.0,571.0,913.0,600.0,913.0,841.0,114244.0,115085.0,29.0,338.0,339.2418016695466,0.08548474821581312,1.4852071193802103,85.09609964326867
600.0,913.0,571.0,913.0,600.0,913.0,841.0,114244.0,115085.0,29.0,338.0,339.2418016695466,0.08548474821581312,1.4852071193802103,85.09609964326867
600.0,913.0,566.0,913.0,600.0,913.0,1156.0,114244.0,115400.0,34.0,338.0,339.70575502926056,0.10008661759960885,1.4705418512893211,84.25584167623283
600.0,913.0,571.0,913.0,600.0,913.0,841.0,110889.0,111730.0,29.0,333.0,334.26037755019667,0.08675871251190999,1.4839284040843899,85.02283465361933
600.0,913.0,566.0,913.0,600.0,913.0,1156.0,110889.0,112045.0,34.0,333.0,334.73123547108656,0.10157402834590515,1.4690468211834073,84.17018276091898
605.0,913.0,571.0,913.0,605.0,913.0,1156.0,110889.0,112045.0,34.0,333.0,334.73123547108656,0.10157402834590515,1.4690468211834073,84.17018276091898
605.0,913.0,570.0,913.0,605.0,913.0,1225.0,110889.0,112114.0,35.0,333.0,334.8342873721268,0.10452931888991954,1.4660757113399252,83.99995070641768
600.0,913.0,571.0,913.0,600.0,913.0,841.0,110889.0,111730.0,29.0,333.0,334.26037755019667,0.08675871251190999,1.4839284040843899,85.02283465361933
600.0,912.0,571.0,912.0,600.0,912.0,841.0,111556.0,112397.0,29.0,334.0,335.25661813005274,0.08650090238860049,1.4841871870846008,85.03766182734115
600.0,912.0,566.0,912.0,600.0,912.0,1156.0,111556.0,112712.0,34.0,334.0,335.72607882021913,0.10127303818482017,1.4693493714954131,84.18751761688728
600.0,912.0,566.0,912.0,600.0,912.0,1156.0,111556.0,112712.0,34.0,334.0,335.72607882021913,0.10127303818482017,1.4693493714954131,84.18751761688728
600.0,912.0,565.0,912.0,600.0,912.0,1225.0,111556.0,112781.0,35.0,334.0,335.828825445345,0.10421976122385043,1.4663869690779683,84.01778446114834
600.0,911.0,565.0,911.0,600.0,911.0,1225.0,112225.0,113450.0,35.0,335.0,336.82339586198583,0.10391202164098284,1.4666963886852973,84.03551289874689
599.0,912.0,565.0,912.0,599.0,912.0,1156.0,111556.0,112712.0,34.0,334.0,335.72607882021913,0.10127303818482017,1.4693493714954131,84.18751761688728
600.0,911.0,565.0,911.0,600.0,911.0,1225.0,112896.0,114121.0,35.0,336.0,337.8179983363823,0.10360608425945603,1.467003986337854,84.05313694602651
599.0,911.0,565.0,911.0,599.0,911.0,1156.0,109561.0,110717.0,34.0,331.0,332.74164151785993,0.10218137965811247,1.4684362932423132,84.13520208661947
599.0,911.0,565.0,911.0,599.0,911.0,1156.0,108900.0,110056.0,34.0,330.0,331.746891469988,0.10248777267917782,1.4681282831783122,84.11755440990467
594.0,911.0,565.0,911.0,594.0,911.0,841.0,108900.0,109741.0,29.0,330.0,331.27179173603054,0.08754141077942507,1.4831427164079656,84.97781806574478
594.0,915.0,560.0,915.0,594.0,915.0,1156.0,106276.0,107432.0,34.0,326.0,327.76821078316914,0.10373184122633622,1.4668775481036054,84.04589256883499
594.0,911.0,564.0,911.0,594.0,911.0,900.0,108900.0,109800.0,30.0,330.0,331.3608305156178,0.09053574604251853,1.4801364395941514,84.8055710922652
593.0,912.0,563.0,912.0,593.0,912.0,900.0,108241.0,109141.0,30.0,329.0,330.3649497147057,0.09080866485959602,1.4798623919167149,84.78986931696272
592.0,913.0,563.0,913.0,592.0,913.0,841.0,107584.0,108425.0,29.0,328.0,329.2795165205391,0.08807107197690232,1.4826110014939653,84.9473530452684
587.0,913.0,563.0,913.0,587.0,913.0,576.0,110889.0,111465.0,24.0,333.0,333.86374466239965,0.07188561316913464,1.4988486572315145,85.87770218821636
587.0,913.0,562.0,913.0,587.0,913.0,625.0,107584.0,108209.0,25.0,328.0,328.95136418625776,0.07599907682962087,1.4947238991555105,85.64137095894883
582.0,914.0,562.0,914.0,582.0,914.0,400.0,106929.0,107329.0,20.0,327.0,327.61104987469514,0.06104800191461677,1.5097103415999702,86.50003086093209
582.0,914.0,562.0,914.0,582.0,914.0,400.0,106276.0,106676.0,20.0,326.0,326.6129207487052,0.061234564615978336,1.5095234292079862,86.48932156973271
581.0,914.0,557.0,914.0,581.0,914.0,576.0,106276.0,106852.0,24.0,326.0,326.88224179358537,0.07342093552807666,1.4973092665073091,85.7895015966978
580.0,915.0,556.0,915.0,580.0,915.0,576.0,105625.0,106201.0,24.0,325.0,325.8849490234245,0.07364562270187841,1.4970839694005564,85.77659302334436
576.0,925.0,561.0,925.0,576.0,925.0,225.0,101124.0,101349.0,15.0,318.0,318.3535770177555,0.047117422522830354,1.523661452981396,87.29937066260472
576.0,921.0,561.0,921.0,576.0,921.0,225.0,104329.0,104554.0,15.0,323.0,323.34810962799827,0.04638963257665871,1.5243900396854542,87.3411156057566
575.0,921.0,561.0,921.0,575.0,921.0,196.0,104329.0,104525.0,14.0,323.0,323.3032632065442,0.043302996267798315,1.5274797858295357,87.51814501957928
576.0,921.0,561.0,921.0,576.0,921.0,225.0,104329.0,104554.0,15.0,323.0,323.34810962799827,0.04638963257665871,1.5243900396854542,87.3411156057566
576.0,921.0,562.0,921.0,576.0,921.0,196.0,104329.0,104525.0,14.0,323.0,323.3032632065442,0.043302996267798315,1.5274797858295357,87.51814501957928
576.0,925.0,557.0,925.0,576.0,925.0,361.0,101761.0,102122.0,19.0,319.0,319.5653297840678,0.059455761402021974,1.5113054803232655,86.5914255775148
576.0,920.0,557.0,920.0,576.0,920.0,361.0,104976.0,105337.0,19.0,324.0,324.5566206380637,0.0585414032308041,1.5122214340572973,86.64390586070407
572.0,920.0,557.0,920.0,572.0,920.0,225.0,104976.0,105201.0,15.0,324.0,324.34703636691364,0.046246761394888876,1.5245330643705397,87.34931031657818
576.0,924.0,557.0,924.0,576.0,924.0,361.0,102400.0,102761.0,19.0,320.0,320.5635662392094,0.05927061588097604,1.5114909529346432,86.602052375362
572.0,924.0,557.0,924.0,572.0,924.0,225.0,102400.0,102625.0,15.0,320.0,320.3513695928269,0.046823586298586156,1.523955613878927,87.31622484053102
572.0,924.0,558.0,924.0,572.0,924.0,196.0,102400.0,102596.0,14.0,320.0,320.30610359467084,0.04370818989361565,1.527074208193309,87.49490713275861
572.0,924.0,558.0,924.0,572.0,924.0,196.0,102400.0,102596.0,14.0,320.0,320.30610359467084,0.04370818989361565,1.527074208193309,87.49490713275861
576.0,924.0,557.0,924.0,576.0,924.0,361.0,102400.0,102761.0,19.0,320.0,320.5635662392094,0.05927061588097604,1.5114909529346432,86.602052375362
576.0,924.0,557.0,924.0,576.0,924.0,361.0,102400.0,102761.0,19.0,320.0,320.5635662392094,0.05927061588097604,1.5114909529346432,86.602052375362
576.0,924.0,557.0,924.0,576.0,924.0,361.0,102400.0,102761.0,19.0,320.0,320.5635662392094,0.05927061588097604,1.5114909529346432,86.602052375362
576.0,924.0,557.0,924.0,576.0,924.0,361.0,102400.0,102761.0,19.0,320.0,320.5635662392094,0.05927061588097604,1.5114909529346432,86.602052375362
572.0,923.0,558.0,923.0,572.0,923.0,196.0,103041.0,103237.0,14.0,321.0,321.3051509079803,0.043572286222107626,1.527210241462321,87.50270126494635
572.0,923.0,558.0,923.0,572.0,923.0,196.0,103041.0,103237.0,14.0,321.0,321.3051509079803,0.043572286222107626,1.527210241462321,87.50270126494635
572.0,924.0,558.0,924.0,572.0,924.0,196.0,102400.0,102596.0,14.0,320.0,320.30610359467084,0.04370818989361565,1.527074208193309,87.49490713275861
572.0,923.0,558.0,923.0,572.0,923.0,196.0,103041.0,103237.0,14.0,321.0,321.3051509079803,0.043572286222107626,1.527210241462321,87.50270126494635
572.0,924.0,558.0,924.0,572.0,924.0,196.0,102400.0,102596.0,14.0,320.0,320.30610359467084,0.04370818989361565,1.527074208193309,87.49490713275861
572.0,924.0,558.0,924.0,572.0,924.0,196.0,102400.0,102596.0,14.0,320.0,320.30610359467084,0.04370818989361565,1.527074208193309,87.49490713275861
572.0,923.0,558.0,923.0,572.0,923.0,196.0,103041.0,103237.0,14.0,321.0,321.3051509079803,0.043572286222107626,1.527210241462321,87.50270126494635
572.0,923.0,558.0,923.0,572.0,923.0,196.0,103041.0,103237.0,14.0,321.0,321.3051509079803,0.043572286222107626,1.527210241462321,87.50270126494635
572.0,923.0,558.0,923.0,572.0,923.0,196.0,103041.0,103237.0,14.0,321.0,321.3051509079803,0.043572286222107626,1.527210241462321,87.50270126494635
577.0,924.0,558.0,924.0,577.0,924.0,361.0,102400.0,102761.0,19.0,320.0,320.5635662392094,0.05927061588097604,1.5114909529346432,86.602052375362
572.0,924.0,558.0,924.0,572.0,924.0,196.0,102400.0,102596.0,14.0,320.0,320.30610359467084,0.04370818989361565,1.527074208193309,87.49490713275861
572.0,924.0,558.0,924.0,572.0,924.0,196.0,102400.0,102596.0,14.0,320.0,320.30610359467084,0.04370818989361565,1.527074208193309,87.49490713275861
572.0,920.0,557.0,920.0,572.0,920.0,225.0,104976.0,105201.0,15.0,324.0,324.34703636691364,0.046246761394888876,1.5245330643705397,87.34931031657818
572.0,919.0,557.0,919.0,572.0,919.0,225.0,105625.0,105850.0,15.0,325.0,325.3459696999488,0.04610476660840087,1.5246752107803854,87.35745470593528
572.0,919.0,557.0,919.0,572.0,919.0,225.0,105625.0,105850.0,15.0,325.0,325.3459696999488,0.04610476660840087,1.5246752107803854,87.35745470593528
572.0,919.0,557.0,919.0,572.0,919.0,225.0,105625.0,105850.0,15.0,325.0,325.3459696999488,0.04610476660840087,1.5246752107803854,87.35745470593528
572.0,919.0,557.0,919.0,572.0,919.0,225.0,105625.0,105850.0,15.0,325.0,325.3459696999488,0.04610476660840087,1.5246752107803854,87.35745470593528
572.0,919.0,557.0,919.0,572.0,919.0,225.0,105625.0,105850.0,15.0,325.0,325.3459696999488,0.04610476660840087,1.5246752107803854,87.35745470593528
576.0,919.0,557.0,919.0,576.0,919.0,361.0,105625.0,105986.0,19.0,325.0,325.55491088294156,0.05836189031358754,1.5124012544242749,86.65420880880238
572.0,920.0,557.0,920.0,572.0,920.0,225.0,104976.0,105201.0,15.0,324.0,324.34703636691364,0.046246761394888876,1.5245330643705397,87.34931031657818
572.0,919.0,557.0,919.0,572.0,919.0,225.0,105625.0,105850.0,15.0,325.0,325.3459696999488,0.04610476660840087,1.5246752107803854,87.35745470593528
572.0,919.0,557.0,919.0,572.0,919.0,225.0,105625.0,105850.0,15.0,325.0,325.3459696999488,0.04610476660840087,1.5246752107803854,87.35745470593528
576.0,919.0,557.0,919.0,576.0,919.0,361.0,105625.0,105986.0,19.0,325.0,325.55491088294156,0.05836189031358754,1.5124012544242749,86.65420880880238
572.0,919.0,557.0,919.0,572.0,919.0,225.0,105625.0,105850.0,15.0,325.0,325.3459696999488,0.04610476660840087,1.5246752107803854,87.35745470593528
576.0,919.0,557.0,919.0,576.0,919.0,361.0,105625.0,105986.0,19.0,325.0,325.55491088294156,0.05836189031358754,1.5124012544242749,86.65420880880238
576.0,919.0,557.0,919.0,576.0,919.0,361.0,105625.0,105986.0,19.0,325.0,325.55491088294156,0.05836189031358754,1.5124012544242749,86.65420880880238
576.0,919.0,557.0,919.0,576.0,919.0,361.0,105625.0,105986.0,19.0,325.0,325.55491088294156,0.05836189031358754,1.5124012544242749,86.65420880880238
572.0,919.0,557.0,919.0,572.0,919.0,225.0,105625.0,105850.0,15.0,325.0,325.3459696999488,0.04610476660840087,1.5246752107803854,87.35745470593528
571.0,920.0,557.0,920.0,571.0,920.0,196.0,104976.0,105172.0,14.0,324.0,324.3023280829171,0.04316959450386833,1.527613312457767,87.52579553182956
572.0,920.0,558.0,920.0,572.0,920.0,196.0,104976.0,105172.0,14.0,324.0,324.3023280829171,0.04316959450386833,1.527613312457767,87.52579553182956
572.0,920.0,558.0,920.0,572.0,920.0,196.0,104976.0,105172.0,14.0,324.0,324.3023280829171,0.04316959450386833,1.527613312457767,87.52579553182956
572.0,919.0,558.0,919.0,572.0,919.0,196.0,106276.0,106472.0,14.0,326.0,326.3004750226392,0.042905239408642167,1.527877912716192,87.54095600989538
573.0,924.0,559.0,924.0,573.0,924.0,196.0,103041.0,103237.0,14.0,321.0,321.3051509079803,0.043572286222107626,1.527210241462321,87.50270126494635
568.0,924.0,559.0,924.0,568.0,924.0,81.0,103041.0,103122.0,9.0,321.0,321.1261434389919,0.02802636964906545,1.5427662868350502,88.39399701071775
568.0,924.0,558.0,924.0,568.0,924.0,100.0,103041.0,103141.0,10.0,321.0,321.155725466634,0.031137542341710282,1.5396537507072512,88.21566182701288
568.0,924.0,559.0,924.0,568.0,924.0,81.0,103041.0,103122.0,9.0,321.0,321.1261434389919,0.02802636964906545,1.5427662868350502,88.39399701071775
568.0,924.0,559.0,924.0,568.0,924.0,81.0,103041.0,103122.0,9.0,321.0,321.1261434389919,0.02802636964906545,1.5427662868350502,88.39399701071775
568.0,925.0,559.0,925.0,568.0,925.0,81.0,102400.0,102481.0,9.0,320.0,320.1265374816652,0.028113882937666368,1.5426787390487737,88.3889808920584
563.0,926.0,559.0,926.0,563.0,926.0,16.0,102400.0,102416.0,4.0,320.0,320.0249990235138,0.01249902355192602,1.5582969777755349,89.28384005452959
564.0,921.0,564.0,921.0,564.0,921.0,0.0,105625.0,105625.0,0.0,325.0,325.0,nan,nan,nan
558.0,922.0,563.0,922.0,558.0,922.0,25.0,104976.0,105001.0,5.0,324.0,324.0385779502188,0.015430261518948331,1.5553654529042018,90.88412394813543
558.0,921.0,563.0,921.0,558.0,921.0,25.0,105625.0,105650.0,5.0,325.0,325.0384592629002,0.015382795043203982,1.5554129250143014,90.88140399658214
558.0,922.0,562.0,922.0,558.0,922.0,16.0,104976.0,104992.0,4.0,324.0,324.02469041725817,0.01234473828166939,1.558451274950672,90.70731936854426
553.0,927.0,563.0,927.0,553.0,927.0,100.0,101761.0,101861.0,10.0,319.0,319.15670132397344,0.03133257098634153,1.5394586268548605,91.79551794621145
549.0,927.0,563.0,927.0,549.0,927.0,196.0,102400.0,102596.0,14.0,320.0,320.30610359467084,0.04370818989361565,1.527074208193309,92.50509286724139
548.0,928.0,562.0,928.0,548.0,928.0,196.0,101761.0,101957.0,14.0,319.0,319.30706224573237,0.04384494317643961,1.5269373236855794,92.51293577181502
544.0,928.0,567.0,928.0,544.0,928.0,529.0,101761.0,102290.0,23.0,319.0,319.8280788173546,0.07191363586664538,1.4988205618195027,94.1239075603156
539.0,928.0,563.0,928.0,539.0,928.0,576.0,101761.0,102337.0,24.0,319.0,319.9015473548073,0.07502308194021101,1.4957026885646985,94.3025485388726
534.0,928.0,567.0,928.0,534.0,928.0,1089.0,99225.0,100314.0,33.0,315.0,316.7238544852598,0.10419171001070213,1.4664151738445663,95.98059952476345
530.0,929.0,568.0,929.0,530.0,929.0,1444.0,95481.0,96925.0,38.0,309.0,311.3278015211619,0.12205784325823217,1.4484333614857305,97.01088148092092
524.0,930.0,567.0,930.0,524.0,930.0,1849.0,98596.0,100445.0,43.0,314.0,316.93059177050105,0.13567639450576482,1.4347001888262791,97.79773431363193
519.0,930.0,567.0,930.0,519.0,930.0,2304.0,98596.0,100900.0,48.0,314.0,317.6476034853718,0.15111085200493407,1.4191043939903107,98.69130753588485
514.0,931.0,567.0,931.0,514.0,931.0,2809.0,98596.0,101405.0,53.0,314.0,318.44151739369664,0.16643558425980892,1.4035826032707648,99.58064063460016
509.0,932.0,566.0,932.0,509.0,932.0,3249.0,97969.0,101218.0,57.0,313.0,318.14776441144454,0.1791620321627807,1.3906616912212393,100.3209543624977
504.0,933.0,565.0,933.0,504.0,933.0,3721.0,97969.0,101690.0,61.0,313.0,318.88869531546584,0.19128931472360525,1.3783207764463974,101.02803669442679
494.0,935.0,564.0,935.0,494.0,935.0,4900.0,93636.0,98536.0,70.0,306.0,313.90444405901616,0.2229977986130057,1.3459076960928533,102.88516939970326
492.0,933.0,562.0,933.0,492.0,933.0,4900.0,98596.0,103496.0,70.0,314.0,321.70794208412076,0.21758865990848394,1.35145307218971,102.56744275354065
483.0,937.0,558.0,937.0,483.0,937.0,5625.0,93025.0,98650.0,75.0,305.0,314.0859754907882,0.2387881212550341,1.3296786483434282,103.81502534126162
478.0,937.0,557.0,937.0,478.0,937.0,6241.0,93025.0,99266.0,79.0,305.0,315.0650726437318,0.25074185258653325,1.3173498137201445,104.52141553149053
468.0,938.0,557.0,938.0,468.0,938.0,7921.0,94249.0,102170.0,89.0,307.0,319.64042297556796,0.2784378745700847,1.2886290463353511,106.16699428701618
463.0,940.0,556.0,940.0,463.0,940.0,8649.0,90601.0,99250.0,93.0,301.0,315.03968004046726,0.29520090925706255,1.2711305345947788,107.1695851575111
453.0,944.0,554.0,944.0,453.0,944.0,10201.0,88804.0,99005.0,101.0,298.0,314.6505998723028,0.3209909659825522,1.2440206890674421,108.7228648894791
443.0,945.0,558.0,945.0,443.0,945.0,13225.0,88209.0,101434.0,115.0,297.0,318.4870484022859,0.36108218709962026,1.2013682136573034,111.16667171626557
438.0,949.0,553.0,949.0,438.0,949.0,13225.0,86436.0,99661.0,115.0,294.0,315.69130491668597,0.3642799095475551,1.1979368594509747,111.36327383030266
429.0,951.0,551.0,951.0,429.0,951.0,14884.0,83521.0,98405.0,122.0,289.0,313.6957124348371,0.3889119142020235,1.1713460941672236,112.8868124550846
420.0,956.0,551.0,956.0,420.0,956.0,17161.0,81225.0,98386.0,131.0,285.0,313.66542684841755,0.4176424584508234,1.1399472228634737,114.6858352622639
415.0,957.0,549.0,957.0,415.0,957.0,17956.0,78961.0,96917.0,134.0,281.0,311.3149530620076,0.43043226379591837,1.1258247070618512,115.49499581380368
405.0,959.0,547.0,959.0,405.0,959.0,20164.0,78400.0,98564.0,142.0,280.0,313.94904045083496,0.45230270427355385,1.1014507737611114,116.89151932206943
398.0,961.0,548.0,961.0,398.0,961.0,22500.0,77284.0,99784.0,150.0,278.0,315.88605540605937,0.47485476941101684,1.0759973251524835,118.34989450139696
389.0,962.0,546.0,962.0,389.0,962.0,24649.0,76176.0,100825.0,157.0,276.0,317.52952618614853,0.4944422078971022,1.0536033350648524,119.63297561987602
381.0,966.0,555.0,966.0,381.0,966.0,30276.0,75625.0,105901.0,174.0,275.0,325.4243383645421,0.5346864984790543,1.006659608766117,122.32265301141084
375.0,965.0,558.0,965.0,375.0,965.0,33489.0,76176.0,109665.0,183.0,276.0,331.15706243412654,0.552607873300006,0.9853062807741733,123.5461085839078
366.0,969.0,553.0,969.0,366.0,969.0,34969.0,74529.0,109498.0,187.0,273.0,330.9048201522607,0.5651171835875792,0.9702210412439702,124.41042914193233
360.0,973.0,550.0,973.0,360.0,973.0,36100.0,71289.0,107389.0,190.0,267.0,327.70260908329675,0.5797939800708302,0.952320517561555,125.4360536000087
350.0,978.0,549.0,978.0,350.0,978.0,39601.0,69169.0,108770.0,199.0,263.0,329.802971484491,0.603390561050048,0.9230502465317579,127.1131165952201
343.0,979.0,545.0,979.0,343.0,979.0,40804.0,69169.0,109973.0,202.0,263.0,331.621772505968,0.6091276772135481,0.9158361297276313,127.52645504101098
338.0,982.0,543.0,982.0,338.0,982.0,42025.0,64516.0,106541.0,205.0,254.0,326.40618866682047,0.6280518173914099,0.8917491910928633,128.90653496617378
329.0,991.0,537.0,991.0,329.0,991.0,43264.0,59049.0,102313.0,208.0,243.0,319.8640336142843,0.6502762991190869,0.8628482505618912,130.56243688255708
321.0,994.0,540.0,994.0,321.0,994.0,47961.0,59536.0,107497.0,219.0,244.0,327.8673512260713,0.6679530583970679,0.8393414599436705,131.90927677487883
315.0,995.0,538.0,995.0,315.0,995.0,49729.0,57121.0,106850.0,223.0,239.0,326.87918257362304,0.6822092439299762,0.8200163623532093,133.0165233054907
305.0,997.0,539.0,997.0,305.0,997.0,54756.0,57121.0,111877.0,234.0,239.0,334.48019373350047,0.6995929934985663,0.795968594211966,134.3943589266931
299.0,999.0,535.0,999.0,299.0,999.0,55696.0,55696.0,111392.0,236.0,236.0,333.75440072005046,0.7071067811865476,0.7853981633974483,135.0
294.0,1001.0,528.0,1001.0,294.0,1001.0,54756.0,52441.0,107197.0,234.0,229.0,327.4095294886818,0.7147012500382617,0.7745994471022007,135.61872086787685
290.0,1001.0,521.0,1001.0,290.0,1001.0,53361.0,53824.0,107185.0,231.0,232.0,327.3912033027155,0.7055779070105639,0.7875579872528546,134.87625120859354
285.0,1002.0,525.0,1002.0,285.0,1002.0,57600.0,51529.0,109129.0,240.0,227.0,330.34678748248785,0.7265092596449807,0.7575680914400555,136.594545666704
282.0,1003.0,526.0,1003.0,282.0,1003.0,59536.0,49729.0,109265.0,244.0,223.0,330.55256768024054,0.7381579326772405,0.7404605565943143,137.57473521123796
278.0,1001.0,525.0,1001.0,278.0,1001.0,61009.0,49284.0,110293.0,247.0,222.0,332.10389940499044,0.7437431491847409,0.7321436605266215,138.0512582545657
271.0,999.0,524.0,999.0,271.0,999.0,64009.0,48841.0,112850.0,253.0,221.0,335.9315406448165,0.7531296391948478,0.7179898990071661,138.86220905386517
269.0,997.0,526.0,997.0,269.0,997.0,66049.0,48400.0,114449.0,257.0,220.0,338.3031185194721,0.7596737538947859,0.7079850410517221,139.43544518934
269.0,997.0,517.0,997.0,269.0,997.0,61504.0,45796.0,107300.0,248.0,214.0,327.566787083184,0.7570975134821027,0.7119375183038743,139.2089849241702
262.0,994.0,516.0,994.0,262.0,994.0,64516.0,45796.0,110312.0,254.0,214.0,332.13250367887815,0.7647550215247212,0.7001352939569189,139.8852025681173
261.0,990.0,513.0,990.0,261.0,990.0,63504.0,46225.0,109729.0,252.0,215.0,331.25367922485026,0.7607462673009165,0.706334200175604,139.53003140418923
257.0,987.0,511.0,987.0,257.0,987.0,64516.0,45369.0,109885.0,254.0,213.0,331.48906467634794,0.7662394542275323,0.6978282624997583,140.01738573381652
257.0,984.0,516.0,984.0,257.0,984.0,67081.0,43681.0,110762.0,259.0,209.0,332.8092546790128,0.778223551054191,0.6789642864234718,141.09821194782347
253.0,980.0,510.0,980.0,253.0,980.0,66049.0,42849.0,108898.0,257.0,207.0,329.9969696830563,0.7787950302902302,0.6780537554711976,141.15038152850482
250.0,976.0,510.0,976.0,250.0,976.0,67600.0,42025.0,109625.0,260.0,205.0,331.09666262286606,0.7852691656277782,0.6676655885933547,141.74557964748283
250.0,969.0,511.0,969.0,250.0,969.0,68121.0,40804.0,108925.0,261.0,202.0,330.037876614185,0.7908183226651575,0.6586514646680542,142.26205090441044
249.0,963.0,503.0,963.0,249.0,963.0,64516.0,41616.0,106132.0,254.0,204.0,325.77906623968335,0.7796694948260616,0.6766584854150051,141.23032461400564
248.0,956.0,508.0,956.0,248.0,956.0,67600.0,40000.0,107600.0,260.0,200.0,328.0243893371345,0.7926239891046002,0.6556956262415361,142.43140797117252
247.0,948.0,500.0,948.0,247.0,948.0,64009.0,40401.0,104410.0,253.0,201.0,323.12536266904215,0.7829778446055707,0.6713576781870442,141.53403849618024
245.0,944.0,495.0,944.0,245.0,944.0,62500.0,41209.0,103709.0,250.0,203.0,322.03881753602315,0.7763039310378634,0.6820153046955798,140.9234014776144
243.0,934.0,491.0,934.0,243.0,934.0,61504.0,42025.0,103529.0,248.0,205.0,321.75922675193016,0.7707626677981887,0.6907589895999908,140.4224252351994
241.0,929.0,493.0,929.0,241.0,929.0,63504.0,41209.0,104713.0,252.0,203.0,323.5938812771342,0.7787539090832829,0.6781193077490456,141.14662565964667
243.0,922.0,491.0,922.0,243.0,922.0,61504.0,41209.0,102713.0,248.0,203.0,320.4886893480018,0.7738182601842458,0.6859490498709261,140.6980144813871
242.0,913.0,493.0,913.0,242.0,913.0,63001.0,40401.0,103402.0,251.0,201.0,321.5618136533006,0.780565320080641,0.6752266148419958,141.31236475464806
240.0,904.0,485.0,904.0,240.0,904.0,60025.0,41209.0,101234.0,245.0,203.0,318.17290896617834,0.7700215609055622,0.691921382238859,140.35582504285517
239.0,898.0,484.0,898.0,239.0,898.0,60025.0,39204.0,99229.0,245.0,198.0,315.0063491423625,0.7777621011990328,0.6796987598074306,141.05612972275796
238.0,888.0,481.0,888.0,238.0,888.0,59049.0,42025.0,101074.0,243.0,205.0,317.9213739275798,0.7643399278192401,0.7007792820488168,139.84830476839485
236.0,880.0,480.0,880.0,236.0,880.0,59536.0,42025.0,101561.0,244.0,205.0,318.6863661972379,0.7656430455797604,0.6987559323617247,139.96423416594436
235.0,870.0,477.0,870.0,235.0,870.0,58564.0,44944.0,103508.0,242.0,212.0,321.72659200010185,0.7521914756736161,0.719414794876598,138.7805685343011
234.0,857.0,473.0,857.0,234.0,857.0,57121.0,45796.0,102917.0,239.0,214.0,320.8067954392488,0.7449966877190402,0.7302664511417624,138.15881442958047
229.0,848.0,474.0,848.0,229.0,848.0,60025.0,46225.0,106250.0,245.0,215.0,325.96012026013244,0.7516256890704229,0.7202730000630626,138.73139699916044
229.0,837.0,469.0,837.0,229.0,837.0,57600.0,46225.0,103825.0,240.0,215.0,322.21886971436044,0.7448353357230582,0.7305083008032944,138.14495746469802
229.0,830.0,469.0,830.0,229.0,830.0,57600.0,48400.0,106000.0,240.0,220.0,325.5764119219941,0.7371541402007414,0.7419472680059175,137.48955292199915
227.0,818.0,457.0,818.0,227.0,818.0,52900.0,50625.0,103525.0,230.0,225.0,321.7530108639234,0.7148340255851473,0.7744095947147147,135.62959860841028
228.0,808.0,455.0,808.0,228.0,808.0,51529.0,51529.0,103058.0,227.0,227.0,321.02647865869255,0.7071067811865476,0.7853981633974483,135.0
226.0,799.0,447.0,799.0,226.0,799.0,48841.0,53824.0,102665.0,221.0,232.0,320.41379495895615,0.6897330997509308,0.8096759531129845,133.60898511339366
224.0,791.0,447.0,791.0,224.0,791.0,49729.0,54289.0,104018.0,223.0,233.0,322.51821653977936,0.6914338123052817,0.8073244734962486,133.74371497104366
224.0,779.0,443.0,779.0,224.0,779.0,47961.0,58081.0,106042.0,219.0,241.0,325.64090652127845,0.6725199310476978,0.8331878355622186,132.26185348064485
222.0,771.0,438.0,771.0,222.0,771.0,46656.0,59049.0,105705.0,216.0,243.0,325.123053627392,0.6643638388299198,0.8441539861131709,131.6335393365702
223.0,761.0,434.0,761.0,223.0,761.0,44521.0,62500.0,107021.0,211.0,250.0,327.14064253773176,0.6449825321708955,0.8697959015354164,130.1643658042441
223.0,749.0,430.0,749.0,223.0,749.0,42849.0,65536.0,108385.0,207.0,256.0,329.21877224727024,0.6287612294615025,0.8908372156154146,128.95878731205102
221.0,743.0,426.0,743.0,221.0,743.0,42025.0,67600.0,109625.0,205.0,260.0,331.09666262286606,0.6191545344372867,0.9031307382015418,128.25442035251717
219.0,734.0,423.0,734.0,219.0,734.0,41616.0,67081.0,108697.0,204.0,259.0,329.6922807710244,0.6187587999419394,0.9036345857221159,128.22555201607017
223.0,722.0,420.0,722.0,223.0,722.0,38809.0,73984.0,112793.0,197.0,272.0,335.8466912149054,0.5865771649777589,0.9439702655008813,125.91448780095573
221.0,717.0,416.0,717.0,221.0,717.0,38025.0,77841.0,115866.0,195.0,279.0,340.39095170112853,0.5728706918485151,0.960792383940871,124.95065141187513
219.0,704.0,411.0,704.0,219.0,704.0,36864.0,83521.0,120385.0,192.0,289.0,346.96541614403014,0.5533692727470514,0.9843924429084508,123.59846763677292
223.0,699.0,407.0,699.0,223.0,699.0,33856.0,85849.0,119705.0,184.0,293.0,345.98410368107955,0.5318163408154933,1.0100524068961168,122.12825999782198
221.0,690.0,408.0,690.0,221.0,690.0,34969.0,89401.0,124370.0,187.0,299.0,352.66131060835124,0.5302537998211924,1.011896440375324,122.02260466218259
225.0,683.0,403.0,683.0,225.0,683.0,31684.0,92416.0,124100.0,178.0,304.0,352.27829907617075,0.505282330665257,1.0410872251453203,120.35009589418704
225.0,675.0,403.0,675.0,225.0,675.0,31684.0,93025.0,124709.0,178.0,305.0,353.1416146533852,0.5040470808706875,1.0425180463289627,120.26811587912641
225.0,665.0,397.0,665.0,225.0,665.0,29584.0,97969.0,127553.0,172.0,313.0,357.1456285606755,0.4815962628275007,1.0683211237012569,118.78970844724444
225.0,656.0,392.0,656.0,225.0,656.0,27889.0,103041.0,130930.0,167.0,321.0,361.8425071768103,0.46152676008956933,1.091080879449775,117.48567050010573
223.0,650.0,386.0,650.0,223.0,650.0,26569.0,105625.0,132194.0,163.0,325.0,363.5849281804734,0.4483134128131168,1.1059187061142746,116.63552565508323
224.0,643.0,379.0,643.0,224.0,643.0,24025.0,113569.0,137594.0,155.0,337.0,370.93665227367325,0.4178611066065335,1.1397065696665725,114.69962367477267
228.0,636.0,373.0,636.0,228.0,636.0,21025.0,116964.0,137989.0,145.0,342.0,371.46870662277865,0.39034243642828703,1.1697928206669812,112.975808471078
228.0,634.0,373.0,634.0,228.0,634.0,21025.0,118336.0,139361.0,145.0,344.0,373.3108624189765,0.3884162358963526,1.171884068258408,112.85598881017235
228.0,628.0,370.0,628.0,228.0,628.0,20164.0,118336.0,138500.0,142.0,344.0,372.1558813185679,0.381560542579326,1.179312346753748,112.43037980334157
234.0,620.0,364.0,620.0,234.0,620.0,16900.0,127449.0,144349.0,130.0,357.0,379.93288881064245,0.3421656924910011,1.2215755818426166,110.0088748041802
234.0,614.0,357.0,614.0,234.0,614.0,15129.0,131044.0,146173.0,123.0,362.0,382.32577731562907,0.32171516360629104,1.2432559280797004,108.76668246641295
234.0,608.0,357.0,608.0,234.0,608.0,15129.0,130321.0,145450.0,123.0,361.0,381.3790765104976,0.3225137601291936,1.242412370523516,108.8150147541587
234.0,603.0,356.0,603.0,234.0,603.0,14884.0,133225.0,148109.0,122.0,365.0,384.8493211634912,0.31700718512680476,1.2482240798962492,108.48202833534445
240.0,597.0,350.0,597.0,240.0,597.0,12100.0,140625.0,152725.0,110.0,375.0,390.80046059338264,0.2814735679507094,1.2854669066127613,106.34817154735124
238.0,600.0,347.0,600.0,238.0,600.0,11881.0,133956.0,145837.0,109.0,366.0,381.88610867639585,0.28542541224604967,1.2813460508180796,106.58427919236853
238.0,593.0,347.0,593.0,238.0,593.0,11881.0,138384.0,150265.0,109.0,372.0,387.64029718283933,0.2811885162408378,1.2857639559142098,106.33115187607093
243.0,593.0,340.0,593.0,243.0,593.0,9409.0,139129.0,148538.0,97.0,373.0,385.40627913929995,0.25168245887592466,1.316378044747122,104.57709379230648
243.0,591.0,340.0,591.0,243.0,591.0,9409.0,140625.0,150034.0,97.0,375.0,387.3422259449646,0.25042454321461516,1.3176775804695797,104.50263588008318
248.0,590.0,339.0,590.0,248.0,590.0,8281.0,141376.0,149657.0,91.0,376.0,386.855270094644,0.23523008999654285,1.3333410326929978,103.60518617507651
252.0,582.0,338.0,582.0,252.0,582.0,7396.0,150544.0,157940.0,86.0,388.0,397.4166579296847,0.21639757238161886,1.352673232395126,102.4975327234405
250.0,584.0,335.0,584.0,250.0,584.0,7225.0,145924.0,153149.0,85.0,382.0,391.34256093606785,0.21720101129988295,1.351850219065524,102.54468791370971
255.0,579.0,335.0,579.0,255.0,579.0,6400.0,148996.0,155396.0,80.0,386.0,394.202993392998,0.20294112764446856,1.3664357054477256,101.709001101864
255.0,582.0,335.0,582.0,255.0,582.0,6400.0,149769.0,156169.0,80.0,387.0,395.1822364428847,0.20243824904706292,1.3669492435520472,101.67957753586724
255.0,580.0,328.0,580.0,255.0,580.0,5329.0,149769.0,155098.0,73.0,387.0,393.82483415853807,0.18536159649752593,1.384356503890415,100.68221498559329
261.0,580.0,328.0,580.0,261.0,580.0,4489.0,148225.0,152714.0,67.0,385.0,390.7863866615622,0.1714491658022491,1.398495899206519,99.87208730911348
266.0,575.0,327.0,575.0,266.0,575.0,3721.0,152881.0,156602.0,61.0,391.0,395.72970573359794,0.15414561787045805,1.4160336490002539,98.86724826377605
266.0,579.0,327.0,579.0,266.0,579.0,3721.0,148996.0,152717.0,61.0,386.0,390.7902250568711,0.15609397597169367,1.4140614180190672,98.98024877522299
265.0,583.0,326.0,583.0,265.0,583.0,3721.0,145161.0,148882.0,61.0,381.0,385.85230334935153,0.15809157926620038,1.4120386999860663,99.09614198165895
265.0,577.0,326.0,577.0,265.0,577.0,3721.0,149769.0,153490.0,61.0,387.0,391.77799836131686,0.15570042282911153,1.4144598425879669,98.95742072897072
272.0,585.0,319.0,585.0,272.0,585.0,2209.0,142884.0,145093.0,47.0,378.0,380.9107507015259,0.12338848382052695,1.4470925858193646,97.08770226787753
272.0,578.0,319.0,578.0,272.0,578.0,2209.0,152881.0,155090.0,47.0,391.0,393.8146772277539,0.11934547572186753,1.4511657065477481,96.8543296406939
273.0,581.0,320.0,581.0,273.0,581.0,2209.0,145924.0,148133.0,47.0,382.0,384.88050093503045,0.12211582526477176,1.4483749424712422,97.01422864389441
273.0,577.0,319.0,577.0,273.0,577.0,2116.0,148996.0,151112.0,46.0,386.0,388.73126964523965,0.11833367570862025,1.4521847279341598,96.79594401601894
272.0,581.0,319.0,581.0,272.0,581.0,2209.0,150544.0,152753.0,47.0,388.0,390.8362828602278,0.12025495600368379,1.4502496286579916,96.9068170374822
272.0,579.0,319.0,579.0,272.0,579.0,2209.0,146689.0,148898.0,47.0,383.0,385.873036114212,0.12180172129489965,1.4486914088108778,96.99609645827535
272.0,579.0,313.0,579.0,272.0,579.0,1681.0,147456.0,149137.0,41.0,384.0,386.18259929727543,0.10616739354545346,1.4644284702211279,96.09442925752981
272.0,580.0,312.0,580.0,272.0,580.0,1600.0,146689.0,148289.0,40.0,383.0,385.0831079130841,0.1038736812340994,1.466734937700351,95.96227840538616
273.0,579.0,313.0,579.0,273.0,579.0,1600.0,146689.0,148289.0,40.0,383.0,385.0831079130841,0.1038736812340994,1.466734937700351,95.96227840538616
272.0,585.0,312.0,585.0,272.0,585.0,1600.0,142129.0,143729.0,40.0,377.0,379.1160772111887,0.10550858273867868,1.4650910022262595,96.05646896984344
272.0,579.0,312.0,579.0,272.0,579.0,1600.0,152100.0,153700.0,40.0,390.0,392.04591567825315,0.10202886549856947,1.468589608687643,95.85601358542895
277.0,577.0,311.0,577.0,277.0,577.0,1156.0,157609.0,158765.0,34.0,397.0,398.45325949225213,0.0853299582574029,1.485362476997402,94.89499902095103
277.0,580.0,310.0,580.0,277.0,580.0,1089.0,155236.0,156325.0,33.0,394.0,395.37956446938426,0.08346410124733525,1.4872350151160005,94.78771048977798
275.0,579.0,309.0,579.0,275.0,579.0,1156.0,152100.0,153256.0,34.0,390.0,391.4792459377636,0.08685007022161587,1.4838367002269715,94.98241959037581
278.0,581.0,305.0,581.0,278.0,581.0,729.0,153664.0,154393.0,27.0,392.0,392.9287467213362,0.06871474847613608,1.5020273878350747,93.94016996399057
279.0,582.0,305.0,582.0,279.0,582.0,676.0,156816.0,157492.0,26.0,396.0,396.8526174790838,0.0655155058952593,1.5052338616407859,93.75645254780407
278.0,584.0,305.0,584.0,278.0,584.0,729.0,149769.0,150498.0,27.0,387.0,387.9407171205415,0.06959826284903867,1.5011417530663285,93.99091309842977
275.0,581.0,301.0,581.0,275.0,581.0,676.0,156816.0,157492.0,26.0,396.0,396.8526174790838,0.0655155058952593,1.5052338616407859,93.75645254780407
275.0,581.0,295.0,581.0,275.0,581.0,400.0,149769.0,150169.0,20.0,387.0,387.51645126368504,0.05161071209952588,1.5191626749081897,92.958390333956
279.0,584.0,300.0,584.0,279.0,584.0,441.0,147456.0,147897.0,21.0,384.0,384.573790058553,0.05460590540193251,1.516163247555537,93.1302448622191
279.0,584.0,293.0,584.0,279.0,584.0,196.0,148225.0,148421.0,14.0,385.0,385.2544613628764,0.036339618107142986,1.534448705775876,92.08256527973087
280.0,583.0,293.0,583.0,280.0,583.0,169.0,148996.0,149165.0,13.0,386.0,386.21884987659524,0.03365967249955242,1.5371302951328776,91.92892152718748
281.0,583.0,288.0,583.0,281.0,583.0,49.0,153664.0,153713.0,7.0,392.0,392.0624950183325,0.01785429641688294,1.5529410816553442,91.02303018866783
282.0,578.0,289.0,578.0,282.0,578.0,49.0,157609.0,157658.0,7.0,397.0,397.06170805052454,0.01762950155623991,1.5531659119047148,91.01014836427203
277.0,579.0,284.0,579.0,277.0,579.0,49.0,155236.0,155285.0,7.0,394.0,394.06217783491985,0.01776369414202556,1.5530316983013739,91.0178382372967
279.0,579.0,285.0,579.0,279.0,579.0,36.0,158404.0,158440.0,6.0,398.0,398.0452235613436,0.015073664108609325,1.5557220917999373,90.86369004459958
280.0,578.0,280.0,578.0,280.0,578.0,0.0,158404.0,158404.0,0.0,398.0,398.0,nan,nan,nan
280.0,580.0,280.0,580.0,280.0,580.0,0.0,156025.0,156025.0,0.0,395.0,395.0,nan,nan,nan
280.0,581.0,280.0,581.0,280.0,581.0,0.0,156025.0,156025.0,0.0,395.0,395.0,nan,nan,nan
281.0,574.0,281.0,574.0,281.0,574.0,0.0,165649.0,165649.0,0.0,407.0,407.0,nan,nan,nan
280.0,577.0,280.0,577.0,280.0,577.0,0.0,164836.0,164836.0,0.0,406.0,406.0,nan,nan,nan
275.0,582.0,281.0,582.0,275.0,582.0,36.0,161604.0,161640.0,6.0,402.0,402.0447736260229,0.014923710973497512,1.5558720618048116,90.85509739626671
281.0,577.0,274.0,577.0,281.0,577.0,49.0,170569.0,170618.0,7.0,413.0,413.05931777409404,0.016946718543287685,1.5538487969884918,89.02897806892084
281.0,577.0,275.0,577.0,281.0,577.0,36.0,173889.0,173925.0,6.0,417.0,417.0431632337353,0.01438700002531213,1.5564088304059709,89.17565717915484
281.0,581.0,274.0,581.0,281.0,581.0,49.0,170569.0,170618.0,7.0,413.0,413.05931777409404,0.016946718543287685,1.5538487969884918,89.02897806892084
282.0,578.0,275.0,578.0,282.0,578.0,49.0,168100.0,168149.0,7.0,410.0,410.0597517435721,0.01707068291934537,1.5537248146772702,89.02187440575356
281.0,582.0,274.0,582.0,281.0,582.0,49.0,164025.0,164074.0,7.0,405.0,405.0604893099301,0.01728136953551148,1.5535140969758874,89.00980117079564
275.0,577.0,275.0,577.0,275.0,577.0,0.0,164836.0,164836.0,0.0,406.0,406.0,nan,nan,nan
275.0,578.0,275.0,578.0,275.0,578.0,0.0,164836.0,164836.0,0.0,406.0,406.0,nan,nan,nan
276.0,581.0,276.0,581.0,276.0,581.0,0.0,158404.0,158404.0,0.0,398.0,398.0,nan,nan,nan
283.0,578.0,271.0,578.0,283.0,578.0,144.0,165649.0,165793.0,12.0,407.0,407.17686574755203,0.02947122248207478,1.541320836424952,88.31117880272367
277.0,578.0,271.0,578.0,277.0,578.0,36.0,164836.0,164872.0,6.0,406.0,406.0443325549564,0.014776711602514302,1.5560190773874043,89.1533259761385
277.0,577.0,271.0,577.0,277.0,577.0,36.0,166464.0,166500.0,6.0,408.0,408.0441152620633,0.014704292441876154,1.5560915044170451,89.15747573925958
284.0,580.0,272.0,580.0,284.0,580.0,144.0,164025.0,164169.0,12.0,405.0,405.1777387764535,0.02961663203965086,1.5411753633657705,88.30284381039972
284.0,580.0,272.0,580.0,284.0,580.0,144.0,164836.0,164980.0,12.0,406.0,406.1773011875479,0.029543748419508877,1.5412482788930029,88.3070215623711
279.0,581.0,272.0,581.0,279.0,581.0,49.0,164836.0,164885.0,7.0,406.0,406.06034034364893,0.017238817250844786,1.5535566556003668,89.01223960036019
280.0,580.0,273.0,580.0,280.0,580.0,49.0,160801.0,160850.0,7.0,401.0,401.06109260310956,0.017453700020029633,1.5533417404951437,88.9999258718773
280.0,582.0,274.0,582.0,280.0,582.0,36.0,160000.0,160036.0,6.0,400.0,400.04499746903474,0.014998312784712243,1.555797451643046,89.14062775635531
280.0,577.0,274.0,577.0,280.0,577.0,36.0,163216.0,163252.0,6.0,404.0,404.04455199891015,0.014849847548535154,1.555945933415817,89.14913513526972
282.0,580.0,276.0,580.0,282.0,580.0,36.0,163216.0,163252.0,6.0,404.0,404.04455199891015,0.014849847548535154,1.555945933415817,89.14913513526972
277.0,580.0,277.0,580.0,277.0,580.0,0.0,162409.0,162409.0,0.0,403.0,403.0,nan,nan,nan
277.0,581.0,277.0,581.0,277.0,581.0,0.0,161604.0,161604.0,0.0,402.0,402.0,nan,nan,nan
278.0,579.0,278.0,579.0,278.0,579.0,0.0,161604.0,161604.0,0.0,402.0,402.0,nan,nan,nan
278.0,579.0,278.0,579.0,278.0,579.0,0.0,162409.0,162409.0,0.0,403.0,403.0,nan,nan,nan
278.0,580.0,278.0,580.0,278.0,580.0,0.0,161604.0,161604.0,0.0,402.0,402.0,nan,nan,nan
283.0,581.0,276.0,581.0,283.0,581.0,49.0,159201.0,159250.0,7.0,399.0,399.06139878469827,0.017541160386140585,1.5532542667374942,88.99491399474583
280.0,579.0,280.0,579.0,280.0,579.0,0.0,164836.0,164836.0,0.0,406.0,406.0,nan,nan,nan
286.0,577.0,280.0,577.0,286.0,577.0,36.0,160801.0,160837.0,6.0,401.0,401.04488526846967,0.014960918890621051,1.5558348497332328,89.14277050908487
286.0,580.0,280.0,580.0,286.0,580.0,36.0,158404.0,158440.0,6.0,398.0,398.0452235613436,0.015073664108609325,1.5557220917999373,89.13630995540042
286.0,580.0,280.0,580.0,286.0,580.0,36.0,159201.0,159237.0,6.0,399.0,399.0451102319135,0.015035894053464213,1.5557598661360352,89.13847426543275
287.0,581.0,281.0,581.0,287.0,581.0,36.0,163216.0,163252.0,6.0,404.0,404.04455199891015,0.014849847548535154,1.555945933415817,89.14913513526972
286.0,577.0,274.0,577.0,286.0,577.0,144.0,166464.0,166608.0,12.0,408.0,408.17643244067875,0.02939905160189274,1.5413930385908916,88.31531568210372
286.0,583.0,280.0,583.0,286.0,583.0,36.0,162409.0,162445.0,6.0,403.0,403.0446625375406,0.014886687649513645,1.5559090892421257,89.14702411961756
281.0,583.0,274.0,583.0,281.0,583.0,49.0,162409.0,162458.0,7.0,403.0,403.0607894598531,0.017367107352170844,1.553428346290092,89.0048880184092
286.0,580.0,280.0,580.0,286.0,580.0,36.0,164025.0,164061.0,6.0,405.0,405.0444420060594,0.014813189313952469,1.5559825956829954,89.15123572844642
281.0,582.0,274.0,582.0,281.0,582.0,49.0,162409.0,162458.0,7.0,403.0,403.0607894598531,0.017367107352170844,1.553428346290092,89.0048880184092
282.0,583.0,276.0,583.0,282.0,583.0,36.0,161604.0,161640.0,6.0,402.0,402.0447736260229,0.014923710973497512,1.5558720618048116,89.14490260373329
282.0,582.0,276.0,582.0,282.0,582.0,36.0,161604.0,161640.0,6.0,402.0,402.0447736260229,0.014923710973497512,1.5558720618048116,89.14490260373329
283.0,583.0,277.0,583.0,283.0,583.0,36.0,163216.0,163252.0,6.0,404.0,404.04455199891015,0.014849847548535154,1.555945933415817,89.14913513526972
282.0,585.0,276.0,585.0,282.0,585.0,36.0,164836.0,164872.0,6.0,406.0,406.0443325549564,0.014776711602514302,1.5560190773874043,89.1533259761385
282.0,585.0,276.0,585.0,282.0,585.0,36.0,164025.0,164061.0,6.0,405.0,405.0444420060594,0.014813189313952469,1.5559825956829954,89.15123572844642
282.0,584.0,276.0,584.0,282.0,584.0,36.0,164836.0,164872.0,6.0,406.0,406.0443325549564,0.014776711602514302,1.5560190773874043,89.1533259761385
281.0,582.0,275.0,582.0,281.0,582.0,36.0,166464.0,166500.0,6.0,408.0,408.0441152620633,0.014704292441876154,1.5560915044170451,89.15747573925958
281.0,583.0,275.0,583.0,281.0,583.0,36.0,165649.0,165685.0,6.0,407.0,407.04422364160877,0.014740413084163639,1.5560553798595866,89.15540595458043
281.0,582.0,275.0,582.0,281.0,582.0,36.0,161604.0,161640.0,6.0,402.0,402.0447736260229,0.014923710973497512,1.5558720618048116,89.14490260373329
287.0,582.0,274.0,582.0,287.0,582.0,169.0,162409.0,162578.0,13.0,403.0,403.20962290104137,0.03224129401095805,1.5385494443596428,88.15238973400541
287.0,581.0,274.0,581.0,287.0,581.0,169.0,168100.0,168269.0,13.0,410.0,410.2060457867485,0.03169139054268897,1.5390996290089938,88.1839129923661
287.0,583.0,274.0,583.0,287.0,583.0,169.0,162409.0,162578.0,13.0,403.0,403.20962290104137,0.03224129401095805,1.5385494443596428,88.15238973400541
286.0,585.0,274.0,585.0,286.0,585.0,144.0,161604.0,161748.0,12.0,402.0,402.17906459685344,0.02983745564187651,1.5409544421277872,88.29018595585848
286.0,585.0,274.0,585.0,286.0,585.0,144.0,161604.0,161748.0,12.0,402.0,402.17906459685344,0.02983745564187651,1.5409544421277872,88.29018595585848
286.0,586.0,274.0,586.0,286.0,586.0,144.0,156025.0,156169.0,12.0,395.0,395.1822364428847,0.03036573735705944,1.5404259209040174,88.25990392035337
286.0,584.0,274.0,584.0,286.0,584.0,144.0,162409.0,162553.0,12.0,403.0,403.17862046492496,0.029763482959890616,1.5410284476780685,88.29442616155013
286.0,585.0,274.0,585.0,286.0,585.0,144.0,161604.0,161748.0,12.0,402.0,402.17906459685344,0.02983745564187651,1.5409544421277872,88.29018595585848
286.0,584.0,274.0,584.0,286.0,584.0,144.0,161604.0,161748.0,12.0,402.0,402.17906459685344,0.02983745564187651,1.5409544421277872,88.29018595585848
286.0,584.0,274.0,584.0,286.0,584.0,144.0,162409.0,162553.0,12.0,403.0,403.17862046492496,0.029763482959890616,1.5410284476780685,88.29442616155013
286.0,584.0,280.0,584.0,286.0,584.0,36.0,162409.0,162445.0,6.0,403.0,403.0446625375406,0.014886687649513645,1.5559090892421257,89.14702411961756
287.0,584.0,280.0,584.0,287.0,584.0,49.0,162409.0,162458.0,7.0,403.0,403.0607894598531,0.017367107352170844,1.553428346290092,89.0048880184092
287.0,588.0,280.0,588.0,287.0,588.0,49.0,159201.0,159250.0,7.0,399.0,399.06139878469827,0.017541160386140585,1.5532542667374942,88.99491399474583
293.0,586.0,280.0,586.0,293.0,586.0,169.0,160000.0,160169.0,13.0,400.0,400.21119424623794,0.03248284952269848,1.5383077622568804,88.13854236953328
286.0,586.0,280.0,586.0,286.0,586.0,36.0,160000.0,160036.0,6.0,400.0,400.04499746903474,0.014998312784712243,1.555797451643046,89.14062775635531
292.0,585.0,280.0,585.0,292.0,585.0,144.0,160801.0,160945.0,12.0,401.0,401.1795109424209,0.02991179677100283,1.5408800678019416,88.28592462088339
292.0,584.0,280.0,584.0,292.0,584.0,144.0,161604.0,161748.0,12.0,402.0,402.17906459685344,0.02983745564187651,1.5409544421277872,88.29018595585848
292.0,584.0,280.0,584.0,292.0,584.0,144.0,161604.0,161748.0,12.0,402.0,402.17906459685344,0.02983745564187651,1.5409544421277872,88.29018595585848
292.0,585.0,273.0,585.0,292.0,585.0,361.0,160801.0,161162.0,19.0,401.0,401.44987233775527,0.04732844947579051,1.5234501903381223,87.28726620477636
292.0,584.0,280.0,584.0,292.0,584.0,144.0,161604.0,161748.0,12.0,402.0,402.17906459685344,0.02983745564187651,1.5409544421277872,88.29018595585848
292.0,583.0,280.0,583.0,292.0,583.0,144.0,162409.0,162553.0,12.0,403.0,403.17862046492496,0.029763482959890616,1.5410284476780685,88.29442616155013
292.0,584.0,280.0,584.0,292.0,584.0,144.0,161604.0,161748.0,12.0,402.0,402.17906459685344,0.02983745564187651,1.5409544421277872,88.29018595585848
292.0,585.0,280.0,585.0,292.0,585.0,144.0,160801.0,160945.0,12.0,401.0,401.1795109424209,0.02991179677100283,1.5408800678019416,88.28592462088339
292.0,585.0,280.0,585.0,292.0,585.0,144.0,160801.0,160945.0,12.0,401.0,401.1795109424209,0.02991179677100283,1.5408800678019416,88.28592462088339
292.0,585.0,280.0,585.0,292.0,585.0,144.0,160801.0,160945.0,12.0,401.0,401.1795109424209,0.02991179677100283,1.5408800678019416,88.28592462088339
292.0,585.0,279.0,585.0,292.0,585.0,169.0,161604.0,161773.0,13.0,402.0,402.2101440789379,0.03232141255355463,1.5384692840391732,88.14779688595809
292.0,585.0,279.0,585.0,292.0,585.0,169.0,160801.0,160970.0,13.0,401.0,401.21066785418355,0.03240193006215063,1.5383887243353114,88.14318115492799
292.0,585.0,279.0,585.0,292.0,585.0,169.0,161604.0,161773.0,13.0,402.0,402.2101440789379,0.03232141255355463,1.5384692840391732,88.14779688595809
292.0,584.0,279.0,584.0,292.0,584.0,169.0,161604.0,161773.0,13.0,402.0,402.2101440789379,0.03232141255355463,1.5384692840391732,88.14779688595809
292.0,585.0,279.0,585.0,292.0,585.0,169.0,161604.0,161773.0,13.0,402.0,402.2101440789379,0.03232141255355463,1.5384692840391732,88.14779688595809
292.0,583.0,279.0,583.0,292.0,583.0,169.0,162409.0,162578.0,13.0,403.0,403.20962290104137,0.03224129401095805,1.5385494443596428,88.15238973400541
292.0,583.0,279.0,583.0,292.0,583.0,169.0,162409.0,162578.0,13.0,403.0,403.20962290104137,0.03224129401095805,1.5385494443596428,88.15238973400541
291.0,583.0,279.0,583.0,291.0,583.0,144.0,162409.0,162553.0,12.0,403.0,403.17862046492496,0.029763482959890616,1.5410284476780685,88.29442616155013
292.0,583.0,279.0,583.0,292.0,583.0,169.0,162409.0,162578.0,13.0,403.0,403.20962290104137,0.03224129401095805,1.5385494443596428,88.15238973400541
292.0,583.0,279.0,583.0,292.0,583.0,169.0,162409.0,162578.0,13.0,403.0,403.20962290104137,0.03224129401095805,1.5385494443596428,88.15238973400541
292.0,583.0,279.0,583.0,292.0,583.0,169.0,162409.0,162578.0,13.0,403.0,403.20962290104137,0.03224129401095805,1.5385494443596428,88.15238973400541
292.0,584.0,279.0,584.0,292.0,584.0,169.0,161604.0,161773.0,13.0,402.0,402.2101440789379,0.03232141255355463,1.5384692840391732,88.14779688595809
292.0,584.0,279.0,584.0,292.0,584.0,169.0,161604.0,161773.0,13.0,402.0,402.2101440789379,0.03232141255355463,1.5384692840391732,88.14779688595809
292.0,584.0,279.0,584.0,292.0,584.0,169.0,161604.0,161773.0,13.0,402.0,402.2101440789379,0.03232141255355463,1.5384692840391732,88.14779688595809
292.0,584.0,279.0,584.0,292.0,584.0,169.0,161604.0,161773.0,13.0,402.0,402.2101440789379,0.03232141255355463,1.5384692840391732,88.14779688595809
292.0,584.0,279.0,584.0,292.0,584.0,169.0,161604.0,161773.0,13.0,402.0,402.2101440789379,0.03232141255355463,1.5384692840391732,88.14779688595809
292.0,583.0,279.0,583.0,292.0,583.0,169.0,162409.0,162578.0,13.0,403.0,403.20962290104137,0.03224129401095805,1.5385494443596428,88.15238973400541
292.0,584.0,279.0,584.0,292.0,584.0,169.0,161604.0,161773.0,13.0,402.0,402.2101440789379,0.03232141255355463,1.5384692840391732,88.14779688595809
292.0,583.0,279.0,583.0,292.0,583.0,169.0,162409.0,162578.0,13.0,403.0,403.20962290104137,0.03224129401095805,1.5385494443596428,88.15238973400541
292.0,583.0,273.0,583.0,292.0,583.0,361.0,162409.0,162770.0,19.0,403.0,403.44764220404113,0.04709409106024932,1.5236848103728382,87.30070894255479
292.0,582.0,273.0,582.0,292.0,582.0,361.0,163216.0,163577.0,19.0,404.0,404.4465354036303,0.046977779105063525,1.5238012512050478,87.30738051080338
292.0,582.0,279.0,582.0,292.0,582.0,169.0,163216.0,163385.0,13.0,404.0,404.2091043012267,0.032161571477895445,1.5386292082583328,88.15695986875787
292.0,583.0,279.0,583.0,292.0,583.0,169.0,162409.0,162578.0,13.0,403.0,403.20962290104137,0.03224129401095805,1.5385494443596428,88.15238973400541
292.0,582.0,279.0,582.0,292.0,582.0,169.0,163216.0,163385.0,13.0,404.0,404.2091043012267,0.032161571477895445,1.5386292082583328,88.15695986875787
292.0,582.0,279.0,582.0,292.0,582.0,169.0,163216.0,163385.0,13.0,404.0,404.2091043012267,0.032161571477895445,1.5386292082583328,88.15695986875787
292.0,582.0,279.0,582.0,292.0,582.0,169.0,163216.0,163385.0,13.0,404.0,404.2091043012267,0.032161571477895445,1.5386292082583328,88.15695986875787
292.0,582.0,279.0,582.0,292.0,582.0,169.0,163216.0,163385.0,13.0,404.0,404.2091043012267,0.032161571477895445,1.5386292082583328,88.15695986875787
292.0,582.0,279.0,582.0,292.0,582.0,169.0,163216.0,163385.0,13.0,404.0,404.2091043012267,0.032161571477895445,1.5386292082583328,88.15695986875787
292.0,583.0,273.0,583.0,292.0,583.0,361.0,162409.0,162770.0,19.0,403.0,403.44764220404113,0.04709409106024932,1.5236848103728382,87.30070894255479
292.0,582.0,273.0,582.0,292.0,582.0,361.0,163216.0,163577.0,19.0,404.0,404.4465354036303,0.046977779105063525,1.5238012512050478,87.30738051080338
292.0,585.0,279.0,585.0,292.0,585.0,169.0,161604.0,161773.0,13.0,402.0,402.2101440789379,0.03232141255355463,1.5384692840391732,88.14779688595809
292.0,585.0,279.0,585.0,292.0,585.0,169.0,160801.0,160970.0,13.0,401.0,401.21066785418355,0.03240193006215063,1.5383887243353114,88.14318115492799
292.0,585.0,279.0,585.0,292.0,585.0,169.0,161604.0,161773.0,13.0,402.0,402.2101440789379,0.03232141255355463,1.5384692840391732,88.14779688595809
292.0,585.0,279.0,585.0,292.0,585.0,169.0,161604.0,161773.0,13.0,402.0,402.2101440789379,0.03232141255355463,1.5384692840391732,88.14779688595809
292.0,585.0,279.0,585.0,292.0,585.0,169.0,160801.0,160970.0,13.0,401.0,401.21066785418355,0.03240193006215063,1.5383887243353114,88.14318115492799
292.0,584.0,279.0,584.0,292.0,584.0,169.0,161604.0,161773.0,13.0,402.0,402.2101440789379,0.03232141255355463,1.5384692840391732,88.14779688595809
292.0,583.0,279.0,583.0,292.0,583.0,169.0,162409.0,162578.0,13.0,403.0,403.20962290104137,0.03224129401095805,1.5385494443596428,88.15238973400541
292.0,584.0,279.0,584.0,292.0,584.0,169.0,161604.0,161773.0,13.0,402.0,402.2101440789379,0.03232141255355463,1.5384692840391732,88.14779688595809
292.0,584.0,279.0,584.0,292.0,584.0,169.0,161604.0,161773.0,13.0,402.0,402.2101440789379,0.03232141255355463,1.5384692840391732,88.14779688595809
292.0,584.0,279.0,584.0,292.0,584.0,169.0,161604.0,161773.0,13.0,402.0,402.2101440789379,0.03232141255355463,1.5384692840391732,88.14779688595809
292.0,583.0,279.0,583.0,292.0,583.0,169.0,162409.0,162578.0,13.0,403.0,403.20962290104137,0.03224129401095805,1.5385494443596428,88.15238973400541
292.0,583.0,279.0,583.0,292.0,583.0,169.0,162409.0,162578.0,13.0,403.0,403.20962290104137,0.03224129401095805,1.5385494443596428,88.15238973400541
292.0,583.0,279.0,583.0,292.0,583.0,169.0,162409.0,162578.0,13.0,403.0,403.20962290104137,0.03224129401095805,1.5385494443596428,88.15238973400541
292.0,583.0,279.0,583.0,292.0,583.0,169.0,162409.0,162578.0,13.0,403.0,403.20962290104137,0.03224129401095805,1.5385494443596428,88.15238973400541
292.0,589.0,279.0,589.0,292.0,589.0,169.0,157609.0,157778.0,13.0,397.0,397.2127893207871,0.032728049925656505,1.5380624314111333,88.1244859474876
292.0,583.0,279.0,583.0,292.0,583.0,169.0,162409.0,162578.0,13.0,403.0,403.20962290104137,0.03224129401095805,1.5385494443596428,88.15238973400541
292.0,583.0,279.0,583.0,292.0,583.0,169.0,162409.0,162578.0,13.0,403.0,403.20962290104137,0.03224129401095805,1.5385494443596428,88.15238973400541
292.0,584.0,279.0,584.0,292.0,584.0,169.0,161604.0,161773.0,13.0,402.0,402.2101440789379,0.03232141255355463,1.5384692840391732,88.14779688595809
298.0,584.0,279.0,584.0,298.0,584.0,361.0,161604.0,161965.0,19.0,402.0,402.44875450173777,0.047210979752002086,1.5235677915210195,87.29400425622211
292.0,584.0,279.0,584.0,292.0,584.0,169.0,161604.0,161773.0,13.0,402.0,402.2101440789379,0.03232141255355463,1.5384692840391732,88.14779688595809
292.0,584.0,279.0,584.0,292.0,584.0,169.0,161604.0,161773.0,13.0,402.0,402.2101440789379,0.03232141255355463,1.5384692840391732,88.14779688595809
292.0,583.0,279.0,583.0,292.0,583.0,169.0,162409.0,162578.0,13.0,403.0,403.20962290104137,0.03224129401095805,1.5385494443596428,88.15238973400541
292.0,584.0,279.0,584.0,292.0,584.0,169.0,161604.0,161773.0,13.0,402.0,402.2101440789379,0.03232141255355463,1.5384692840391732,88.14779688595809
292.0,584.0,279.0,584.0,292.0,584.0,169.0,161604.0,161773.0,13.0,402.0,402.2101440789379,0.03232141255355463,1.5384692840391732,88.14779688595809
292.0,583.0,279.0,583.0,292.0,583.0,169.0,161604.0,161773.0,13.0,402.0,402.2101440789379,0.03232141255355463,1.5384692840391732,88.14779688595809
298.0,585.0,279.0,585.0,298.0,585.0,361.0,160801.0,161162.0,19.0,401.0,401.44987233775527,0.04732844947579051,1.5234501903381223,87.28726620477636
292.0,584.0,279.0,584.0,292.0,584.0,169.0,161604.0,161773.0,13.0,402.0,402.2101440789379,0.03232141255355463,1.5384692840391732,88.14779688595809
292.0,584.0,279.0,584.0,292.0,584.0,169.0,161604.0,161773.0,13.0,402.0,402.2101440789379,0.03232141255355463,1.5384692840391732,88.14779688595809
292.0,584.0,279.0,584.0,292.0,584.0,169.0,161604.0,161773.0,13.0,402.0,402.2101440789379,0.03232141255355463,1.5384692840391732,88.14779688595809
292.0,589.0,279.0,589.0,292.0,589.0,169.0,156816.0,156985.0,13.0,396.0,396.2133263786063,0.03281060765628488,1.5379798293183111,88.11975319618993
292.0,589.0,279.0,589.0,292.0,589.0,169.0,157609.0,157778.0,13.0,397.0,397.2127893207871,0.032728049925656505,1.5380624314111333,88.1244859474876
298.0,588.0,279.0,588.0,298.0,588.0,361.0,157609.0,157970.0,19.0,397.0,397.4543999001647,0.047804226106875534,1.5229738745516843,87.259975320498
298.0,589.0,280.0,589.0,298.0,589.0,324.0,156816.0,157140.0,18.0,396.0,396.40887981981433,0.04540766091864998,1.5253730473733196,87.39743779750019
292.0,589.0,280.0,589.0,292.0,589.0,144.0,156816.0,156960.0,12.0,396.0,396.18177646126026,0.030289126640769132,1.5405025668761214,88.26429541107161
292.0,590.0,280.0,590.0,292.0,590.0,144.0,156816.0,156960.0,12.0,396.0,396.18177646126026,0.030289126640769132,1.5405025668761214,88.26429541107161
292.0,584.0,279.0,584.0,292.0,584.0,169.0,160801.0,160970.0,13.0,401.0,401.21066785418355,0.03240193006215063,1.5383887243353114,88.14318115492799
298.0,583.0,280.0,583.0,298.0,583.0,324.0,161604.0,161928.0,18.0,402.0,402.40278329057315,0.0447313009438165,1.526050095340281,87.43622978853499
292.0,588.0,280.0,588.0,292.0,588.0,144.0,157609.0,157753.0,12.0,397.0,397.1813187953331,0.030212901342884107,1.5405788270757754,88.2686647986566
292.0,589.0,280.0,589.0,292.0,589.0,144.0,156816.0,156960.0,12.0,396.0,396.18177646126026,0.030289126640769132,1.5405025668761214,88.26429541107161
292.0,589.0,280.0,589.0,292.0,589.0,144.0,156816.0,156960.0,12.0,396.0,396.18177646126026,0.030289126640769132,1.5405025668761214,88.26429541107161
292.0,590.0,280.0,590.0,292.0,590.0,144.0,156025.0,156169.0,12.0,395.0,395.1822364428847,0.03036573735705944,1.5404259209040174,88.25990392035337
292.0,589.0,279.0,589.0,292.0,589.0,169.0,156816.0,156985.0,13.0,396.0,396.2133263786063,0.03281060765628488,1.5379798293183111,88.11975319618993
292.0,590.0,286.0,590.0,292.0,590.0,36.0,156816.0,156852.0,6.0,396.0,396.045451937022,0.015149776296267384,1.555645970920127,89.13194855025446
292.0,589.0,285.0,589.0,292.0,589.0,49.0,157609.0,157658.0,7.0,397.0,397.06170805052454,0.01762950155623991,1.5531659119047148,88.98985163572797
298.0,588.0,286.0,588.0,298.0,588.0,144.0,158404.0,158548.0,12.0,398.0,398.180863427664,0.030137058563538915,1.540654704407277,88.27301224951236
292.0,585.0,285.0,585.0,292.0,585.0,49.0,165649.0,165698.0,7.0,407.0,407.060192109226,0.017196473975332124,1.5535990051535538,89.01466605102206
292.0,586.0,285.0,586.0,292.0,586.0,49.0,160000.0,160049.0,7.0,400.0,400.0612453112648,0.017497320927833685,1.55329811292504,88.99742619623994
298.0,587.0,286.0,587.0,298.0,587.0,144.0,159201.0,159345.0,12.0,399.0,399.18041034098854,0.030061595431873374,1.5407302017458524,88.27733792837721
299.0,587.0,286.0,587.0,299.0,587.0,169.0,159201.0,159370.0,13.0,399.0,399.21172327475557,0.03256417395100598,1.5382263947827688,88.13388035667704
299.0,587.0,286.0,587.0,299.0,587.0,169.0,159201.0,159370.0,13.0,399.0,399.21172327475557,0.03256417395100598,1.5382263947827688,88.13388035667704
299.0,587.0,286.0,587.0,299.0,587.0,169.0,159201.0,159370.0,13.0,399.0,399.21172327475557,0.03256417395100598,1.5382263947827688,88.13388035667704
299.0,586.0,286.0,586.0,299.0,586.0,169.0,160000.0,160169.0,13.0,400.0,400.21119424623794,0.03248284952269848,1.5383077622568804,88.13854236953328
293.0,590.0,286.0,590.0,293.0,590.0,49.0,156816.0,156865.0,7.0,396.0,396.06186385462564,0.01767400661066764,1.5531213999151217,88.98730128658657
293.0,590.0,286.0,590.0,293.0,590.0,49.0,156816.0,156865.0,7.0,396.0,396.06186385462564,0.01767400661066764,1.5531213999151217,88.98730128658657
293.0,590.0,286.0,590.0,293.0,590.0,49.0,156816.0,156865.0,7.0,396.0,396.06186385462564,0.01767400661066764,1.5531213999151217,88.98730128658657
293.0,590.0,287.0,590.0,293.0,590.0,36.0,156025.0,156061.0,6.0,395.0,395.0455669919611,0.015188121324044868,1.5556076214800474,89.12975128919122
300.0,585.0,287.0,585.0,300.0,585.0,169.0,160000.0,160169.0,13.0,400.0,400.21119424623794,0.03248284952269848,1.5383077622568804,88.13854236953328
294.0,586.0,287.0,586.0,294.0,586.0,49.0,159201.0,159250.0,7.0,399.0,399.06139878469827,0.017541160386140585,1.5532542667374942,88.99491399474583
294.0,585.0,288.0,585.0,294.0,585.0,36.0,160000.0,160036.0,6.0,400.0,400.04499746903474,0.014998312784712243,1.555797451643046,89.14062775635531
294.0,589.0,294.0,589.0,294.0,589.0,0.0,156816.0,156816.0,0.0,396.0,396.0,nan,nan,nan
294.0,583.0,294.0,583.0,294.0,583.0,0.0,161604.0,161604.0,0.0,402.0,402.0,nan,nan,nan
293.0,583.0,293.0,583.0,293.0,583.0,0.0,161604.0,161604.0,0.0,402.0,402.0,nan,nan,nan
293.0,588.0,293.0,588.0,293.0,588.0,0.0,156816.0,156816.0,0.0,396.0,396.0,nan,nan,nan
293.0,587.0,293.0,587.0,293.0,587.0,0.0,157609.0,157609.0,0.0,397.0,397.0,nan,nan,nan
293.0,588.0,293.0,588.0,293.0,588.0,0.0,156816.0,156816.0,0.0,396.0,396.0,nan,nan,nan
293.0,587.0,300.0,587.0,293.0,587.0,49.0,158404.0,158453.0,7.0,398.0,398.06155302917665,0.017585220041300805,1.5532102002853128,91.00761082698229
293.0,586.0,300.0,586.0,293.0,586.0,49.0,158404.0,158453.0,7.0,398.0,398.06155302917665,0.017585220041300805,1.5532102002853128,91.00761082698229
293.0,591.0,300.0,591.0,293.0,591.0,49.0,154449.0,154498.0,7.0,393.0,393.06233602318093,0.017808880064222623,1.5529865052301481,91.02042760954116
293.0,586.0,300.0,586.0,293.0,586.0,49.0,159201.0,159250.0,7.0,399.0,399.06139878469827,0.017541160386140585,1.5532542667374942,91.00508600525417
293.0,588.0,300.0,588.0,293.0,588.0,49.0,157609.0,157658.0,7.0,397.0,397.06170805052454,0.01762950155623991,1.5531659119047148,91.01014836427203
293.0,589.0,299.0,589.0,293.0,589.0,36.0,157609.0,157645.0,6.0,397.0,397.04533746160524,0.015111624376095858,1.5556841272082647,90.86586525547335
287.0,584.0,300.0,584.0,287.0,584.0,169.0,162409.0,162578.0,13.0,403.0,403.20962290104137,0.03224129401095805,1.5385494443596428,91.84761026599459
288.0,586.0,301.0,586.0,288.0,586.0,169.0,163216.0,163385.0,13.0,404.0,404.2091043012267,0.032161571477895445,1.5386292082583328,91.84304013124213
289.0,589.0,301.0,589.0,289.0,589.0,144.0,161604.0,161748.0,12.0,402.0,402.17906459685344,0.02983745564187651,1.5409544421277872,91.70981404414152
290.0,587.0,303.0,587.0,290.0,587.0,169.0,159201.0,159370.0,13.0,399.0,399.21172327475557,0.03256417395100598,1.5382263947827688,91.86611964332296
285.0,583.0,304.0,583.0,285.0,583.0,361.0,164025.0,164386.0,19.0,405.0,405.44543405987446,0.04686203963316593,1.5239171182866913,92.68598079443395
292.0,586.0,304.0,586.0,292.0,586.0,144.0,164836.0,164980.0,12.0,406.0,406.1773011875479,0.029543748419508877,1.5412482788930029,91.6929784376289
286.0,587.0,305.0,587.0,286.0,587.0,361.0,163216.0,163577.0,19.0,404.0,404.4465354036303,0.046977779105063525,1.5238012512050478,92.69261948919662
287.0,584.0,306.0,584.0,287.0,584.0,361.0,164836.0,165197.0,19.0,406.0,406.4443381325418,0.04674686843295154,1.5240324158449063,92.67937473096005
282.0,587.0,307.0,587.0,282.0,587.0,625.0,159201.0,159826.0,25.0,399.0,399.78244083501215,0.06253401211864969,1.5082214862182115,93.58527426874802
281.0,583.0,312.0,583.0,281.0,583.0,961.0,163216.0,164177.0,31.0,404.0,405.18761086686743,0.0765077686696242,1.4942137219131664,94.38786004384112
281.0,590.0,312.0,590.0,281.0,590.0,961.0,159201.0,160162.0,31.0,399.0,400.20244876812035,0.07746079539348742,1.4932578584426197,94.44262698649416
281.0,589.0,312.0,589.0,281.0,589.0,961.0,156025.0,156986.0,31.0,395.0,396.21458832304495,0.0782404305989986,1.492475849848576,94.48743277847583
281.0,590.0,318.0,590.0,281.0,590.0,1369.0,152100.0,153469.0,37.0,390.0,391.7511965520973,0.0944477013105422,1.476207640765332,95.41953249918211
280.0,592.0,318.0,592.0,280.0,592.0,1444.0,155236.0,156680.0,38.0,394.0,395.82824558133797,0.0960012339296071,1.4746470162342784,95.50894969821606
279.0,594.0,323.0,594.0,279.0,594.0,1936.0,160000.0,161936.0,44.0,400.0,402.41272345690066,0.10934047915289762,1.4612368000209524,96.27729848959754
279.0,589.0,324.0,589.0,279.0,589.0,2025.0,163216.0,165241.0,45.0,404.0,406.4984624817171,0.11070152572108177,1.459867440319344,96.355757021135
278.0,596.0,330.0,596.0,278.0,596.0,2704.0,160000.0,162704.0,52.0,400.0,403.3658389105354,0.12891523025462093,1.4415213227467536,97.40691212849522
273.0,599.0,336.0,599.0,273.0,599.0,3969.0,158404.0,162373.0,63.0,398.0,402.9553325121781,0.1563448722895261,1.4138074029995418,98.99480276377473
273.0,600.0,336.0,600.0,273.0,600.0,3969.0,158404.0,162373.0,63.0,398.0,402.9553325121781,0.1563448722895261,1.4138074029995418,98.99480276377473
272.0,597.0,335.0,597.0,272.0,597.0,3969.0,160801.0,164770.0,63.0,401.0,405.9187110740277,0.15520348848494112,1.414962892284576,98.92859810446967
268.0,602.0,339.0,602.0,268.0,602.0,5041.0,152100.0,157141.0,71.0,390.0,396.4101411417221,0.17910742594906653,1.3907171952372943,100.31777421663172
271.0,600.0,341.0,600.0,271.0,600.0,4900.0,161604.0,166504.0,70.0,402.0,408.0490166634396,0.17154801786407997,1.398395560563936,99.87783628985557
264.0,605.0,340.0,605.0,264.0,605.0,5776.0,148996.0,154772.0,76.0,386.0,393.41072684917987,0.19318232781470596,1.3763917849448224,101.13855976618363
264.0,604.0,346.0,604.0,264.0,604.0,6724.0,146689.0,153413.0,82.0,383.0,391.6797160946683,0.2093547269120792,1.3598813102607024,102.0845402833413
264.0,611.0,352.0,611.0,264.0,611.0,7744.0,137641.0,145385.0,88.0,371.0,381.29384993728917,0.23079312717599096,1.3379035891664772,103.34377094535604
258.0,611.0,358.0,611.0,258.0,611.0,10000.0,131044.0,141044.0,100.0,362.0,375.5582511408849,0.2662702781691422,1.3012747890602787,105.44244660006956
258.0,615.0,357.0,615.0,258.0,615.0,9801.0,128881.0,138682.0,99.0,359.0,372.4003222340174,0.2658429493457531,1.3017180958138328,105.41704699406127
253.0,620.0,359.0,620.0,253.0,620.0,11236.0,124609.0,135845.0,106.0,353.0,368.57156699886656,0.2875967912096865,1.2790796570630045,106.71413398924915
253.0,621.0,370.0,621.0,253.0,621.0,13689.0,126025.0,139714.0,117.0,355.0,373.7833597152233,0.3130155395070009,1.2524298542346688,108.24105521616859
254.0,620.0,375.0,620.0,254.0,620.0,14641.0,124609.0,139250.0,121.0,353.0,373.1621631409058,0.3242558114186686,1.2405713989952838,108.92049465293015
254.0,629.0,387.0,629.0,254.0,629.0,17689.0,114921.0,132610.0,133.0,339.0,364.156559737704,0.3652275276760021,1.1969191233526082,111.42158581339717
254.0,633.0,387.0,633.0,254.0,633.0,17689.0,117649.0,135338.0,133.0,343.0,367.88313361718554,0.3615278544908723,1.200890259338339,111.19405648154228
256.0,637.0,393.0,637.0,256.0,637.0,18769.0,115600.0,134369.0,137.0,340.0,366.5637734419483,0.3737412421134854,1.1877570270345241,111.94653526391575
256.0,637.0,398.0,637.0,256.0,637.0,20164.0,119025.0,139189.0,142.0,345.0,373.0804202849568,0.38061498883147277,1.1803350769436765,112.37178167987805
252.0,639.0,399.0,639.0,252.0,639.0,21609.0,120409.0,142018.0,147.0,347.0,376.8527563916708,0.39007277380033245,1.1700857008134762,112.95902767478066
252.0,645.0,408.0,645.0,252.0,645.0,24336.0,115600.0,139936.0,156.0,340.0,374.080205303622,0.41702286779216957,1.1406290254441298,114.64677085193117
253.0,653.0,412.0,653.0,253.0,653.0,25281.0,108900.0,134181.0,159.0,330.0,366.30724808553816,0.4340618451613907,1.121799684075484,115.72561264336566
249.0,659.0,412.0,659.0,249.0,659.0,26569.0,106276.0,132845.0,163.0,326.0,364.47908033246574,0.4472135954999579,1.1071487177940904,116.56505117707799
251.0,665.0,417.0,665.0,251.0,665.0,27556.0,103041.0,130597.0,166.0,321.0,361.3820692840197,0.45934763816280055,1.0935356973661867,117.34501979402225
248.0,669.0,417.0,669.0,248.0,669.0,28561.0,99856.0,128417.0,169.0,316.0,358.35317774508434,0.47160178978577016,1.0796899531151545,118.13832250382393
251.0,669.0,419.0,669.0,251.0,669.0,28224.0,99856.0,128080.0,168.0,316.0,357.8826623350173,0.46942760206342055,1.0821539241751703,117.99714736124264
251.0,679.0,419.0,679.0,251.0,679.0,28224.0,91809.0,120033.0,168.0,303.0,346.45778963677526,0.484907555913609,1.0645388650974426,119.00641590227005
248.0,691.0,430.0,691.0,248.0,691.0,33124.0,83521.0,116645.0,182.0,289.0,341.5333073069155,0.5328909248562615,1.0087829961617214,122.20099187537144
252.0,695.0,434.0,695.0,252.0,695.0,33124.0,80089.0,113213.0,182.0,283.0,336.47139551528,0.5409077931313627,0.9992802755345964,122.7454576611976
248.0,698.0,430.0,698.0,248.0,698.0,33124.0,77284.0,110408.0,182.0,278.0,332.27699288394916,0.5477357864002494,0.9911407747954839,123.21181670089237
250.0,701.0,431.0,701.0,250.0,701.0,32761.0,73984.0,106745.0,181.0,272.0,326.71853329739344,0.5539936720860763,0.9836426194780521,123.6414293547148
250.0,709.0,438.0,709.0,250.0,709.0,35344.0,71289.0,106633.0,188.0,267.0,326.54708695684303,0.5757209526871278,0.9573107106054288,125.15013659963918
249.0,717.0,441.0,717.0,249.0,717.0,36864.0,70225.0,107089.0,192.0,265.0,327.2445568684069,0.5867171690718386,0.9437973873544016,125.92439298911906
247.0,717.0,442.0,717.0,247.0,717.0,38025.0,73984.0,112009.0,195.0,272.0,334.6774566653691,0.5826505374545525,0.9488101284212974,125.63718408219401
248.0,722.0,448.0,722.0,248.0,722.0,40000.0,70225.0,110225.0,200.0,265.0,332.00150602068055,0.6024069059118723,0.9242831789176612,127.04247477308286
245.0,727.0,448.0,727.0,245.0,727.0,41209.0,69696.0,110905.0,203.0,264.0,333.02402315748935,0.6095656345608433,0.9152837836710512,127.55810213888371
245.0,735.0,452.0,735.0,245.0,735.0,42849.0,66564.0,109413.0,207.0,258.0,330.7763594938429,0.6258004662629257,0.8946389549236919,128.74096369487773
245.0,745.0,452.0,745.0,245.0,745.0,42849.0,64009.0,106858.0,207.0,253.0,326.8914192816936,0.6332377902572628,0.8850668158886101,129.28940686250036
245.0,750.0,453.0,750.0,245.0,750.0,43264.0,61504.0,104768.0,208.0,248.0,323.67885318630255,0.6426122619764711,0.8728935041998397,129.98688624496418
246.0,759.0,457.0,759.0,246.0,759.0,44521.0,58081.0,102602.0,211.0,241.0,320.31546949843056,0.6587256005162555,0.8516726414254749,131.20275211956158
248.0,766.0,455.0,766.0,248.0,766.0,42849.0,58564.0,101413.0,207.0,242.0,318.45407832213425,0.6500152269697355,0.8631918526767389,130.54274993154453
248.0,771.0,459.0,771.0,248.0,771.0,44521.0,55696.0,100217.0,211.0,236.0,316.5706872090339,0.666517806371236,0.8412683697783204,131.79887297385113
249.0,779.0,464.0,779.0,249.0,779.0,46225.0,52441.0,98666.0,215.0,229.0,314.1114451910341,0.6844704428685903,0.8169192512149004,133.19397470239875
250.0,788.0,463.0,788.0,250.0,788.0,45369.0,51529.0,96898.0,213.0,227.0,311.28443584606026,0.6842616445665631,0.8172056141926114,133.1775673123671
250.0,795.0,467.0,795.0,250.0,795.0,47089.0,49284.0,96373.0,217.0,222.0,310.4400103079498,0.6990078366017984,0.7967871925883838,134.3474566946081
250.0,798.0,466.0,798.0,250.0,798.0,46656.0,48841.0,95497.0,216.0,221.0,309.02588888311607,0.6989705645072942,0.796839311753596,134.3444704864097
250.0,809.0,468.0,809.0,250.0,809.0,47524.0,47524.0,95048.0,218.0,218.0,308.2985565973347,0.7071067811865476,0.7853981633974483,135.0
251.0,812.0,468.0,812.0,251.0,812.0,47089.0,49284.0,96373.0,217.0,222.0,310.4400103079498,0.6990078366017984,0.7967871925883838,134.3474566946081
252.0,821.0,471.0,821.0,252.0,821.0,47961.0,46225.0,94186.0,219.0,215.0,306.8973769845549,0.7135935867285744,0.7761818344917634,135.52805674890016
252.0,831.0,474.0,831.0,252.0,831.0,49284.0,44944.0,94228.0,222.0,212.0,306.96579614022147,0.7232076107221757,0.7623607650909919,136.3199456939218
253.0,839.0,473.0,839.0,253.0,839.0,48400.0,46225.0,94625.0,220.0,215.0,307.6117683054405,0.7151872024010241,0.7739044166824178,135.65854317756362
254.0,844.0,471.0,844.0,254.0,844.0,47089.0,44944.0,92033.0,217.0,212.0,303.3694117738306,0.7152995377193099,0.7737436794356237,135.66775274341546
254.0,853.0,473.0,853.0,254.0,853.0,47961.0,46225.0,94186.0,219.0,215.0,306.8973769845549,0.7135935867285744,0.7761818344917634,135.52805674890016
255.0,860.0,473.0,860.0,255.0,860.0,47524.0,45796.0,93320.0,218.0,214.0,305.48322376196046,0.7136234759977216,0.7761391687353253,135.5305013166738
256.0,864.0,470.0,864.0,256.0,864.0,45796.0,47524.0,93320.0,214.0,218.0,305.48322376196046,0.7005294672638184,0.7946571580595715,134.46949868332618
257.0,873.0,477.0,873.0,257.0,873.0,48400.0,44944.0,93344.0,220.0,212.0,305.522503262853,0.7200778916462509,0.7668817613294394,136.06091169026422
257.0,879.0,481.0,879.0,257.0,879.0,50176.0,44521.0,94697.0,224.0,211.0,307.7287766849243,0.7279137245891955,0.7555219981091875,136.7117781790526
258.0,884.0,479.0,884.0,258.0,884.0,48841.0,45369.0,94210.0,221.0,213.0,306.93647551244214,0.7200186932199313,0.7669670710033492,136.05602380599754
259.0,889.0,478.0,889.0,259.0,889.0,47961.0,46656.0,94617.0,219.0,216.0,307.59876462690806,0.7119664484531624,0.7785017210091,135.39513704250749
261.0,901.0,482.0,901.0,261.0,901.0,48841.0,45369.0,94210.0,221.0,213.0,306.93647551244214,0.7200186932199313,0.7669670710033492,136.05602380599754
261.0,904.0,482.0,904.0,261.0,904.0,48841.0,45369.0,94210.0,221.0,213.0,306.93647551244214,0.7200186932199313,0.7669670710033492,136.05602380599754
262.0,908.0,490.0,908.0,262.0,908.0,51984.0,45796.0,97780.0,228.0,214.0,312.697937313312,0.7291381643223065,0.7537345413218343,136.81419190902994
267.0,914.0,490.0,914.0,267.0,914.0,49729.0,46656.0,96385.0,223.0,216.0,310.4593371119638,0.718290524209866,0.7694541842808564,135.91352271202544
268.0,921.0,497.0,921.0,268.0,921.0,52441.0,45796.0,98237.0,229.0,214.0,313.4278226322609,0.7306307336623445,0.7515510495669928,136.939296771184
272.0,925.0,498.0,925.0,272.0,925.0,51076.0,45796.0,96872.0,226.0,214.0,311.24267059643347,0.726121516586774,0.7581321949418537,136.5622249168424
274.0,931.0,498.0,931.0,274.0,931.0,50176.0,44944.0,95120.0,224.0,212.0,308.41530441921975,0.726293399809769,0.7578821741119939,136.57655005518373
279.0,934.0,497.0,934.0,279.0,934.0,47524.0,47089.0,94613.0,218.0,217.0,307.59226258148954,0.7087304413005053,0.7830993168723122,135.1317142036386
281.0,938.0,497.0,938.0,281.0,938.0,46656.0,47089.0,93745.0,216.0,217.0,306.1780527732189,0.7054718587552965,0.7877076281136692,134.86767741882616
284.0,941.0,504.0,941.0,284.0,941.0,48400.0,47961.0,96361.0,220.0,219.0,310.42068230064825,0.7087156640771953,0.7831202630093177,135.1305140783911
286.0,945.0,502.0,945.0,286.0,945.0,46656.0,49729.0,96385.0,216.0,223.0,310.4593371119638,0.6957432880239061,0.8013421425140401,134.08647728797456
291.0,949.0,506.0,949.0,291.0,949.0,46225.0,48400.0,94625.0,215.0,220.0,307.6117683054405,0.6989329478010008,0.796891910112479,134.34145682243638
293.0,953.0,509.0,953.0,293.0,953.0,46656.0,49729.0,96385.0,216.0,223.0,310.4593371119638,0.6957432880239061,0.8013421425140401,134.08647728797456
297.0,957.0,512.0,957.0,297.0,957.0,46225.0,51529.0,97754.0,215.0,227.0,312.65636088203934,0.6876559280401666,0.8125408171545557,133.44484049493283
300.0,956.0,518.0,956.0,300.0,956.0,47524.0,54289.0,101813.0,218.0,233.0,319.0814942926023,0.6832110413776954,0.8186453312950249,133.095077598706
307.0,960.0,518.0,960.0,307.0,960.0,44521.0,57121.0,101642.0,211.0,239.0,318.8134250623709,0.661829093171723,0.8475402716849167,131.43951946508312
313.0,963.0,524.0,963.0,313.0,963.0,44521.0,57121.0,101642.0,211.0,239.0,318.8134250623709,0.661829093171723,0.8475402716849167,131.43951946508312
320.0,965.0,521.0,965.0,320.0,965.0,40401.0,60516.0,100917.0,201.0,246.0,317.67436157172017,0.6327233932431181,0.8857312676180686,129.2513365827122
325.0,965.0,525.0,965.0,325.0,965.0,40000.0,59536.0,99536.0,200.0,244.0,315.49326458737596,0.6339279548854202,0.884174755465111,129.34051815983753
333.0,965.0,528.0,965.0,333.0,965.0,38025.0,62500.0,100525.0,195.0,250.0,317.0567772497538,0.615031798693877,0.9083700329617455,127.95423087513251
342.0,967.0,530.0,967.0,342.0,967.0,35344.0,63001.0,98345.0,188.0,251.0,313.6000637755037,0.5994896740026916,0.9279329730171879,126.83335697508824
346.0,969.0,530.0,969.0,346.0,969.0,33856.0,65025.0,98881.0,184.0,255.0,314.45349417680194,0.5851421701695123,0.9457409628397379,125.8130343166442
353.0,968.0,538.0,968.0,353.0,968.0,34225.0,66564.0,100789.0,185.0,258.0,317.47283348343365,0.5827270257114886,0.9487160116603214,125.6425765753794
361.0,967.0,539.0,967.0,361.0,967.0,31684.0,69169.0,100853.0,178.0,263.0,317.57361351346555,0.5604999673326215,0.9758069373732928,124.09038086892369
371.0,968.0,538.0,968.0,371.0,968.0,27889.0,68644.0,96533.0,167.0,262.0,310.6976021793538,0.5375001249723109,1.003326551519829,122.51362312449865
380.0,966.0,550.0,966.0,380.0,966.0,28900.0,72361.0,101261.0,170.0,269.0,318.2153358969363,0.5342294378139577,1.0072003841467472,122.29166886443616
390.0,968.0,552.0,968.0,390.0,968.0,26244.0,71824.0,98068.0,162.0,268.0,313.1581070322146,0.5173105736756003,1.027090967594276,121.15202238083998
396.0,966.0,551.0,966.0,396.0,966.0,24025.0,71289.0,95314.0,155.0,267.0,308.72965520014435,0.5020573741110683,1.044820266522022,120.13620837855431
405.0,964.0,555.0,964.0,405.0,964.0,22500.0,73441.0,95941.0,150.0,271.0,309.7434422227531,0.4842717538217547,1.0652657107383627,118.96477071468783
411.0,962.0,557.0,962.0,411.0,962.0,21316.0,76176.0,97492.0,146.0,276.0,312.23708940483033,0.46759339282305445,1.0842300953043191,117.8781915179955
420.0,956.0,547.0,956.0,420.0,956.0,16129.0,80656.0,96785.0,127.0,284.0,311.1028768751585,0.4082250902840845,1.1502874058901145,114.09338641544457
428.0,955.0,551.0,955.0,428.0,955.0,15129.0,80656.0,95785.0,123.0,284.0,309.4915184621382,0.3974260768475543,1.1620861458303293,113.41736841329782
437.0,954.0,552.0,954.0,437.0,954.0,13225.0,81796.0,95021.0,115.0,286.0,308.25476476447204,0.3730680370435408,1.188482722734381,111.90495596310315
447.0,953.0,554.0,953.0,447.0,953.0,11449.0,85264.0,96713.0,107.0,292.0,310.98713799769916,0.3440656764421931,1.2195528007769536,110.12477162212166
456.0,953.0,556.0,953.0,456.0,953.0,10000.0,83521.0,93521.0,100.0,289.0,305.81203377238114,0.3269982504168916,1.237670875219151,109.0866824236799
465.0,951.0,560.0,951.0,465.0,951.0,9025.0,84681.0,93706.0,95.0,291.0,306.1143577161973,0.3103415361133625,1.2552440401283758,108.07981424169392
473.0,949.0,556.0,949.0,473.0,949.0,6889.0,85849.0,92738.0,83.0,293.0,304.52914474644297,0.27255190983151206,1.2947519639209217,105.81617695105655
478.0,949.0,557.0,949.0,478.0,949.0,6241.0,87025.0,93266.0,79.0,295.0,305.3948264132842,0.25868152688706986,1.3091393056136258,104.991842993652
483.0,947.0,560.0,947.0,483.0,947.0,5929.0,87025.0,92954.0,77.0,295.0,304.8835843399903,0.25255541444348023,1.3154759480419334,104.62878012622645
491.0,945.0,554.0,945.0,491.0,945.0,3969.0,91204.0,95173.0,63.0,302.0,308.5012155567624,0.20421313376772862,1.3651364922853646,101.78344053275514
496.0,947.0,555.0,947.0,496.0,947.0,3481.0,88804.0,92285.0,59.0,298.0,303.78446306550967,0.19421664756856552,1.375337497899872,101.19896596425461
505.0,944.0,555.0,944.0,505.0,944.0,2500.0,90000.0,92500.0,50.0,300.0,304.138126514911,0.1643989873053573,1.4056476493802699,99.46232220802561
511.0,939.0,562.0,939.0,511.0,939.0,2601.0,91809.0,94410.0,51.0,303.0,307.2621030976648,0.16598207031014625,1.4040425143221953,99.55428967240177
516.0,940.0,562.0,940.0,516.0,940.0,2116.0,93025.0,95141.0,46.0,305.0,308.4493475434824,0.1491330760345192,1.4211048404022595,98.57669039933809
521.0,937.0,563.0,937.0,521.0,937.0,1764.0,94864.0,96628.0,42.0,308.0,310.85044635644323,0.1351132047333135,1.4352686128093959,97.76516601842533
526.0,941.0,563.0,941.0,526.0,941.0,1369.0,92416.0,93785.0,37.0,304.0,306.2433672751134,0.12081894321244545,1.4496814991187292,96.93936846229865
531.0,939.0,564.0,939.0,531.0,939.0,1089.0,93025.0,94114.0,33.0,305.0,306.7800515027012,0.10756892385393395,1.4630188672787579,96.17519355691684
536.0,938.0,565.0,938.0,536.0,938.0,841.0,93636.0,94477.0,29.0,306.0,307.37111119947497,0.09434848931258162,1.4763072977787797,95.41382257291266
541.0,938.0,565.0,938.0,541.0,938.0,576.0,93025.0,93601.0,24.0,305.0,305.94280511232813,0.07844603500706057,1.4922696115555234,94.49924936224173
546.0,938.0,565.0,938.0,546.0,938.0,361.0,96100.0,96461.0,19.0,310.0,310.5817122755298,0.06117552724142469,1.5095825774729013,93.50728948432213
551.0,937.0,565.0,937.0,551.0,937.0,196.0,96721.0,96917.0,14.0,311.0,311.3149530620076,0.04497053502345416,1.5258106202742137,92.57749112204928
557.0,939.0,567.0,939.0,557.0,939.0,100.0,92416.0,92516.0,10.0,304.0,304.16442921551493,0.032876954171766504,1.5379134469893847,91.88405023109179
557.0,938.0,571.0,938.0,557.0,938.0,196.0,96100.0,96296.0,14.0,310.0,310.3159680068043,0.04511530647270146,1.5256657017401476,92.58579434242449
562.0,937.0,572.0,937.0,562.0,937.0,100.0,96100.0,96200.0,10.0,310.0,310.16124838541646,0.03224129401095805,1.5385494443596428,91.84761026599459
563.0,938.0,572.0,938.0,563.0,938.0,81.0,95481.0,95562.0,9.0,309.0,309.13104017552166,0.02911386703480144,1.5416783452878577,91.6683374482933
568.0,936.0,573.0,936.0,568.0,936.0,25.0,96721.0,96746.0,5.0,311.0,311.0401903291599,0.016075093044113444,1.5547205413465062,90.9210746585506
568.0,935.0,573.0,935.0,568.0,935.0,25.0,97969.0,97994.0,5.0,313.0,313.0399335548102,0.01597240308359748,1.5548232444929695,90.91519020171553
573.0,940.0,573.0,940.0,573.0,940.0,0.0,94864.0,94864.0,0.0,308.0,308.0,nan,nan,nan
574.0,935.0,574.0,935.0,574.0,935.0,0.0,97969.0,97969.0,0.0,313.0,313.0,nan,nan,nan
579.0,935.0,574.0,935.0,579.0,935.0,25.0,97969.0,97994.0,5.0,313.0,313.0399335548102,0.01597240308359748,1.5548232444929695,89.08480979828447
579.0,935.0,574.0,935.0,579.0,935.0,25.0,97344.0,97369.0,5.0,312.0,312.04006153056696,0.016023583559991728,1.5547720574658543,89.08187699766495
584.0,940.0,574.0,940.0,584.0,940.0,100.0,94249.0,94349.0,10.0,307.0,307.1628232713067,0.032556023198052626,1.5382345498597119,88.13434760816749
584.0,939.0,574.0,939.0,584.0,939.0,100.0,94864.0,94964.0,10.0,308.0,308.162294903189,0.03245043331190651,1.5383401955658773,88.14040066125445
589.0,939.0,575.0,939.0,589.0,939.0,196.0,94864.0,95060.0,14.0,308.0,308.3180176376334,0.045407660918649985,1.5253730473733196,87.39743779750019
590.0,938.0,575.0,938.0,590.0,938.0,225.0,95481.0,95706.0,15.0,309.0,309.3638634359223,0.04848659385554547,1.522290714554513,87.22083313592792
590.0,937.0,575.0,937.0,590.0,937.0,225.0,96100.0,96325.0,15.0,310.0,310.3626910567699,0.04833055142332259,1.5224469401429936,87.2297842027998
595.0,936.0,580.0,936.0,595.0,936.0,225.0,93636.0,93861.0,15.0,306.0,306.36742646697934,0.04896081862546414,1.5218159258711694,87.19362974821176
595.0,940.0,581.0,940.0,595.0,940.0,196.0,91204.0,91400.0,14.0,302.0,302.32432915661946,0.04630788411589358,1.5244718760942897,87.34580448659338
600.0,940.0,581.0,940.0,600.0,940.0,361.0,94249.0,94610.0,19.0,307.0,307.5873859572268,0.06177106366332638,1.5089859125867824,86.4585241359196
601.0,940.0,581.0,940.0,601.0,940.0,400.0,97344.0,97744.0,20.0,312.0,312.6403684747061,0.06397126544334303,1.5067813489605526,86.33221194446858
601.0,939.0,576.0,939.0,601.0,939.0,625.0,97969.0,98594.0,25.0,313.0,313.99681527047375,0.07961864192305661,1.4910933252089609,85.43335439460138
601.0,939.0,576.0,939.0,601.0,939.0,625.0,101124.0,101749.0,25.0,318.0,318.98119066803923,0.07837452718651762,1.4923413402161239,85.5048603872808
601.0,939.0,576.0,939.0,601.0,939.0,625.0,101124.0,101749.0,25.0,318.0,318.98119066803923,0.07837452718651762,1.4923413402161239,85.5048603872808
601.0,939.0,576.0,939.0,601.0,939.0,625.0,101124.0,101749.0,25.0,318.0,318.98119066803923,0.07837452718651762,1.4923413402161239,85.5048603872808
601.0,940.0,576.0,940.0,601.0,940.0,625.0,100489.0,101114.0,25.0,317.0,317.9842763408279,0.078620239615886,1.4920948672493408,85.49073852652008
601.0,940.0,576.0,940.0,601.0,940.0,625.0,100489.0,101114.0,25.0,317.0,317.9842763408279,0.078620239615886,1.4920948672493408,85.49073852652008
601.0,940.0,577.0,940.0,601.0,940.0,576.0,97344.0,97920.0,24.0,312.0,312.9217154497271,0.07669649888473705,1.4940244355251187,85.60129464500447
601.0,939.0,577.0,939.0,601.0,939.0,576.0,97969.0,98545.0,24.0,313.0,313.9187793044564,0.07645289667976005,1.494268755090255,85.61529312493926
602.0,939.0,577.0,939.0,602.0,939.0,625.0,97969.0,98594.0,25.0,313.0,313.99681527047375,0.07961864192305661,1.4910933252089609,85.43335439460138
601.0,939.0,577.0,939.0,601.0,939.0,576.0,97969.0,98545.0,24.0,313.0,313.9187793044564,0.07645289667976005,1.494268755090255,85.61529312493926
602.0,939.0,577.0,939.0,602.0,939.0,625.0,97969.0,98594.0,25.0,313.0,313.99681527047375,0.07961864192305661,1.4910933252089609,85.43335439460138
602.0,939.0,577.0,939.0,602.0,939.0,625.0,97969.0,98594.0,25.0,313.0,313.99681527047375,0.07961864192305661,1.4910933252089609,85.43335439460138
601.0,939.0,577.0,939.0,601.0,939.0,576.0,97969.0,98545.0,24.0,313.0,313.9187793044564,0.07645289667976005,1.494268755090255,85.61529312493926
602.0,939.0,577.0,939.0,602.0,939.0,625.0,97969.0,98594.0,25.0,313.0,313.99681527047375,0.07961864192305661,1.4910933252089609,85.43335439460138
601.0,939.0,577.0,939.0,601.0,939.0,576.0,97969.0,98545.0,24.0,313.0,313.9187793044564,0.07645289667976005,1.494268755090255,85.61529312493926
541.0,945.0,546.0,945.0,541.0,945.0,25.0,86436.0,86461.0,5.0,294.0,294.0425139329345,0.01700434380431261,1.5537911634227668,90.97432409115349
541.0,945.0,546.0,945.0,541.0,945.0,25.0,86436.0,86461.0,5.0,294.0,294.0425139329345,0.01700434380431261,1.5537911634227668,90.97432409115349
541.0,945.0,546.0,945.0,541.0,945.0,25.0,86436.0,86461.0,5.0,294.0,294.0425139329345,0.01700434380431261,1.5537911634227668,90.97432409115349
541.0,945.0,546.0,945.0,541.0,945.0,25.0,86436.0,86461.0,5.0,294.0,294.0425139329345,0.01700434380431261,1.5537911634227668,90.97432409115349
541.0,945.0,546.0,945.0,541.0,945.0,25.0,86436.0,86461.0,5.0,294.0,294.0425139329345,0.01700434380431261,1.5537911634227668,90.97432409115349
542.0,944.0,546.0,944.0,542.0,944.0,16.0,87025.0,87041.0,4.0,295.0,295.0271173977063,0.013558075729723066,1.55723783565336,90.77684431897556
541.0,945.0,546.0,945.0,541.0,945.0,25.0,86436.0,86461.0,5.0,294.0,294.0425139329345,0.01700434380431261,1.5537911634227668,90.97432409115349
542.0,945.0,546.0,945.0,542.0,945.0,16.0,86436.0,86452.0,4.0,294.0,294.0272096252318,0.01360418311318335,1.5571917240171214,90.77948632111847
541.0,945.0,546.0,945.0,541.0,945.0,25.0,86436.0,86461.0,5.0,294.0,294.0425139329345,0.01700434380431261,1.5537911634227668,90.97432409115349
541.0,945.0,546.0,945.0,541.0,945.0,25.0,86436.0,86461.0,5.0,294.0,294.0425139329345,0.01700434380431261,1.5537911634227668,90.97432409115349
541.0,945.0,546.0,945.0,541.0,945.0,25.0,86436.0,86461.0,5.0,294.0,294.0425139329345,0.01700434380431261,1.5537911634227668,90.97432409115349
541.0,945.0,546.0,945.0,541.0,945.0,25.0,86436.0,86461.0,5.0,294.0,294.0425139329345,0.01700434380431261,1.5537911634227668,90.97432409115349
541.0,945.0,546.0,945.0,541.0,945.0,25.0,86436.0,86461.0,5.0,294.0,294.0425139329345,0.01700434380431261,1.5537911634227668,90.97432409115349
541.0,945.0,546.0,945.0,541.0,945.0,25.0,86436.0,86461.0,5.0,294.0,294.0425139329345,0.01700434380431261,1.5537911634227668,90.97432409115349
541.0,945.0,546.0,945.0,541.0,945.0,25.0,86436.0,86461.0,5.0,294.0,294.0425139329345,0.01700434380431261,1.5537911634227668,90.97432409115349
541.0,945.0,546.0,945.0,541.0,945.0,25.0,86436.0,86461.0,5.0,294.0,294.0425139329345,0.01700434380431261,1.5537911634227668,90.97432409115349
541.0,944.0,546.0,944.0,541.0,944.0,25.0,87025.0,87050.0,5.0,295.0,295.0423698386386,0.01694671854328769,1.5538487969884918,90.97102193107916
541.0,945.0,546.0,945.0,541.0,945.0,25.0,86436.0,86461.0,5.0,294.0,294.0425139329345,0.01700434380431261,1.5537911634227668,90.97432409115349
542.0,945.0,542.0,945.0,542.0,945.0,0.0,86436.0,86436.0,0.0,294.0,294.0,nan,nan,nan
542.0,944.0,542.0,944.0,542.0,944.0,0.0,87025.0,87025.0,0.0,295.0,295.0,nan,nan,nan
542.0,944.0,542.0,944.0,542.0,944.0,0.0,87025.0,87025.0,0.0,295.0,295.0,nan,nan,nan
542.0,944.0,546.0,944.0,542.0,944.0,16.0,87025.0,87041.0,4.0,295.0,295.0271173977063,0.013558075729723066,1.55723783565336,90.77684431897556
542.0,944.0,546.0,944.0,542.0,944.0,16.0,87025.0,87041.0,4.0,295.0,295.0271173977063,0.013558075729723066,1.55723783565336,90.77684431897556
537.0,944.0,542.0,944.0,537.0,944.0,25.0,87025.0,87050.0,5.0,295.0,295.0423698386386,0.01694671854328769,1.5538487969884918,90.97102193107916
537.0,944.0,542.0,944.0,537.0,944.0,25.0,87025.0,87050.0,5.0,295.0,295.0423698386386,0.01694671854328769,1.5538487969884918,90.97102193107916
542.0,944.0,542.0,944.0,542.0,944.0,0.0,87025.0,87025.0,0.0,295.0,295.0,nan,nan,nan
542.0,944.0,542.0,944.0,542.0,944.0,0.0,87025.0,87025.0,0.0,295.0,295.0,nan,nan,nan
541.0,944.0,541.0,944.0,541.0,944.0,0.0,87025.0,87025.0,0.0,295.0,295.0,nan,nan,nan
541.0,944.0,541.0,944.0,541.0,944.0,0.0,87025.0,87025.0,0.0,295.0,295.0,nan,nan,nan
537.0,945.0,541.0,945.0,537.0,945.0,16.0,86436.0,86452.0,4.0,294.0,294.0272096252318,0.01360418311318335,1.5571917240171214,90.77948632111847
536.0,944.0,546.0,944.0,536.0,944.0,100.0,87025.0,87125.0,10.0,295.0,295.16944286290885,0.03387884566575711,1.536910996890779,91.94148639091438
536.0,945.0,541.0,945.0,536.0,945.0,25.0,86436.0,86461.0,5.0,294.0,294.0425139329345,0.01700434380431261,1.5537911634227668,90.97432409115349
537.0,945.0,541.0,945.0,537.0,945.0,16.0,88804.0,88820.0,4.0,298.0,298.0268444284843,0.013421609746835593,1.5573743140548055,90.76902468257803
533.0,945.0,542.0,945.0,533.0,945.0,81.0,86436.0,86517.0,9.0,294.0,294.1377228442486,0.030597911457843404,1.5401936388661779,91.75340486007153
532.0,945.0,542.0,945.0,532.0,945.0,100.0,88804.0,88904.0,10.0,298.0,298.1677380267691,0.03353816903927485,1.5372518672332183,91.92195595893142
528.0,946.0,541.0,946.0,528.0,946.0,169.0,85849.0,86018.0,13.0,293.0,293.28825411188905,0.044324993646150314,1.5264568060448513,92.54046740461033
528.0,944.0,542.0,944.0,528.0,944.0,196.0,87025.0,87221.0,14.0,295.0,295.33201655086435,0.04740427456360395,1.523374280047363,92.71708313450576
524.0,947.0,542.0,947.0,524.0,947.0,324.0,85264.0,85588.0,18.0,292.0,292.55426846997125,0.06152704622680144,1.509230395056963,93.52746805037413
519.0,946.0,542.0,946.0,519.0,946.0,529.0,85849.0,86378.0,23.0,293.0,293.901343991483,0.07825755298576151,1.4924586748004876,94.48841683624423
518.0,947.0,542.0,947.0,518.0,947.0,576.0,85264.0,85840.0,24.0,292.0,292.9846412356798,0.0819155567294538,1.4887888812687111,94.69868051729944
512.0,942.0,540.0,942.0,512.0,942.0,784.0,88804.0,89588.0,28.0,298.0,299.312545677591,0.09354769923396603,1.4771116454314022,95.36773684715615
509.0,945.0,537.0,945.0,509.0,945.0,784.0,87025.0,87809.0,28.0,295.0,296.3258341758275,0.09449058020160996,1.4761645692494136,95.42200031526146
503.0,945.0,535.0,945.0,503.0,945.0,1024.0,85849.0,86873.0,32.0,293.0,294.7422602885443,0.10856943272631794,1.4620124642387895,96.23285620359616
498.0,946.0,539.0,946.0,498.0,946.0,1681.0,85264.0,86945.0,41.0,292.0,294.8643756034289,0.13904697682144557,1.4312973491285623,97.99270266667068
489.0,948.0,539.0,948.0,489.0,948.0,2500.0,84681.0,87181.0,50.0,291.0,295.26428839261956,0.1693398150930934,1.4006365554678604,99.74943673995037
482.0,950.0,536.0,950.0,482.0,950.0,2916.0,81225.0,84141.0,54.0,285.0,290.0706810417075,0.18616152382610385,1.3835424070614137,100.72885929801005
477.0,948.0,536.0,948.0,477.0,948.0,3481.0,81796.0,85277.0,59.0,286.0,292.02225942554446,0.20203939287389477,1.367356515500552,101.65624257210384
467.0,947.0,531.0,947.0,467.0,947.0,4096.0,80089.0,84185.0,64.0,283.0,290.1465147128257,0.22057821395285204,1.348389080578154,102.7429965413463
462.0,948.0,525.0,948.0,462.0,948.0,3969.0,79524.0,83493.0,63.0,282.0,288.951553032684,0.21802962932292638,1.3510012552708641,102.59332995610312
455.0,948.0,524.0,948.0,455.0,948.0,4761.0,80089.0,84850.0,69.0,283.0,291.29023327259017,0.23687714903722715,1.331646073939167,103.70230015811977
449.0,951.0,522.0,951.0,449.0,951.0,5329.0,75625.0,80954.0,73.0,275.0,284.5241641759097,0.25656871785015445,1.3113259246025324,104.86655895418448
436.0,953.0,519.0,953.0,436.0,953.0,6889.0,76729.0,83618.0,83.0,277.0,289.167771371569,0.28703060374369427,1.279670767813362,106.68026583802884
427.0,951.0,515.0,951.0,427.0,951.0,7744.0,78961.0,86705.0,88.0,281.0,294.45712760943655,0.2988550513768573,1.2673036789161563,107.38884783670184
417.0,952.0,510.0,952.0,417.0,952.0,8649.0,80089.0,88738.0,93.0,283.0,297.88924116187883,0.31219657224700503,1.2532920313781029,108.19165610465717
408.0,953.0,509.0,953.0,408.0,953.0,10201.0,79524.0,89725.0,101.0,282.0,299.5413160150032,0.337182200250937,1.2268741157871403,109.70529117155218
399.0,958.0,497.0,958.0,399.0,958.0,9604.0,73441.0,83045.0,98.0,271.0,288.17529387509956,0.34007079053235906,1.2238041532351598,109.88118706904388
387.0,954.0,490.0,954.0,387.0,954.0,10609.0,73441.0,84050.0,103.0,271.0,289.9137802864845,0.3552780412790946,1.2075848298429415,110.81048584597579
378.0,954.0,486.0,954.0,378.0,954.0,11664.0,73984.0,85648.0,108.0,272.0,292.6567955814455,0.36903294791234026,1.1928280152986233,111.65598903842249
369.0,953.0,486.0,953.0,369.0,953.0,13689.0,71824.0,85513.0,117.0,268.0,292.42605903031284,0.4001011414234864,1.1591691237293382,113.584501468431
361.0,951.0,480.0,951.0,361.0,951.0,14161.0,70756.0,84917.0,119.0,266.0,291.40521615098106,0.40836606005825393,1.1501329776618616,114.10223450116113
352.0,951.0,472.0,951.0,352.0,951.0,14400.0,68644.0,83044.0,120.0,262.0,288.17355881482257,0.4164157200734394,1.1412969288698602,114.60850280451449
343.0,948.0,468.0,948.0,343.0,948.0,15625.0,73441.0,89066.0,125.0,271.0,298.43927355493946,0.4188456784223771,1.1386225788353448,114.76173177443289
337.0,944.0,459.0,944.0,337.0,944.0,14884.0,74529.0,89413.0,122.0,273.0,299.02006621629926,0.407999374569565,1.1505346485914165,114.07922045214455
331.0,938.0,453.0,938.0,331.0,938.0,14884.0,79524.0,94408.0,122.0,282.0,307.25884853003015,0.39705935429903905,1.1624857504108215,113.39447275736153
328.0,931.0,445.0,931.0,328.0,931.0,13689.0,80089.0,93778.0,117.0,283.0,306.23193824289456,0.38206334934012953,1.178768324906149,112.4615499591719
319.0,927.0,439.0,927.0,319.0,927.0,14400.0,80656.0,95056.0,120.0,284.0,308.3115307606902,0.38921671111011213,1.1710152285520998,112.90576965841719
317.0,920.0,433.0,920.0,317.0,920.0,13456.0,84681.0,98137.0,116.0,291.0,313.2682556532021,0.37028967316885014,1.1914754855823557,111.73348328283065
310.0,915.0,427.0,915.0,310.0,915.0,13689.0,81225.0,94914.0,117.0,285.0,308.0811581385658,0.3797700602883895,1.1812486047348643,112.31944039297508
308.0,906.0,420.0,906.0,308.0,906.0,12544.0,76729.0,89273.0,112.0,277.0,298.7858765069059,0.3748503821846858,1.1865609427285302,112.01506584659103
302.0,901.0,415.0,901.0,302.0,901.0,12769.0,72361.0,85130.0,113.0,269.0,291.77045772319036,0.3872907520582698,1.1731051361323597,112.7860267744959
298.0,891.0,413.0,891.0,298.0,891.0,13225.0,73984.0,87209.0,115.0,272.0,295.3116997343654,0.3894190447024049,1.170795564202764,112.9183554985436
295.0,880.0,405.0,880.0,295.0,880.0,12100.0,76176.0,88276.0,110.0,276.0,297.112773202365,0.37022979124858574,1.1915399490314906,111.72978979926236
295.0,875.0,406.0,875.0,295.0,875.0,12321.0,71824.0,84145.0,111.0,268.0,290.077575831018,0.38265625904382905,1.1781266571080042,112.49831481585505
290.0,866.0,398.0,866.0,290.0,866.0,11664.0,72361.0,84025.0,108.0,269.0,289.8706608127149,0.37257996272268024,1.1890087204028172,111.87481851666804
287.0,853.0,403.0,853.0,287.0,853.0,13456.0,74529.0,87985.0,116.0,273.0,296.6226559115133,0.39106925141484955,1.1690032468379954,113.02104771909286
284.0,844.0,398.0,844.0,284.0,844.0,12996.0,73441.0,86437.0,114.0,271.0,294.0017006753532,0.3877528590417329,1.1726038596678938,112.81474780027904
287.0,835.0,395.0,835.0,287.0,835.0,11664.0,72361.0,84025.0,108.0,269.0,289.8706608127149,0.37257996272268024,1.1890087204028172,111.87481851666804
283.0,824.0,389.0,824.0,283.0,824.0,11236.0,75076.0,86312.0,106.0,274.0,293.7890399589474,0.3608031123789094,1.20166746125439,111.14952609192308
282.0,818.0,376.0,818.0,282.0,818.0,8836.0,80656.0,89492.0,94.0,284.0,299.1521352088265,0.31422139084644085,1.251159934153236,108.31381627715359
278.0,808.0,365.0,808.0,278.0,808.0,7569.0,87025.0,94594.0,87.0,295.0,307.5613759885984,0.2828703692729778,1.2840109402552358,106.43159227475049
282.0,797.0,359.0,797.0,282.0,797.0,5929.0,93025.0,98954.0,77.0,305.0,314.5695471592888,0.24477893901474657,1.3235046377236153,104.16877009244584
281.0,788.0,348.0,788.0,281.0,788.0,4489.0,97344.0,101833.0,67.0,312.0,319.11283270968596,0.20995708455558568,1.3592652610546934,102.119837302818
278.0,778.0,335.0,778.0,278.0,778.0,3249.0,104976.0,108225.0,57.0,324.0,328.97568299191965,0.1732650859832702,1.3966523897554788,99.97771262015057
273.0,770.0,331.0,770.0,273.0,770.0,3364.0,104976.0,108340.0,58.0,324.0,329.15042154006125,0.17621122807202833,1.3936602116181949,100.14915179896826
272.0,756.0,319.0,756.0,272.0,756.0,2209.0,108241.0,110450.0,47.0,329.0,332.34018715767735,0.1414213562373095,1.4288992721907328,98.13010235415597
275.0,747.0,318.0,747.0,275.0,747.0,1849.0,110889.0,112738.0,43.0,333.0,335.76479863142293,0.12806583708377997,1.442377815641072,97.35783870046784
272.0,738.0,321.0,738.0,272.0,738.0,2401.0,110889.0,113290.0,49.0,333.0,336.58579886857973,0.14557952285780215,1.4246976162438607,98.37083950687779
272.0,731.0,309.0,731.0,272.0,731.0,1369.0,116281.0,117650.0,37.0,341.0,343.0014577228499,0.1078712616722945,1.462714759938238,96.19261762404757
274.0,727.0,316.0,727.0,274.0,727.0,1764.0,106929.0,108693.0,42.0,327.0,329.6862144524699,0.12739386167465924,1.443055340673584,97.31901937559043
269.0,722.0,304.0,722.0,269.0,722.0,1225.0,114921.0,116146.0,35.0,339.0,340.8019952993233,0.10269892923971825,1.4679160065142445,95.89460814703553
270.0,715.0,309.0,715.0,270.0,715.0,1521.0,108241.0,109762.0,39.0,329.0,331.3034862478812,0.11771684156326749,1.4528059037402163,96.76035326399627
273.0,704.0,301.0,704.0,273.0,704.0,784.0,112896.0,113680.0,28.0,336.0,337.16464820618427,0.08304547985373997,1.4876550949064553,94.76364169072617
270.0,702.0,304.0,702.0,270.0,702.0,1156.0,113569.0,114725.0,34.0,337.0,338.71079108879894,0.10038062233182972,1.470246358433205,95.76108881729888
276.0,700.0,305.0,700.0,276.0,700.0,841.0,110889.0,111730.0,29.0,333.0,334.26037755019667,0.08675871251190999,1.4839284040843899,94.97716534638067
276.0,694.0,293.0,694.0,276.0,694.0,289.0,121801.0,122090.0,17.0,349.0,349.4137948049561,0.048652915977428574,1.5221241959059635,92.7887076798442
273.0,688.0,296.0,688.0,273.0,688.0,529.0,126736.0,127265.0,23.0,356.0,356.74220383913087,0.0644723269422073,1.506279250950169,93.69655615242831
273.0,687.0,291.0,687.0,273.0,687.0,324.0,129600.0,129924.0,18.0,360.0,360.4497191010141,0.04993761694389224,1.5208379310729538,92.86240522611175
274.0,685.0,292.0,685.0,274.0,685.0,324.0,129600.0,129924.0,18.0,360.0,360.4497191010141,0.04993761694389224,1.5208379310729538,92.86240522611175
278.0,684.0,295.0,684.0,278.0,684.0,289.0,123201.0,123490.0,17.0,351.0,351.411439768258,0.04837634202008572,1.52240109592169,92.77284247759596
276.0,683.0,288.0,683.0,276.0,683.0,144.0,131044.0,131188.0,12.0,362.0,362.1988404178014,0.033130972993060476,1.5376592897078045,91.89861237065885
277.0,680.0,289.0,680.0,277.0,680.0,144.0,133225.0,133369.0,12.0,365.0,365.19720699917735,0.032858958858431334,1.5379314520307943,91.88301861820906
276.0,678.0,294.0,678.0,276.0,678.0,324.0,130321.0,130645.0,18.0,361.0,361.4484748895754,0.04979962913247623,1.5209760907847025,92.8544892577298
279.0,680.0,291.0,680.0,279.0,680.0,144.0,126736.0,126880.0,12.0,356.0,356.20218977429096,0.033688731693659296,1.5371012194488802,91.93058744116699
277.0,682.0,289.0,682.0,277.0,682.0,144.0,121801.0,121945.0,12.0,349.0,349.20624278497655,0.03436364683603033,1.5364259132518925,91.96927963613342
276.0,684.0,294.0,684.0,276.0,684.0,324.0,115600.0,115924.0,18.0,340.0,340.47613719613304,0.05286714114014694,1.5179045279291765,93.03047684586059
274.0,681.0,292.0,681.0,274.0,681.0,324.0,122500.0,122824.0,18.0,350.0,350.46255149445,0.05136069438302041,1.5194130246562914,92.94404634998762
273.0,683.0,291.0,683.0,273.0,683.0,324.0,116964.0,117288.0,18.0,342.0,342.47335662792807,0.05255883312276367,1.5182132651839548,93.01278750418334
273.0,681.0,290.0,681.0,273.0,681.0,289.0,126025.0,126314.0,17.0,355.0,355.4068091638088,0.04783251069386409,1.5229455575714148,92.74164712295999
272.0,681.0,289.0,681.0,272.0,681.0,289.0,121801.0,122090.0,17.0,349.0,349.4137948049561,0.048652915977428574,1.5221241959059635,92.7887076798442
272.0,684.0,290.0,684.0,272.0,684.0,324.0,119025.0,119349.0,18.0,345.0,345.469246098694,0.052103045939023304,1.5186696777492505,92.98663699047516
271.0,680.0,289.0,680.0,271.0,680.0,324.0,118336.0,118660.0,18.0,344.0,344.4706083252967,0.0522540953131244,1.518518422330418,92.99530328760275
271.0,682.0,289.0,682.0,271.0,682.0,324.0,121104.0,121428.0,18.0,348.0,348.4652062975585,0.0516550854280401,1.5191182423124667,92.96093613416375
270.0,685.0,287.0,685.0,270.0,685.0,289.0,114921.0,115210.0,17.0,339.0,339.42598604113977,0.05008455657234073,1.5206908073429575,92.87083479490676
272.0,680.0,284.0,680.0,272.0,680.0,144.0,121104.0,121248.0,12.0,348.0,348.2068350851258,0.034462275839778886,1.5363272257953886,91.97493401088197
270.0,679.0,282.0,679.0,270.0,679.0,144.0,121801.0,121945.0,12.0,349.0,349.20624278497655,0.03436364683603033,1.5364259132518925,91.96927963613342
272.0,682.0,283.0,682.0,272.0,682.0,121.0,116281.0,116402.0,11.0,341.0,341.1773732239581,0.03224129401095805,1.5385494443596428,91.84761026599459
271.0,683.0,289.0,683.0,271.0,683.0,324.0,119716.0,120040.0,18.0,346.0,346.4678917302439,0.051952866137490755,1.5188200612259855,92.97802065194975
269.0,683.0,281.0,683.0,269.0,683.0,144.0,118336.0,118480.0,12.0,344.0,344.20923869065456,0.03486251573504266,1.5359267452401069,91.99787985647667
269.0,680.0,281.0,680.0,269.0,680.0,144.0,119716.0,119860.0,12.0,346.0,346.2080299473136,0.03466124110935895,1.536128141585397,91.98634069588219
268.0,680.0,280.0,680.0,268.0,680.0,144.0,115600.0,115744.0,12.0,340.0,340.2116987994387,0.0352721556676222,1.5355168532013053,92.02136494035602
270.0,680.0,282.0,680.0,270.0,680.0,144.0,120409.0,120553.0,12.0,347.0,347.2074307960589,0.034561472294780765,1.536227970212588,91.98062093686956
270.0,681.0,281.0,681.0,270.0,681.0,121.0,120409.0,120530.0,11.0,347.0,347.17430780517157,0.03168437223808916,1.5391066508398659,91.81568468636047
269.0,684.0,280.0,684.0,269.0,684.0,121.0,118336.0,118457.0,11.0,344.0,344.17582715815473,0.031960408407605306,1.5388304747972092,91.83150840800731
268.0,680.0,279.0,680.0,268.0,680.0,121.0,125316.0,125437.0,11.0,354.0,354.1708627202413,0.031058455558747852,1.539732875759836,91.77980464142026
267.0,685.0,278.0,685.0,267.0,685.0,121.0,117649.0,117770.0,11.0,343.0,343.17633951075356,0.03205349184527714,1.5387373436434142,91.83684443006095
267.0,685.0,278.0,685.0,267.0,685.0,121.0,121801.0,121922.0,11.0,349.0,349.17330940379736,0.03150298062237964,1.5392881330526162,91.80528652151317
267.0,684.0,278.0,684.0,267.0,684.0,121.0,122500.0,122621.0,11.0,350.0,350.1728144787942,0.031413061052077015,1.5393780971485207,91.80013195851014
267.0,683.0,279.0,683.0,267.0,683.0,144.0,123201.0,123345.0,12.0,351.0,351.20506830055854,0.03416807182785442,1.5366216031787014,91.95806742923405
267.0,683.0,278.0,683.0,267.0,683.0,121.0,127449.0,127570.0,11.0,357.0,357.169427583045,0.030797708735701923,1.5399937473813619,91.7648577985121
266.0,683.0,277.0,683.0,266.0,683.0,121.0,123201.0,123322.0,11.0,351.0,351.17232237179513,0.03132365308776817,1.5394675491328964,91.79500673733634
265.0,682.0,277.0,682.0,265.0,682.0,144.0,123904.0,124048.0,12.0,352.0,352.20448605888026,0.03407111628326587,1.5367186152078889,91.95250904939961
264.0,683.0,276.0,683.0,264.0,683.0,144.0,127449.0,127593.0,12.0,357.0,357.201623736511,0.03359447214845746,1.5371955323789035,91.92518370832315
269.0,681.0,275.0,681.0,269.0,681.0,36.0,128881.0,128917.0,6.0,359.0,359.05013577493605,0.01671075819829515,1.554084790753875,90.95750048433129
263.0,686.0,274.0,686.0,263.0,686.0,121.0,125316.0,125437.0,11.0,354.0,354.1708627202413,0.031058455558747852,1.539732875759836,91.77980464142026
262.0,685.0,274.0,685.0,262.0,685.0,144.0,121801.0,121945.0,12.0,349.0,349.20624278497655,0.03436364683603033,1.5364259132518925,91.96927963613342
267.0,682.0,272.0,682.0,267.0,682.0,25.0,123904.0,123929.0,5.0,352.0,352.035509572543,0.014203112652104954,1.5565927365708845,90.81380577376916
266.0,684.0,272.0,684.0,266.0,684.0,36.0,122500.0,122536.0,6.0,350.0,350.051424793558,0.017140338747481134,1.553655148656288,90.98211716322419
266.0,683.0,272.0,683.0,266.0,683.0,36.0,123201.0,123237.0,6.0,351.0,351.05127830560593,0.017091520158991503,1.5537039743971799,90.97931965433948
267.0,684.0,272.0,684.0,267.0,684.0,25.0,122500.0,122525.0,5.0,350.0,350.03571246374275,0.014284256782850143,1.5565115842075,90.81845546168861
267.0,684.0,272.0,684.0,267.0,684.0,25.0,122500.0,122525.0,5.0,350.0,350.03571246374275,0.014284256782850143,1.5565115842075,90.81845546168861
261.0,686.0,272.0,686.0,261.0,686.0,121.0,116964.0,117085.0,11.0,342.0,342.1768548572507,0.032147118789168184,1.53864366842419,91.84221162476747
261.0,687.0,272.0,687.0,261.0,687.0,121.0,116281.0,116402.0,11.0,341.0,341.1773732239581,0.03224129401095805,1.5385494443596428,91.84761026599459
261.0,686.0,272.0,686.0,261.0,686.0,121.0,116964.0,117085.0,11.0,342.0,342.1768548572507,0.032147118789168184,1.53864366842419,91.84221162476747
260.0,686.0,271.0,686.0,260.0,686.0,121.0,116964.0,117085.0,11.0,342.0,342.1768548572507,0.032147118789168184,1.53864366842419,91.84221162476747
265.0,687.0,271.0,687.0,265.0,687.0,36.0,112896.0,112932.0,6.0,336.0,336.05356715857073,0.01785429641688294,1.5529410816553442,91.02303018866783
265.0,683.0,270.0,683.0,265.0,683.0,25.0,115600.0,115625.0,5.0,340.0,340.03676271838606,0.014704292441876156,1.5560915044170451,90.84252426074042
264.0,679.0,270.0,679.0,264.0,679.0,36.0,118336.0,118372.0,6.0,344.0,344.05232160239814,0.017439208002013894,1.5533562347191943,90.9992436702573
265.0,684.0,270.0,684.0,265.0,684.0,25.0,114921.0,114946.0,5.0,339.0,339.0368711512068,0.014747658515790317,1.5560481336403018,90.84500922320201
264.0,679.0,270.0,679.0,264.0,679.0,36.0,114244.0,114280.0,6.0,338.0,338.0532502432124,0.01774868307192225,1.553046711738399,91.01697803071917
264.0,683.0,270.0,683.0,264.0,683.0,36.0,115600.0,115636.0,6.0,340.0,340.05293705539435,0.017644311653225345,1.5531510995037736,91.01099705233041
265.0,682.0,270.0,682.0,265.0,682.0,25.0,116281.0,116306.0,5.0,341.0,341.03665492143216,0.014661180632187168,1.5561346208745703,90.84005386969666
264.0,683.0,269.0,683.0,264.0,683.0,25.0,107584.0,107609.0,5.0,328.0,328.03810754240124,0.015242131584830324,1.55555360496648,90.8733436290602
264.0,682.0,270.0,682.0,264.0,682.0,36.0,112225.0,112261.0,6.0,335.0,335.0537270349339,0.01790757575836313,1.5528877937943693,91.02608335820098
264.0,683.0,269.0,683.0,264.0,683.0,25.0,111556.0,111581.0,5.0,334.0,334.0374230531663,0.01496838274675645,1.555827385041226,90.85765718626247
264.0,684.0,269.0,684.0,264.0,684.0,25.0,107584.0,107609.0,5.0,328.0,328.03810754240124,0.015242131584830324,1.55555360496648,90.8733436290602
264.0,684.0,269.0,684.0,264.0,684.0,25.0,107584.0,107609.0,5.0,328.0,328.03810754240124,0.015242131584830324,1.55555360496648,90.8733436290602
264.0,684.0,269.0,684.0,264.0,684.0,25.0,107584.0,107609.0,5.0,328.0,328.03810754240124,0.015242131584830324,1.55555360496648,90.8733436290602
264.0,679.0,269.0,679.0,264.0,679.0,25.0,114921.0,114946.0,5.0,339.0,339.0368711512068,0.014747658515790317,1.5560481336403018,90.84500922320201
264.0,680.0,269.0,680.0,264.0,680.0,25.0,114244.0,114269.0,5.0,338.0,338.03698022553687,0.014791281109729536,1.5560045062877244,90.84750888637603
264.0,679.0,270.0,679.0,264.0,679.0,36.0,114921.0,114957.0,6.0,339.0,339.05309318748294,0.017696343494740623,1.5530990595371263,91.0139787227853
264.0,680.0,270.0,680.0,264.0,680.0,36.0,114244.0,114280.0,6.0,338.0,338.0532502432124,0.01774868307192225,1.553046711738399,91.01697803071917
264.0,681.0,269.0,681.0,264.0,681.0,25.0,113569.0,113594.0,5.0,337.0,337.0370899470858,0.014835162506254105,1.5559606200759226,90.85002338109109
264.0,681.0,270.0,681.0,264.0,681.0,36.0,113569.0,113605.0,6.0,337.0,337.0534082308025,0.017801333122528188,1.5529940533683997,91.01999513307616
265.0,681.0,270.0,681.0,265.0,681.0,25.0,117649.0,117674.0,5.0,343.0,343.0364412128834,0.014575710913748296,1.556220099726894,90.8351562922209
265.0,680.0,270.0,680.0,265.0,680.0,25.0,118336.0,118361.0,5.0,344.0,344.0363352903295,0.014533348623715981,1.5562624665045364,90.83272885467042
260.0,685.0,271.0,685.0,260.0,685.0,121.0,118336.0,118457.0,11.0,344.0,344.17582715815473,0.031960408407605306,1.5388304747972092,91.83150840800731
260.0,684.0,271.0,684.0,260.0,684.0,121.0,119025.0,119146.0,11.0,345.0,345.1753177734468,0.03186786375965551,1.5389230666101448,91.82620328790864
260.0,684.0,271.0,684.0,260.0,684.0,121.0,119025.0,119146.0,11.0,345.0,345.1753177734468,0.03186786375965551,1.5389230666101448,91.82620328790864
260.0,684.0,271.0,684.0,260.0,684.0,121.0,119025.0,119146.0,11.0,345.0,345.1753177734468,0.03186786375965551,1.5389230666101448,91.82620328790864
261.0,684.0,272.0,684.0,261.0,684.0,121.0,114921.0,115042.0,11.0,339.0,339.17841912480225,0.0324313086557329,1.5383593302934921,91.85850299961109
261.0,684.0,272.0,684.0,261.0,684.0,121.0,114921.0,115042.0,11.0,339.0,339.17841912480225,0.0324313086557329,1.5383593302934921,91.85850299961109
261.0,682.0,272.0,682.0,261.0,682.0,121.0,119716.0,119837.0,11.0,346.0,346.1748113309228,0.031775853239317996,1.5390151237522636,91.8209288021912
261.0,682.0,273.0,682.0,261.0,682.0,144.0,119716.0,119860.0,12.0,346.0,346.2080299473136,0.03466124110935895,1.536128141585397,91.98634069588219
261.0,682.0,272.0,682.0,261.0,682.0,121.0,120409.0,120530.0,11.0,347.0,347.17430780517157,0.03168437223808916,1.5391066508398659,91.81568468636047
261.0,681.0,278.0,681.0,261.0,681.0,289.0,116964.0,117253.0,17.0,342.0,342.42225394971047,0.04964630599767236,1.5211296038078648,92.84569360940232
262.0,686.0,278.0,686.0,262.0,686.0,256.0,117649.0,117905.0,16.0,343.0,343.3729750577351,0.04659656164644216,1.5241828866022866,92.67075339162203
262.0,681.0,279.0,681.0,262.0,681.0,289.0,116964.0,117253.0,17.0,342.0,342.42225394971047,0.04964630599767236,1.5211296038078648,92.84569360940232
262.0,686.0,279.0,686.0,262.0,686.0,289.0,109561.0,109850.0,17.0,331.0,331.436268383531,0.05129191226690968,1.5194818975512545,92.94010022378338
263.0,685.0,274.0,685.0,263.0,685.0,121.0,118336.0,118457.0,11.0,344.0,344.17582715815473,0.031960408407605306,1.5388304747972092,91.83150840800731
263.0,684.0,274.0,684.0,263.0,684.0,121.0,118336.0,118457.0,11.0,344.0,344.17582715815473,0.031960408407605306,1.5388304747972092,91.83150840800731
263.0,680.0,274.0,680.0,263.0,680.0,121.0,121801.0,121922.0,11.0,349.0,349.17330940379736,0.03150298062237964,1.5392881330526162,91.80528652151317
263.0,685.0,275.0,685.0,263.0,685.0,144.0,117649.0,117793.0,12.0,343.0,343.20984834354624,0.03496403164978016,1.5358251673979697,92.00369983812318
264.0,684.0,275.0,684.0,264.0,684.0,121.0,122500.0,122621.0,11.0,350.0,350.1728144787942,0.031413061052077015,1.5393780971485207,91.80013195851014
264.0,684.0,276.0,684.0,264.0,684.0,144.0,118336.0,118480.0,12.0,344.0,344.20923869065456,0.03486251573504266,1.5359267452401069,91.99787985647667
264.0,684.0,276.0,684.0,264.0,684.0,144.0,118336.0,118480.0,12.0,344.0,344.20923869065456,0.03486251573504266,1.5359267452401069,91.99787985647667
264.0,684.0,276.0,684.0,264.0,684.0,144.0,118336.0,118480.0,12.0,344.0,344.20923869065456,0.03486251573504266,1.5359267452401069,91.99787985647667
264.0,685.0,275.0,685.0,264.0,685.0,121.0,117649.0,117770.0,11.0,343.0,343.17633951075356,0.03205349184527714,1.5387373436434142,91.83684443006095
264.0,684.0,276.0,684.0,264.0,684.0,144.0,118336.0,118480.0,12.0,344.0,344.20923869065456,0.03486251573504266,1.5359267452401069,91.99787985647667
265.0,685.0,276.0,685.0,265.0,685.0,121.0,121104.0,121225.0,11.0,348.0,348.1738071710737,0.031593416200303655,1.539197652436279,91.81047067895705
265.0,684.0,276.0,684.0,265.0,684.0,121.0,118336.0,118457.0,11.0,344.0,344.17582715815473,0.031960408407605306,1.5388304747972092,91.83150840800731
265.0,684.0,277.0,684.0,265.0,684.0,144.0,118336.0,118480.0,12.0,344.0,344.20923869065456,0.03486251573504266,1.5359267452401069,91.99787985647667
265.0,685.0,276.0,685.0,265.0,685.0,121.0,117649.0,117770.0,11.0,343.0,343.17633951075356,0.03205349184527714,1.5387373436434142,91.83684443006095
264.0,681.0,276.0,681.0,264.0,681.0,144.0,120409.0,120553.0,12.0,347.0,347.2074307960589,0.034561472294780765,1.536227970212588,91.98062093686956
265.0,680.0,282.0,680.0,265.0,680.0,289.0,121104.0,121393.0,17.0,348.0,348.4149824562658,0.048792390844253936,1.5219845551942106,92.79670850327584
265.0,680.0,282.0,680.0,265.0,680.0,289.0,121104.0,121393.0,17.0,348.0,348.4149824562658,0.048792390844253936,1.5219845551942106,92.79670850327584
265.0,680.0,282.0,680.0,265.0,680.0,289.0,121104.0,121393.0,17.0,348.0,348.4149824562658,0.048792390844253936,1.5219845551942106,92.79670850327584
265.0,680.0,282.0,680.0,265.0,680.0,289.0,121104.0,121393.0,17.0,348.0,348.4149824562658,0.048792390844253936,1.5219845551942106,92.79670850327584
265.0,679.0,282.0,679.0,265.0,679.0,289.0,121801.0,122090.0,17.0,349.0,349.4137948049561,0.048652915977428574,1.5221241959059635,92.7887076798442
266.0,679.0,283.0,679.0,266.0,679.0,289.0,121801.0,122090.0,17.0,349.0,349.4137948049561,0.048652915977428574,1.5221241959059635,92.7887076798442
266.0,678.0,283.0,678.0,266.0,678.0,289.0,122500.0,122789.0,17.0,350.0,350.41261392820894,0.04851423528801074,1.5222630405542434,92.78075246748978
266.0,682.0,283.0,682.0,266.0,682.0,289.0,119716.0,120005.0,17.0,346.0,346.41737831696605,0.049073750521965116,1.5217028580592307,92.81284856021111
261.0,682.0,284.0,682.0,261.0,682.0,529.0,119716.0,120245.0,23.0,346.0,346.7636082405419,0.06632760605041758,1.5044199911387226,93.80308389264249
261.0,682.0,284.0,682.0,261.0,682.0,529.0,119716.0,120245.0,23.0,346.0,346.7636082405419,0.06632760605041758,1.5044199911387226,93.80308389264249
262.0,681.0,285.0,681.0,262.0,681.0,529.0,119716.0,120245.0,23.0,346.0,346.7636082405419,0.06632760605041758,1.5044199911387226,93.80308389264249
262.0,681.0,285.0,681.0,262.0,681.0,529.0,119716.0,120245.0,23.0,346.0,346.7636082405419,0.06632760605041758,1.5044199911387226,93.80308389264249
267.0,682.0,284.0,682.0,267.0,682.0,289.0,119716.0,120005.0,17.0,346.0,346.41737831696605,0.049073750521965116,1.5217028580592307,92.81284856021111
267.0,682.0,284.0,682.0,267.0,682.0,289.0,115600.0,115889.0,17.0,340.0,340.42473470651333,0.04993761694389224,1.5208379310729538,92.86240522611175
262.0,681.0,285.0,681.0,262.0,681.0,529.0,120409.0,120938.0,23.0,347.0,347.76141246550054,0.06613729751365587,1.5046107184709538,93.79215602146785
262.0,681.0,285.0,681.0,262.0,681.0,529.0,120409.0,120938.0,23.0,347.0,347.76141246550054,0.06613729751365587,1.5046107184709538,93.79215602146785
263.0,679.0,286.0,679.0,263.0,679.0,529.0,117649.0,118178.0,23.0,343.0,343.77027212951384,0.0669051452806683,1.5038411661343678,93.83624812246866
261.0,681.0,290.0,681.0,261.0,681.0,841.0,119716.0,120557.0,29.0,346.0,347.21319099366025,0.08352217240654751,1.4871767404822862,94.79104938034249
263.0,681.0,286.0,681.0,263.0,681.0,529.0,119025.0,119554.0,23.0,345.0,345.7658167025769,0.06651901052377393,1.5042281630190728,93.81407483429035
262.0,679.0,286.0,679.0,262.0,679.0,576.0,118336.0,118912.0,24.0,344.0,344.8361929960369,0.06959826284903867,1.5011417530663285,93.99091309842977
263.0,679.0,293.0,679.0,263.0,679.0,900.0,122500.0,123400.0,30.0,350.0,351.2833614050059,0.0854011413464358,1.485291033116692,94.89909245378776
263.0,677.0,286.0,677.0,263.0,677.0,529.0,127449.0,127978.0,23.0,357.0,357.7401291440478,0.06429247972552392,1.5064594720717008,93.68623024278543
263.0,678.0,292.0,678.0,263.0,678.0,841.0,122500.0,123341.0,29.0,350.0,351.1993735757511,0.08257417917559273,1.4881280199125786,94.73654508384912
265.0,676.0,294.0,676.0,265.0,676.0,841.0,124609.0,125450.0,29.0,353.0,354.18921496849674,0.08187714016808613,1.4888274273119406,94.69647199170545
263.0,683.0,292.0,683.0,263.0,683.0,841.0,114921.0,115762.0,29.0,339.0,340.2381518877623,0.08523441547956243,1.4854583691258396,94.88950480670304
262.0,680.0,292.0,680.0,262.0,680.0,900.0,119025.0,119925.0,30.0,345.0,346.30189141845585,0.086629616364842,1.4840579881189115,94.9697407281103
267.0,674.0,291.0,674.0,267.0,674.0,576.0,126025.0,126601.0,24.0,355.0,355.81034273893727,0.06745166488206646,1.5032934091316685,93.86763228692206
267.0,675.0,297.0,675.0,267.0,675.0,900.0,125316.0,126216.0,30.0,354.0,355.2689122340991,0.0844430766861806,1.4862525712818986,94.84400037508067
264.0,676.0,293.0,676.0,264.0,676.0,841.0,121801.0,122642.0,29.0,349.0,350.202798389733,0.0828091612441273,1.4878922303063262,94.75005483314042
263.0,678.0,298.0,678.0,263.0,678.0,1225.0,123904.0,125129.0,35.0,352.0,353.73577709923546,0.09894390747527146,1.4716902621487407,95.67835922837543
262.0,678.0,297.0,678.0,262.0,678.0,1225.0,123904.0,125129.0,35.0,352.0,353.73577709923546,0.09894390747527146,1.4716902621487407,95.67835922837543
263.0,679.0,298.0,679.0,263.0,679.0,1225.0,115600.0,116825.0,35.0,340.0,341.796723214252,0.10240004547398948,1.468216474376602,95.87739260664313
263.0,677.0,298.0,677.0,263.0,677.0,1225.0,121104.0,122329.0,35.0,348.0,349.75562897543193,0.1000698690755268,1.4705586843224638,95.74319386201168
265.0,678.0,300.0,678.0,265.0,678.0,1225.0,112225.0,113450.0,35.0,335.0,336.82339586198583,0.10391202164098284,1.4666963886852973,95.96448710125311
265.0,679.0,300.0,679.0,265.0,679.0,1225.0,108241.0,109466.0,35.0,329.0,330.8564643467013,0.1057860545935226,1.4648119688052967,96.0724564072077
264.0,678.0,300.0,678.0,264.0,678.0,1296.0,108900.0,110196.0,36.0,330.0,331.95782864695326,0.10844751017541762,1.4621351109543088,96.22582906442577
266.0,678.0,302.0,678.0,266.0,678.0,1296.0,108900.0,110196.0,36.0,330.0,331.95782864695326,0.10844751017541762,1.4621351109543088,96.22582906442577
265.0,682.0,301.0,682.0,265.0,682.0,1296.0,103041.0,104337.0,36.0,321.0,323.012383663537,0.11145083538809175,1.4591134649549973,96.3989566273689
266.0,678.0,302.0,678.0,266.0,678.0,1296.0,105625.0,106921.0,36.0,325.0,326.9877673552942,0.11009586166226085,1.46047682935014,96.32084160158882
266.0,679.0,307.0,679.0,266.0,679.0,1681.0,108900.0,110581.0,41.0,330.0,332.53721596236414,0.12329447060938976,1.4471873224118796,97.08227426096096
262.0,679.0,303.0,679.0,262.0,679.0,1681.0,112896.0,114577.0,41.0,336.0,338.49224511057855,0.12112537463481958,1.4493728005823123,96.9570555855772
261.0,679.0,308.0,679.0,261.0,679.0,2209.0,104976.0,107185.0,47.0,324.0,327.3912033027155,0.1435591412532316,1.4267394483353264,98.25385114556244
261.0,684.0,308.0,684.0,261.0,684.0,2209.0,101761.0,103970.0,47.0,319.0,322.4437935516824,0.1457618380006644,1.4245133354019406,98.38139802136493
260.0,681.0,308.0,681.0,260.0,681.0,2304.0,106929.0,109233.0,48.0,327.0,330.50416033690107,0.14523266500207127,1.4250482000864593,98.35075253233141
260.0,682.0,314.0,682.0,260.0,682.0,2916.0,102400.0,105316.0,54.0,320.0,324.5242671973854,0.16639741756863924,1.403621309701819,99.57842291946073
262.0,685.0,316.0,685.0,262.0,685.0,2916.0,100489.0,103405.0,54.0,317.0,321.56647835245514,0.1679279515597174,1.402068932551806,99.66736757836902
256.0,683.0,316.0,683.0,256.0,683.0,3600.0,101761.0,105361.0,60.0,319.0,324.59359205012044,0.1848465326165016,1.38488062515695,100.65218504906778
256.0,687.0,316.0,687.0,256.0,687.0,3600.0,99225.0,102825.0,60.0,315.0,320.66337489647924,0.18711210788999522,1.382574821490126,100.7842978675626
257.0,689.0,318.0,689.0,257.0,689.0,3721.0,101761.0,105482.0,61.0,319.0,324.7799254880141,0.18781949010038548,1.381854671823463,100.82555940408014
256.0,692.0,328.0,692.0,256.0,692.0,5184.0,96100.0,101284.0,72.0,310.0,318.2514728952562,0.22623618783281121,1.3425843850042392,103.07558109908989
252.0,692.0,330.0,692.0,252.0,692.0,6084.0,99856.0,105940.0,78.0,316.0,325.48425461149424,0.23964292863598782,1.328798280772768,103.86546668748062
253.0,697.0,336.0,697.0,253.0,697.0,6889.0,89401.0,96290.0,83.0,299.0,310.3063002905355,0.2674776500583077,1.300021979473568,105.51422730192162
247.0,700.0,342.0,700.0,247.0,700.0,9025.0,84681.0,93706.0,95.0,291.0,306.1143577161973,0.3103415361133625,1.2552440401283758,108.07981424169392
250.0,699.0,349.0,699.0,250.0,699.0,9801.0,85849.0,95650.0,99.0,293.0,309.2733418838423,0.3201051839675942,1.2449558156535576,108.6692860827842
243.0,707.0,351.0,707.0,243.0,707.0,11664.0,77284.0,88948.0,108.0,278.0,298.24151287169934,0.3621226265924307,1.2002522601905024,111.23061114004626
247.0,707.0,356.0,707.0,247.0,707.0,11881.0,78400.0,90281.0,109.0,280.0,300.46796834271703,0.36276745438526553,1.199560388676563,111.27025245776032
243.0,711.0,356.0,711.0,243.0,711.0,12769.0,83521.0,96290.0,113.0,289.0,310.3063002905355,0.3641563187540816,1.198069565322941,111.3556703439224
246.0,714.0,358.0,714.0,246.0,714.0,12544.0,85849.0,98393.0,112.0,293.0,313.676585036244,0.35705565969184117,1.205682458018936,110.91948372255591
243.0,719.0,360.0,719.0,243.0,719.0,13689.0,81225.0,94914.0,117.0,285.0,308.0811581385658,0.3797700602883895,1.1812486047348643,112.31944039297508
243.0,725.0,361.0,725.0,243.0,725.0,13924.0,78961.0,92885.0,118.0,281.0,304.77040538739976,0.3871767006051911,1.1732288386608831,112.77893914169641
244.0,734.0,362.0,734.0,244.0,734.0,13924.0,78400.0,92324.0,118.0,280.0,303.84864653310535,0.38835124443163677,1.1719545963372826,112.85194784891566
246.0,739.0,366.0,739.0,246.0,739.0,14400.0,78961.0,93361.0,120.0,281.0,305.5503231875234,0.3927339979488524,1.1671937533752752,113.12472405756324
246.0,745.0,362.0,745.0,246.0,745.0,13456.0,82944.0,96400.0,116.0,288.0,310.4834939252005,0.3736108433124819,1.1878976097489533,111.93848046770646
253.0,748.0,369.0,748.0,253.0,748.0,13456.0,81225.0,94681.0,116.0,285.0,307.7027786679867,0.37698717087363304,1.1842550199309034,112.14718549077804
247.0,756.0,373.0,756.0,247.0,756.0,15876.0,81796.0,97672.0,126.0,286.0,312.52519898401795,0.40316748988437073,1.1558208486830237,113.77634349723378
249.0,761.0,370.0,761.0,249.0,761.0,14641.0,82944.0,97585.0,121.0,288.0,312.385979198811,0.38734132789933023,1.173050278488002,112.78916988599163
250.0,771.0,371.0,771.0,250.0,771.0,14641.0,86436.0,101077.0,121.0,294.0,317.9260920402728,0.38059159983846974,1.1803603694941718,112.37033252348155
250.0,779.0,375.0,779.0,250.0,779.0,15625.0,82944.0,98569.0,125.0,288.0,313.95700342562833,0.3981436904929901,1.1613039874380584,113.46218278808568
249.0,782.0,382.0,782.0,249.0,782.0,17689.0,82944.0,100633.0,133.0,288.0,317.2270480271189,0.4192580702911253,1.1381683839007477,114.78775522726153
251.0,791.0,386.0,791.0,251.0,791.0,18225.0,78961.0,97186.0,135.0,281.0,311.746692043396,0.43304388930358756,1.1229293302520036,115.660888685108
253.0,800.0,387.0,800.0,253.0,800.0,17956.0,78400.0,96356.0,134.0,280.0,310.4126286090822,0.43168346790668993,1.1244380611522988,115.57444477210011
249.0,807.0,392.0,807.0,249.0,807.0,20449.0,71824.0,92273.0,143.0,268.0,303.7647115778921,0.47075909264507043,1.0806453522089645,118.08358216799797
251.0,815.0,397.0,815.0,251.0,815.0,21316.0,70225.0,91541.0,146.0,265.0,302.5574325644637,0.482553010721007,1.0672291078846503,118.85227634469753
254.0,820.0,399.0,820.0,254.0,820.0,21025.0,72361.0,93386.0,145.0,269.0,305.5912302406599,0.4744900561636185,1.076411695492999,118.32615282973002
251.0,827.0,403.0,827.0,251.0,827.0,23104.0,71824.0,94928.0,152.0,268.0,308.1038785864274,0.49334010560779706,1.054870813329612,119.56035446468073
253.0,835.0,409.0,835.0,253.0,835.0,24336.0,67600.0,91936.0,156.0,260.0,303.2094985319556,0.5144957554275266,1.0303768265243125,120.96375653207352
252.0,839.0,408.0,839.0,252.0,839.0,24336.0,73441.0,97777.0,156.0,271.0,312.69314031491,0.4988916605042695,1.0484768792891388,119.92669989968488
253.0,848.0,414.0,848.0,253.0,848.0,25921.0,73984.0,99905.0,161.0,272.0,316.07752213657966,0.5093687109152627,1.036345285224182,120.62178903837287
252.0,852.0,412.0,852.0,252.0,852.0,25600.0,77284.0,102884.0,160.0,278.0,320.7553584899245,0.49882253176769886,1.0485566415972907,119.92212985606355
250.0,860.0,413.0,860.0,250.0,860.0,26569.0,75625.0,102194.0,163.0,275.0,319.6779629564728,0.509888133959969,1.0357415819237121,120.6563786895679
251.0,865.0,413.0,865.0,251.0,865.0,26244.0,80089.0,106333.0,162.0,283.0,326.08741159388535,0.4967993066894514,1.05088946716451,119.78846879672167
251.0,876.0,410.0,876.0,251.0,876.0,25281.0,76176.0,101457.0,159.0,276.0,318.5231545743574,0.49917878093500534,1.0481455540000577,119.94568344039517
256.0,880.0,414.0,880.0,256.0,880.0,24964.0,72900.0,97864.0,158.0,270.0,312.8322234041755,0.5050630599388921,1.0413412994021303,120.33553851158891
255.0,888.0,416.0,888.0,255.0,888.0,25921.0,68644.0,94565.0,161.0,262.0,307.514227313144,0.5235530121864981,1.0197804579415806,121.57088373002908
258.0,893.0,413.0,893.0,258.0,893.0,24025.0,65025.0,89050.0,155.0,255.0,298.41246622753545,0.5194152977570804,1.0246297633611088,121.2930389959202
258.0,900.0,418.0,900.0,258.0,900.0,25600.0,64516.0,90116.0,160.0,254.0,300.1932710771512,0.5329899615200875,1.0086659526806026,122.20769797285907
258.0,909.0,422.0,909.0,258.0,909.0,26896.0,64009.0,90905.0,164.0,253.0,301.50456049618884,0.5439387043768217,0.9956724959843122,122.9521682028425
258.0,917.0,422.0,917.0,258.0,917.0,26896.0,61504.0,88400.0,164.0,248.0,297.3213749463701,0.5515916910769763,0.9865250492139878,123.47627829610266
261.0,921.0,424.0,921.0,261.0,921.0,26569.0,61504.0,88073.0,163.0,248.0,296.7709554521803,0.549245123235332,0.9893356859944347,123.31524067083882
262.0,926.0,428.0,926.0,262.0,926.0,27556.0,59536.0,87092.0,166.0,244.0,295.1135374732918,0.5624953752418872,0.9733955037205445,124.22854583980198
266.0,935.0,435.0,935.0,266.0,935.0,28561.0,58081.0,86642.0,169.0,241.0,294.35013164597024,0.5741461675419423,0.9592354057391567,125.03985969162721
265.0,940.0,437.0,940.0,265.0,940.0,29584.0,59049.0,88633.0,172.0,243.0,297.7129489961765,0.5777377187654977,0.9548420115873373,125.29158263426393
267.0,944.0,437.0,944.0,267.0,944.0,28900.0,60025.0,88925.0,170.0,245.0,298.2029510249689,0.5700815482062942,0.9641912182003698,124.75591255354136
269.0,950.0,441.0,950.0,269.0,950.0,29584.0,58564.0,88148.0,172.0,242.0,296.8972886369965,0.5793249267772768,0.9528960925591498,125.40307558185327
274.0,955.0,441.0,955.0,274.0,955.0,27889.0,58081.0,85970.0,167.0,241.0,293.20641193534635,0.569564624790076,0.9648202568318753,124.71987129480542
277.0,957.0,443.0,957.0,277.0,957.0,27556.0,62001.0,89557.0,166.0,249.0,299.2607558635111,0.5547001962252291,0.982793723247329,123.69006752597979
276.0,963.0,442.0,963.0,276.0,963.0,27556.0,64516.0,92072.0,166.0,254.0,303.43368303469543,0.5470717632261647,0.9919342365031245,123.16635469383932
282.0,965.0,444.0,965.0,282.0,965.0,26244.0,63504.0,89748.0,162.0,252.0,299.5797055876783,0.5407575913134987,0.9994588469612699,122.7352262721076
287.0,968.0,451.0,968.0,287.0,968.0,26896.0,64009.0,90905.0,164.0,253.0,301.50456049618884,0.5439387043768217,0.9956724959843122,122.9521682028425
286.0,971.0,455.0,971.0,286.0,971.0,28561.0,62001.0,90562.0,169.0,249.0,300.93520897362606,0.5615826761394714,0.9744989826105672,124.1653211566219
290.0,976.0,457.0,976.0,290.0,976.0,27889.0,58564.0,86453.0,167.0,242.0,294.02891014320346,0.5679713600906269,0.9667573622026241,124.60888333258939
295.0,978.0,465.0,978.0,295.0,978.0,28900.0,58081.0,86981.0,170.0,241.0,294.9254142999548,0.5764169235924205,0.9564592669908989,125.19892072524512
302.0,978.0,462.0,978.0,302.0,978.0,25600.0,56169.0,81769.0,160.0,237.0,285.95279330686736,0.5595329150301309,0.9769741963161364,124.02350185789984
305.0,980.0,465.0,980.0,305.0,980.0,25600.0,59536.0,85136.0,160.0,244.0,291.78073959739015,0.5483569622202409,0.9903981394010224,123.25436657471205
308.0,982.0,467.0,982.0,308.0,982.0,25281.0,59536.0,84817.0,159.0,244.0,291.23358322830836,0.5459535203237679,0.9932695304928073,123.08984798382131
311.0,978.0,471.0,978.0,311.0,978.0,25600.0,59536.0,85136.0,160.0,244.0,291.78073959739015,0.5483569622202409,0.9903981394010224,123.25436657471205
318.0,977.0,474.0,977.0,318.0,977.0,24336.0,60025.0,84361.0,156.0,245.0,290.4496514027862,0.537098251785003,1.003803048015315,122.48632188635452
325.0,979.0,477.0,979.0,325.0,979.0,23104.0,60516.0,83620.0,152.0,246.0,289.1712295509358,0.525640120685748,1.0173289312078038,121.71134586523797
330.0,977.0,479.0,977.0,330.0,977.0,22201.0,61504.0,83705.0,149.0,248.0,289.31816396486414,0.5150039595097635,1.0297840583661173,120.99771964576784
334.0,975.0,487.0,975.0,334.0,975.0,23409.0,59049.0,82458.0,153.0,243.0,287.1550104037887,0.5328132696861393,1.0088747645380813,122.19573393471325
336.0,972.0,487.0,972.0,336.0,972.0,22801.0,63504.0,86305.0,151.0,252.0,293.7771264070775,0.5139950882042605,1.030960597619703,120.93030891210591
346.0,974.0,489.0,974.0,346.0,974.0,20449.0,63001.0,83450.0,143.0,251.0,288.87713651308576,0.4950201380631668,1.052938318319427,119.67107827269442
347.0,970.0,490.0,970.0,347.0,970.0,20449.0,63001.0,83450.0,143.0,251.0,288.87713651308576,0.4950201380631668,1.052938318319427,119.67107827269442
354.0,969.0,493.0,969.0,354.0,969.0,19321.0,64516.0,83837.0,139.0,254.0,289.54619665953135,0.48006156393567107,1.0700714361967905,118.68942292842135
359.0,963.0,494.0,963.0,359.0,963.0,18225.0,69696.0,87921.0,135.0,264.0,296.5147551134682,0.45528931586672355,1.0980991910803073,117.08355086436866
364.0,965.0,500.0,965.0,364.0,965.0,18496.0,70756.0,89252.0,136.0,266.0,298.75073221667594,0.45522900978653613,1.0981669234020677,117.07967008819517
372.0,959.0,499.0,959.0,372.0,959.0,16129.0,71824.0,87953.0,127.0,268.0,296.56871041969345,0.42823128515572034,1.1282617188957098,115.35536532110014
377.0,961.0,499.0,961.0,377.0,961.0,14884.0,70756.0,85640.0,122.0,266.0,292.64312737530673,0.41689002265048364,1.1407751815377984,114.63839672461384
386.0,956.0,505.0,956.0,386.0,956.0,14161.0,75625.0,89786.0,119.0,275.0,299.64312106237315,0.39713910193596325,1.1623988581140425,113.39945131923916
388.0,954.0,503.0,954.0,388.0,954.0,13225.0,75625.0,88850.0,115.0,275.0,298.0771712157776,0.3858061304424809,1.174714885230589,112.69379494509236
391.0,955.0,501.0,955.0,391.0,955.0,12100.0,75076.0,87176.0,110.0,274.0,295.2558212804618,0.37255827682906756,1.189032088710714,111.87347961125118
400.0,953.0,501.0,953.0,400.0,953.0,10201.0,76176.0,86377.0,101.0,276.0,293.8996427354072,0.3436547219314879,1.2199904422987018,110.0996966099858
406.0,949.0,498.0,949.0,406.0,949.0,8464.0,78400.0,86864.0,92.0,280.0,294.72699231661835,0.3121532889704467,1.2533375915402656,108.18904569965132
410.0,946.0,499.0,946.0,410.0,946.0,7921.0,84100.0,92021.0,89.0,290.0,303.349633261687,0.2933908277489936,1.27302449154205,107.06106941785296
415.0,946.0,504.0,946.0,415.0,946.0,7921.0,84100.0,92021.0,89.0,290.0,303.349633261687,0.2933908277489936,1.27302449154205,107.06106941785296
424.0,941.0,504.0,941.0,424.0,941.0,6400.0,84681.0,91081.0,80.0,291.0,301.7962889102515,0.2650794689652081,1.3025099880932927,105.37167490861923
429.0,945.0,509.0,945.0,429.0,945.0,6400.0,84681.0,91081.0,80.0,291.0,301.7962889102515,0.2650794689652081,1.3025099880932927,105.37167490861923
432.0,943.0,503.0,943.0,432.0,943.0,5041.0,87025.0,92066.0,71.0,295.0,303.4237960345233,0.23399614970185684,1.3346104026930157,103.53245663143497
438.0,941.0,504.0,941.0,438.0,941.0,4356.0,88209.0,92565.0,66.0,297.0,304.2449670906653,0.2169304578186562,1.3521273809209546,102.52880770915151
440.0,942.0,506.0,942.0,440.0,942.0,4356.0,88209.0,92565.0,66.0,297.0,304.2449670906653,0.2169304578186562,1.3521273809209546,102.52880770915151
445.0,938.0,511.0,938.0,445.0,938.0,4356.0,90601.0,94957.0,66.0,301.0,308.1509370422229,0.21418075386529384,1.3549432833690966,102.36746838335242
453.0,938.0,514.0,938.0,453.0,938.0,3721.0,90601.0,94322.0,61.0,301.0,307.11886949518424,0.19862016326208345,1.370846494083639,101.45628152870191
458.0,938.0,523.0,938.0,458.0,938.0,4225.0,90601.0,94826.0,65.0,301.0,307.9383055093991,0.21108124204449136,1.3581153333048679,102.18572330962797
462.0,939.0,518.0,939.0,462.0,939.0,3136.0,89401.0,92537.0,56.0,299.0,304.19894805866767,0.18409005145277446,1.3856503154071191,100.60808504620073
471.0,939.0,527.0,939.0,471.0,939.0,3136.0,89401.0,92537.0,56.0,299.0,304.19894805866767,0.18409005145277446,1.3856503154071191,100.60808504620073
474.0,939.0,530.0,939.0,474.0,939.0,3136.0,89401.0,92537.0,56.0,299.0,304.19894805866767,0.18409005145277446,1.3856503154071191,100.60808504620073
479.0,938.0,526.0,938.0,479.0,938.0,2209.0,89401.0,91610.0,47.0,299.0,302.67143902258107,0.15528389514312094,1.4148814988287897,98.93326160596622
485.0,938.0,527.0,938.0,485.0,938.0,1764.0,89401.0,91165.0,42.0,299.0,301.93542355940946,0.13910259188828167,1.4312411882839622,97.99592044604016
485.0,940.0,527.0,940.0,485.0,940.0,1764.0,88209.0,89973.0,42.0,297.0,299.9549966244937,0.14002100472618156,1.4303136984044988,98.0490617016745
489.0,937.0,531.0,937.0,489.0,937.0,1764.0,90000.0,91764.0,42.0,300.0,302.9257334727441,0.1386478445344062,1.4317003853128254,97.96961039432135
491.0,935.0,532.0,935.0,491.0,935.0,1681.0,91204.0,92885.0,41.0,302.0,304.77040538739976,0.1345274976679054,1.4358597166270592,97.73129826441915
495.0,936.0,527.0,936.0,495.0,936.0,1024.0,90000.0,91024.0,32.0,300.0,301.7018395701292,0.10606498139220576,1.4645314639038178,96.08852815419517
499.0,937.0,531.0,937.0,499.0,937.0,1024.0,87025.0,88049.0,32.0,295.0,296.73051747334654,0.10784195799097193,1.4627442355667972,96.19092879493263
504.0,935.0,532.0,935.0,504.0,935.0,784.0,90601.0,91385.0,28.0,301.0,302.29952034364857,0.09262336892949784,1.478040006606753,95.31454566994475
504.0,935.0,532.0,935.0,504.0,935.0,784.0,90601.0,91385.0,28.0,301.0,302.29952034364857,0.09262336892949784,1.478040006606753,95.31454566994475
510.0,939.0,533.0,939.0,510.0,939.0,529.0,88209.0,88738.0,23.0,297.0,297.88924116187883,0.07720990496431306,1.4935095025119287,94.42820884338326
514.0,933.0,533.0,933.0,514.0,933.0,361.0,91809.0,92170.0,19.0,303.0,303.5951251255527,0.06258335008555388,1.508172051422747,93.58810667388923
517.0,935.0,540.0,935.0,517.0,935.0,529.0,90601.0,91130.0,23.0,301.0,301.8774585821207,0.07618985567199359,1.494532565562687,94.36959164839902
517.0,935.0,540.0,935.0,517.0,935.0,529.0,90601.0,91130.0,23.0,301.0,301.8774585821207,0.07618985567199359,1.494532565562687,94.36959164839902
522.0,937.0,540.0,937.0,522.0,937.0,324.0,92416.0,92740.0,18.0,304.0,304.53242848668845,0.05910700574466672,1.5116548504153005,93.3885569907235
522.0,937.0,540.0,937.0,522.0,937.0,324.0,92416.0,92740.0,18.0,304.0,304.53242848668845,0.05910700574466672,1.5116548504153005,93.3885569907235
521.0,938.0,540.0,938.0,521.0,938.0,361.0,88804.0,89165.0,19.0,298.0,298.60509037858014,0.063629189897303,1.5071241228448957,93.64814855863126
526.0,934.0,540.0,934.0,526.0,934.0,196.0,91204.0,91400.0,14.0,302.0,302.32432915661946,0.04630788411589358,1.5244718760942897,92.65419551340662
526.0,935.0,540.0,935.0,526.0,935.0,196.0,90601.0,90797.0,14.0,301.0,301.3254055004324,0.04646139935246817,1.5243181954438938,92.66300076606713
526.0,936.0,540.0,936.0,526.0,936.0,196.0,90000.0,90196.0,14.0,300.0,300.32648900821255,0.046615934699044036,1.5241634924748308,92.67186459327259
526.0,936.0,540.0,936.0,526.0,936.0,196.0,93025.0,93221.0,14.0,305.0,305.32114240582814,0.045853359153855834,1.5249268844047088,92.62812545757623
527.0,935.0,541.0,935.0,527.0,935.0,196.0,93636.0,93832.0,14.0,306.0,306.32009401931174,0.04570382509453454,1.5250765753986082,92.61954879539468
527.0,936.0,541.0,936.0,527.0,936.0,196.0,93025.0,93221.0,14.0,305.0,305.32114240582814,0.045853359153855834,1.5249268844047088,92.62812545757623
532.0,936.0,537.0,936.0,532.0,936.0,25.0,93025.0,93050.0,5.0,305.0,305.04098085339285,0.01639124023930107,1.5544043524868913,90.93919094573558
532.0,932.0,541.0,932.0,532.0,932.0,81.0,95481.0,95562.0,9.0,309.0,309.13104017552166,0.02911386703480144,1.5416783452878577,91.6683374482933
532.0,932.0,537.0,932.0,532.0,932.0,25.0,95481.0,95506.0,5.0,309.0,309.04045042680093,0.01617911180589706,1.5546165090552582,90.92703526977218
532.0,936.0,542.0,936.0,532.0,936.0,100.0,92416.0,92516.0,10.0,304.0,304.16442921551493,0.032876954171766504,1.5379134469893847,91.88405023109179
533.0,935.0,542.0,935.0,533.0,935.0,81.0,93025.0,93106.0,9.0,305.0,305.1327579923205,0.02949535821462509,1.5412966901953904,91.69020467432136
532.0,935.0,542.0,935.0,532.0,935.0,100.0,93636.0,93736.0,10.0,306.0,306.1633550900565,0.03266230211338828,1.5381282143929809,91.87174496528876
532.0,935.0,541.0,935.0,532.0,935.0,81.0,90601.0,90682.0,9.0,301.0,301.1345214351885,0.029886975286348958,1.5409049003889128,91.71265257668877
537.0,935.0,542.0,935.0,537.0,935.0,25.0,90601.0,90626.0,5.0,301.0,301.04152537482264,0.016609004335114797,1.5541865587410155,90.9516696081786
537.0,935.0,542.0,935.0,537.0,935.0,25.0,93025.0,93050.0,5.0,305.0,305.04098085339285,0.01639124023930107,1.5544043524868913,90.93919094573558
537.0,934.0,542.0,934.0,537.0,934.0,25.0,91204.0,91229.0,5.0,302.0,302.0413878924542,0.016554022728104783,1.5542415479080942,90.94851896098606
538.0,934.0,543.0,934.0,538.0,934.0,25.0,91204.0,91229.0,5.0,302.0,302.0413878924542,0.016554022728104783,1.5542415479080942,90.94851896098606
538.0,934.0,542.0,934.0,538.0,934.0,16.0,91204.0,91220.0,4.0,302.0,302.026488904533,0.013243871471367376,1.5575520681301676,90.75884012426854
538.0,934.0,542.0,934.0,538.0,934.0,16.0,91204.0,91220.0,4.0,302.0,302.026488904533,0.013243871471367376,1.5575520681301676,90.75884012426854
538.0,935.0,542.0,935.0,538.0,935.0,16.0,90601.0,90617.0,4.0,301.0,301.0265768997814,0.013287863288335804,1.5575080724417734,90.7613608915303
538.0,934.0,543.0,934.0,538.0,934.0,25.0,91204.0,91229.0,5.0,302.0,302.0413878924542,0.016554022728104783,1.5542415479080942,90.94851896098606
538.0,934.0,543.0,934.0,538.0,934.0,25.0,91204.0,91229.0,5.0,302.0,302.0413878924542,0.016554022728104783,1.5542415479080942,90.94851896098606
538.0,934.0,543.0,934.0,538.0,934.0,25.0,91204.0,91229.0,5.0,302.0,302.0413878924542,0.016554022728104783,1.5542415479080942,90.94851896098606
538.0,934.0,543.0,934.0,538.0,934.0,25.0,91204.0,91229.0,5.0,302.0,302.0413878924542,0.016554022728104783,1.5542415479080942,90.94851896098606
538.0,934.0,538.0,934.0,538.0,934.0,0.0,93636.0,93636.0,0.0,306.0,306.0,nan,nan,nan
543.0,934.0,543.0,934.0,543.0,934.0,0.0,93636.0,93636.0,0.0,306.0,306.0,nan,nan,nan
538.0,934.0,538.0,934.0,538.0,934.0,0.0,93636.0,93636.0,0.0,306.0,306.0,nan,nan,nan
538.0,934.0,538.0,934.0,538.0,934.0,0.0,93636.0,93636.0,0.0,306.0,306.0,nan,nan,nan
543.0,938.0,543.0,938.0,543.0,938.0,0.0,91204.0,91204.0,0.0,302.0,302.0,nan,nan,nan
543.0,934.0,543.0,934.0,543.0,934.0,0.0,93636.0,93636.0,0.0,306.0,306.0,nan,nan,nan
538.0,934.0,542.0,934.0,538.0,934.0,16.0,93636.0,93652.0,4.0,306.0,306.0261426741186,0.013070778741473481,1.5577251758447148,90.74892178282383
538.0,934.0,542.0,934.0,538.0,934.0,16.0,93636.0,93652.0,4.0,306.0,306.0261426741186,0.013070778741473481,1.5577251758447148,90.74892178282383
542.0,935.0,542.0,935.0,542.0,935.0,0.0,93025.0,93025.0,0.0,305.0,305.0,nan,nan,nan
537.0,944.0,542.0,944.0,537.0,944.0,25.0,88209.0,88234.0,5.0,297.0,297.0420845604205,0.01683263167035499,1.5539629001372435,90.96448430222654
537.0,944.0,542.0,944.0,537.0,944.0,25.0,88209.0,88234.0,5.0,297.0,297.0420845604205,0.01683263167035499,1.5539629001372435,90.96448430222654
537.0,944.0,542.0,944.0,537.0,944.0,25.0,88209.0,88234.0,5.0,297.0,297.0420845604205,0.01683263167035499,1.5539629001372435,90.96448430222654
537.0,945.0,542.0,945.0,537.0,945.0,25.0,87616.0,87641.0,5.0,296.0,296.04222671774374,0.016889482474968555,1.553906041249692,90.96774207651104
537.0,941.0,542.0,941.0,537.0,941.0,25.0,90000.0,90025.0,5.0,300.0,300.04166377354994,0.016664352333993333,1.554131203080956,90.95484125387217
537.0,945.0,542.0,945.0,537.0,945.0,25.0,87616.0,87641.0,5.0,296.0,296.04222671774374,0.016889482474968555,1.553906041249692,90.96774207651104
537.0,945.0,541.0,945.0,537.0,945.0,16.0,87616.0,87632.0,4.0,296.0,296.0270257932542,0.013512279797026393,1.5572836357815685,90.77422016492805
537.0,944.0,541.0,944.0,537.0,944.0,16.0,88209.0,88225.0,4.0,297.0,297.0269348055829,0.013466792170272957,1.5573291275475274,90.77161367873602
537.0,945.0,541.0,945.0,537.0,945.0,16.0,87616.0,87632.0,4.0,296.0,296.0270257932542,0.013512279797026393,1.5572836357815685,90.77422016492805
537.0,940.0,541.0,940.0,537.0,940.0,16.0,90601.0,90617.0,4.0,301.0,301.0265768997814,0.013287863288335804,1.5575080724417734,90.7613608915303
537.0,945.0,542.0,945.0,537.0,945.0,25.0,87616.0,87641.0,5.0,296.0,296.04222671774374,0.016889482474968555,1.553906041249692,90.96774207651104
537.0,945.0,542.0,945.0,537.0,945.0,25.0,87616.0,87641.0,5.0,296.0,296.04222671774374,0.016889482474968555,1.553906041249692,90.96774207651104
537.0,945.0,541.0,945.0,537.0,945.0,16.0,87616.0,87632.0,4.0,296.0,296.0270257932542,0.013512279797026393,1.5572836357815685,90.77422016492805
537.0,945.0,541.0,945.0,537.0,945.0,16.0,87616.0,87632.0,4.0,296.0,296.0270257932542,0.013512279797026393,1.5572836357815685,90.77422016492805
537.0,945.0,541.0,945.0,537.0,945.0,16.0,87616.0,87632.0,4.0,296.0,296.0270257932542,0.013512279797026393,1.5572836357815685,90.77422016492805
536.0,941.0,541.0,941.0,536.0,941.0,25.0,90000.0,90025.0,5.0,300.0,300.04166377354994,0.016664352333993333,1.554131203080956,90.95484125387217
537.0,941.0,541.0,941.0,537.0,941.0,16.0,90000.0,90016.0,4.0,300.0,300.0266654815868,0.013332148306149432,1.557463783500751,90.76389846093
537.0,941.0,541.0,941.0,537.0,941.0,16.0,90000.0,90016.0,4.0,300.0,300.0266654815868,0.013332148306149432,1.557463783500751,90.76389846093
536.0,941.0,541.0,941.0,536.0,941.0,25.0,90000.0,90025.0,5.0,300.0,300.04166377354994,0.016664352333993333,1.554131203080956,90.95484125387217
536.0,945.0,541.0,945.0,536.0,945.0,25.0,87616.0,87641.0,5.0,296.0,296.04222671774374,0.016889482474968555,1.553906041249692,90.96774207651104
536.0,945.0,541.0,945.0,536.0,945.0,25.0,87616.0,87641.0,5.0,296.0,296.04222671774374,0.016889482474968555,1.553906041249692,90.96774207651104
536.0,945.0,541.0,945.0,536.0,945.0,25.0,87616.0,87641.0,5.0,296.0,296.04222671774374,0.016889482474968555,1.553906041249692,90.96774207651104
537.0,945.0,541.0,945.0,537.0,945.0,16.0,87616.0,87632.0,4.0,296.0,296.0270257932542,0.013512279797026393,1.5572836357815685,90.77422016492805
537.0,945.0,542.0,945.0,537.0,945.0,25.0,87616.0,87641.0,5.0,296.0,296.04222671774374,0.016889482474968555,1.553906041249692,90.96774207651104
537.0,945.0,542.0,945.0,537.0,945.0,25.0,87616.0,87641.0,5.0,296.0,296.04222671774374,0.016889482474968555,1.553906041249692,90.96774207651104
537.0,945.0,542.0,945.0,537.0,945.0,25.0,87616.0,87641.0,5.0,296.0,296.04222671774374,0.016889482474968555,1.553906041249692,90.96774207651104
537.0,945.0,542.0,945.0,537.0,945.0,25.0,87616.0,87641.0,5.0,296.0,296.04222671774374,0.016889482474968555,1.553906041249692,90.96774207651104
537.0,945.0,542.0,945.0,537.0,945.0,25.0,87616.0,87641.0,5.0,296.0,296.04222671774374,0.016889482474968555,1.553906041249692,90.96774207651104
537.0,944.0,542.0,944.0,537.0,944.0,25.0,88209.0,88234.0,5.0,297.0,297.0420845604205,0.01683263167035499,1.5539629001372435,90.96448430222654
537.0,945.0,541.0,945.0,537.0,945.0,16.0,87616.0,87632.0,4.0,296.0,296.0270257932542,0.013512279797026393,1.5572836357815685,90.77422016492805
537.0,944.0,542.0,944.0,537.0,944.0,25.0,88209.0,88234.0,5.0,297.0,297.0420845604205,0.01683263167035499,1.5539629001372435,90.96448430222654
537.0,944.0,542.0,944.0,537.0,944.0,25.0,88209.0,88234.0,5.0,297.0,297.0420845604205,0.01683263167035499,1.5539629001372435,90.96448430222654
533.0,944.0,542.0,944.0,533.0,944.0,81.0,88209.0,88290.0,9.0,297.0,297.1363323459452,0.03028912664076913,1.5405025668761214,91.73570458892839
537.0,944.0,542.0,944.0,537.0,944.0,25.0,88209.0,88234.0,5.0,297.0,297.0420845604205,0.01683263167035499,1.5539629001372435,90.96448430222654
537.0,944.0,542.0,944.0,537.0,944.0,25.0,88209.0,88234.0,5.0,297.0,297.0420845604205,0.01683263167035499,1.5539629001372435,90.96448430222654
537.0,944.0,542.0,944.0,537.0,944.0,25.0,88209.0,88234.0,5.0,297.0,297.0420845604205,0.01683263167035499,1.5539629001372435,90.96448430222654
537.0,939.0,542.0,939.0,537.0,939.0,25.0,91204.0,91229.0,5.0,302.0,302.0413878924542,0.016554022728104783,1.5542415479080942,90.94851896098606
537.0,940.0,542.0,940.0,537.0,940.0,25.0,90601.0,90626.0,5.0,301.0,301.04152537482264,0.016609004335114797,1.5541865587410155,90.9516696081786
538.0,940.0,542.0,940.0,538.0,940.0,16.0,90601.0,90617.0,4.0,301.0,301.0265768997814,0.013287863288335804,1.5575080724417734,90.7613608915303
538.0,940.0,538.0,940.0,538.0,940.0,0.0,90601.0,90601.0,0.0,301.0,301.0,nan,nan,nan
538.0,943.0,543.0,943.0,538.0,943.0,25.0,88804.0,88829.0,5.0,298.0,298.04194335697116,0.016776162253147684,1.5540193775292834,90.96124838602474
533.0,943.0,538.0,943.0,533.0,943.0,25.0,88804.0,88829.0,5.0,298.0,298.04194335697116,0.016776162253147684,1.5540193775292834,90.96124838602474
538.0,943.0,542.0,943.0,538.0,943.0,16.0,88804.0,88820.0,4.0,298.0,298.0268444284843,0.013421609746835593,1.5573743140548055,90.76902468257803
538.0,943.0,538.0,943.0,538.0,943.0,0.0,88804.0,88804.0,0.0,298.0,298.0,nan,nan,nan
538.0,943.0,542.0,943.0,538.0,943.0,16.0,88804.0,88820.0,4.0,298.0,298.0268444284843,0.013421609746835593,1.5573743140548055,90.76902468257803
538.0,943.0,542.0,943.0,538.0,943.0,16.0,88804.0,88820.0,4.0,298.0,298.0268444284843,0.013421609746835593,1.5573743140548055,90.76902468257803
538.0,943.0,543.0,943.0,538.0,943.0,25.0,88804.0,88829.0,5.0,298.0,298.04194335697116,0.016776162253147684,1.5540193775292834,90.96124838602474
538.0,943.0,543.0,943.0,538.0,943.0,25.0,88804.0,88829.0,5.0,298.0,298.04194335697116,0.016776162253147684,1.5540193775292834,90.96124838602474
538.0,943.0,543.0,943.0,538.0,943.0,25.0,88804.0,88829.0,5.0,298.0,298.04194335697116,0.016776162253147684,1.5540193775292834,90.96124838602474
543.0,938.0,538.0,938.0,543.0,938.0,25.0,91809.0,91834.0,5.0,303.0,303.0412513173743,0.016499403887306134,1.5542961742095116,89.05461089553557
543.0,938.0,538.0,938.0,543.0,938.0,25.0,91809.0,91834.0,5.0,303.0,303.0412513173743,0.016499403887306134,1.5542961742095116,89.05461089553557
543.0,938.0,538.0,938.0,543.0,938.0,25.0,91809.0,91834.0,5.0,303.0,303.0412513173743,0.016499403887306134,1.5542961742095116,89.05461089553557
543.0,938.0,539.0,938.0,543.0,938.0,16.0,91809.0,91825.0,4.0,303.0,303.0264014900352,0.013200169953282229,1.557595773468747,89.24366400717425
543.0,938.0,538.0,938.0,543.0,938.0,25.0,91809.0,91834.0,5.0,303.0,303.0412513173743,0.016499403887306134,1.5542961742095116,89.05461089553557
543.0,943.0,543.0,943.0,543.0,943.0,0.0,88804.0,88804.0,0.0,298.0,298.0,nan,nan,nan
543.0,943.0,543.0,943.0,543.0,943.0,0.0,88804.0,88804.0,0.0,298.0,298.0,nan,nan,nan
543.0,943.0,543.0,943.0,543.0,943.0,0.0,91809.0,91809.0,0.0,303.0,303.0,nan,nan,nan
543.0,942.0,543.0,942.0,543.0,942.0,0.0,92416.0,92416.0,0.0,304.0,304.0,nan,nan,nan
543.0,942.0,543.0,942.0,543.0,942.0,0.0,91809.0,91809.0,0.0,303.0,303.0,nan,nan,nan
543.0,938.0,543.0,938.0,543.0,938.0,0.0,97344.0,97344.0,0.0,312.0,312.0,nan,nan,nan
542.0,943.0,542.0,943.0,542.0,943.0,0.0,94249.0,94249.0,0.0,307.0,307.0,nan,nan,nan
542.0,939.0,542.0,939.0,542.0,939.0,0.0,96721.0,96721.0,0.0,311.0,311.0,nan,nan,nan
542.0,938.0,542.0,938.0,542.0,938.0,0.0,97344.0,97344.0,0.0,312.0,312.0,nan,nan,nan
538.0,939.0,538.0,939.0,538.0,939.0,0.0,93636.0,93636.0,0.0,306.0,306.0,nan,nan,nan
538.0,940.0,538.0,940.0,538.0,940.0,0.0,93025.0,93025.0,0.0,305.0,305.0,nan,nan,nan
537.0,941.0,542.0,941.0,537.0,941.0,25.0,92416.0,92441.0,5.0,304.0,304.04111564063174,0.016445144234735223,1.554350441224881,90.94227983351699
535.0,942.0,540.0,942.0,535.0,942.0,25.0,95481.0,95506.0,5.0,309.0,309.04045042680093,0.01617911180589706,1.5546165090552582,90.92703526977218
534.0,940.0,543.0,940.0,534.0,940.0,81.0,91204.0,91285.0,9.0,302.0,302.1340761979688,0.029788099751127995,1.5410038199669729,91.70698490235472
532.0,941.0,540.0,941.0,532.0,941.0,64.0,96100.0,96164.0,8.0,310.0,310.1032086257735,0.02579786270336288,1.544995601693472,91.47827265668887
528.0,944.0,536.0,944.0,528.0,944.0,64.0,94249.0,94313.0,8.0,307.0,307.1042168385188,0.026049788838316573,1.544743590862341,91.49271181370426
528.0,942.0,537.0,942.0,528.0,942.0,81.0,93025.0,93106.0,9.0,305.0,305.1327579923205,0.02949535821462509,1.5412966901953904,91.69020467432136
522.0,940.0,540.0,940.0,522.0,940.0,324.0,88209.0,88533.0,18.0,297.0,297.5449545866977,0.06049506040189035,1.5102643070127895,93.46822925891715
518.0,943.0,541.0,943.0,518.0,943.0,529.0,86436.0,86965.0,23.0,294.0,294.89828755013144,0.07799299274021758,1.4927240461410756,94.47321217842482
513.0,945.0,536.0,945.0,513.0,945.0,529.0,85264.0,85793.0,23.0,292.0,292.90442127083026,0.0785239085849556,1.4921914970174508,94.5037249955919
502.0,945.0,534.0,945.0,502.0,945.0,1024.0,87616.0,88640.0,32.0,296.0,297.7247050548543,0.10748184298009181,1.463106455962076,96.1701750950296
497.0,941.0,530.0,941.0,497.0,941.0,1089.0,90000.0,91089.0,33.0,300.0,301.8095425926755,0.10934047915289763,1.4612368000209524,96.27729848959754
492.0,943.0,529.0,943.0,492.0,943.0,1369.0,86436.0,87805.0,37.0,294.0,296.31908477180474,0.1248653964644015,1.4456041620795441,97.17298266629632
484.0,944.0,529.0,944.0,484.0,944.0,2025.0,85264.0,87289.0,45.0,292.0,295.447118787779,0.15231152087261918,1.4178896643857544,98.76090641547552
477.0,947.0,527.0,947.0,477.0,947.0,2500.0,84100.0,86600.0,50.0,290.0,294.27877939124323,0.1699069165076462,1.4000611153196139,99.78240703180728
469.0,947.0,528.0,947.0,469.0,947.0,3481.0,84681.0,88162.0,59.0,291.0,296.9208648781692,0.19870614355177946,1.3707587651662194,101.4613080254113
457.0,949.0,530.0,949.0,457.0,949.0,5329.0,82944.0,88273.0,73.0,288.0,297.1077245714086,0.24570212741962807,1.322552369150651,104.22333106263963
446.0,952.0,528.0,952.0,446.0,952.0,6724.0,79524.0,86248.0,82.0,282.0,293.6800980659057,0.2792153793873976,1.2878194334220792,106.21338168998595
439.0,953.0,525.0,953.0,439.0,953.0,7396.0,78400.0,85796.0,86.0,280.0,292.9095423505352,0.29360600310207974,1.2727994031986751,107.07396602994594
426.0,954.0,522.0,954.0,426.0,954.0,9216.0,77284.0,86500.0,96.0,278.0,294.10882339705483,0.32640979244066204,1.2382934986071532,109.05100873132123
421.0,955.0,521.0,955.0,421.0,955.0,10000.0,78961.0,88961.0,100.0,281.0,298.2633064927699,0.3352742285864254,1.2289000358736695,109.58921450096328
410.0,957.0,515.0,957.0,410.0,957.0,11025.0,77841.0,88866.0,105.0,279.0,298.104008694952,0.3522260584809709,1.2108478007674905,110.62353138332523
398.0,960.0,512.0,960.0,398.0,960.0,12996.0,73441.0,86437.0,114.0,271.0,294.0017006753532,0.3877528590417329,1.1726038596678938,112.81474780027904
389.0,960.0,509.0,960.0,389.0,960.0,14400.0,71289.0,85689.0,120.0,267.0,292.72683512107324,0.4099385010273056,1.1484096903475696,114.2009715911585
380.0,962.0,499.0,962.0,380.0,962.0,14161.0,72900.0,87061.0,119.0,270.0,295.0610106401725,0.4033064203969691,1.1556690279194473,113.78504218622918
371.0,960.0,498.0,960.0,371.0,960.0,16129.0,74529.0,90658.0,127.0,273.0,301.09466949781756,0.4217942490042008,1.1353730187272384,114.94791785390146
367.0,960.0,488.0,960.0,367.0,960.0,14641.0,75076.0,89717.0,121.0,274.0,299.5279619668254,0.4039689623815539,1.15494487411806,113.82653314276702
359.0,959.0,476.0,959.0,359.0,959.0,13689.0,78961.0,92650.0,117.0,281.0,304.38462510448846,0.38438209538289425,1.1762579237943294,112.60538534776411
350.0,956.0,465.0,956.0,350.0,956.0,13225.0,76176.0,89401.0,115.0,276.0,299.0,0.38461538461538464,1.176005207095135,112.61986494804043
341.0,948.0,453.0,948.0,341.0,948.0,12544.0,86436.0,98980.0,112.0,294.0,314.61087075941924,0.3559953275919879,1.2068173702852525,110.85445803957835
334.0,945.0,447.0,945.0,334.0,945.0,12769.0,84100.0,96869.0,113.0,290.0,311.23785116852355,0.3630663801839924,1.1992395913993736,111.28863278782255
331.0,938.0,445.0,938.0,331.0,938.0,12996.0,86436.0,99432.0,114.0,294.0,315.3284002433019,0.36152785449087227,1.200890259338339,111.19405648154228
326.0,932.0,435.0,932.0,326.0,932.0,11881.0,86436.0,98317.0,109.0,294.0,313.5554177493988,0.34762595008680564,1.2157583752835601,110.34217618856995
319.0,925.0,431.0,925.0,319.0,925.0,12544.0,90601.0,103145.0,112.0,301.0,321.16195291472496,0.34873371202141834,1.2145766713987465,110.40988283380398
314.0,915.0,430.0,915.0,314.0,915.0,13456.0,87025.0,100481.0,116.0,295.0,316.98738145232215,0.36594516623510287,1.1961481134822551,111.46576142493133
314.0,904.0,428.0,904.0,314.0,904.0,12996.0,90000.0,102996.0,114.0,300.0,320.92989888759195,0.35521776062357263,1.2076493168487203,110.80679101271123
305.0,897.0,418.0,897.0,305.0,897.0,12769.0,88804.0,101573.0,113.0,298.0,318.70519292913946,0.3545596447972666,1.2083532529089007,110.76645844741583
302.0,883.0,410.0,883.0,302.0,883.0,11664.0,91809.0,103473.0,108.0,303.0,321.67219338948155,0.33574552671773317,1.2283997388640362,109.61787940811828
299.0,876.0,409.0,876.0,299.0,876.0,12100.0,83521.0,95621.0,110.0,289.0,309.2264542370203,0.35572635682613896,1.207105181473161,110.83796767321454
298.0,864.0,398.0,864.0,298.0,864.0,10000.0,82369.0,92369.0,100.0,287.0,303.92268753747226,0.32903104671207034,1.235519022026315,109.20997452976115
295.0,856.0,395.0,856.0,295.0,856.0,10000.0,77284.0,87284.0,100.0,278.0,295.4386569154416,0.33847974074909676,1.2254955232777356,109.78427870400941
293.0,843.0,391.0,843.0,293.0,843.0,9604.0,78400.0,88004.0,98.0,280.0,296.65468140583926,0.3303504247281061,1.2341215074081695,109.29004621918872
287.0,833.0,384.0,833.0,287.0,833.0,9409.0,75625.0,85034.0,97.0,275.0,291.6058984314275,0.3326407336812154,1.2316939348989533,109.4291358784288
288.0,826.0,377.0,826.0,288.0,826.0,7921.0,79524.0,87445.0,89.0,282.0,295.71100757327247,0.30096951997279714,1.2650871770448981,107.51584403920778
284.0,814.0,367.0,814.0,284.0,814.0,6889.0,87616.0,94505.0,83.0,296.0,307.4166553718259,0.26999187763463894,1.29741173098062,105.66378352404793
283.0,808.0,361.0,808.0,283.0,808.0,6084.0,90601.0,96685.0,78.0,301.0,310.94211679989576,0.2508505467279502,1.317237531013174,104.52784885671224
277.0,794.0,350.0,794.0,277.0,794.0,5329.0,91809.0,97138.0,73.0,303.0,311.66969695496545,0.23422232162194484,1.334377765864457,103.54578573987068
279.0,784.0,343.0,784.0,279.0,784.0,4096.0,97344.0,101440.0,64.0,312.0,318.4964677983101,0.20094414372133132,1.368474698416593,101.59217541029106
275.0,776.0,335.0,776.0,275.0,776.0,3600.0,98596.0,102196.0,60.0,314.0,319.6810910892291,0.18768704709923822,1.3819895128065995,100.81783358484101
280.0,762.0,328.0,762.0,280.0,762.0,2304.0,93025.0,95329.0,48.0,305.0,308.7539473431878,0.1554635994552866,1.414699585314622,98.94368448256442
275.0,757.0,323.0,757.0,275.0,757.0,2304.0,102400.0,104704.0,48.0,320.0,323.57997465850696,0.14834045293024462,1.4219063791853994,98.53076560994813
275.0,745.0,322.0,745.0,275.0,745.0,2209.0,103041.0,105250.0,47.0,321.0,324.4225639501667,0.14487278390173716,1.4254119280019264,98.32991245788405
269.0,743.0,321.0,743.0,269.0,743.0,2704.0,99856.0,102560.0,52.0,316.0,320.24990241996954,0.16237319545474274,1.407701034584656,99.34467190209968
273.0,732.0,325.0,732.0,273.0,732.0,2704.0,101761.0,104465.0,52.0,319.0,323.21045775160184,0.16088588333971468,1.4092081633272193,99.25831978596794
272.0,728.0,322.0,728.0,272.0,728.0,2500.0,103684.0,106184.0,50.0,322.0,325.8588651548397,0.15344066203704876,1.4167470926412256,98.82637095422793
269.0,721.0,315.0,721.0,269.0,721.0,2116.0,107584.0,109700.0,46.0,328.0,331.2099032335839,0.13888473608700874,1.4314611794807652,97.98331587893331
266.0,711.0,312.0,711.0,266.0,711.0,2116.0,104976.0,107092.0,46.0,324.0,327.2491405641885,0.1405656861946053,1.4297635762106056,98.08058138160106
266.0,704.0,307.0,704.0,266.0,704.0,1681.0,112896.0,114577.0,41.0,336.0,338.49224511057855,0.12112537463481958,1.4493728005823123,96.9570555855772
265.0,701.0,311.0,701.0,265.0,701.0,2116.0,110889.0,113005.0,46.0,333.0,336.1621632486321,0.13683871960919497,1.4335269211085822,97.86495760209492
266.0,694.0,301.0,694.0,266.0,694.0,1225.0,115600.0,116825.0,35.0,340.0,341.796723214252,0.10240004547398948,1.468216474376602,95.87739260664313
267.0,689.0,302.0,689.0,267.0,689.0,1225.0,116964.0,118189.0,35.0,342.0,343.78627081371354,0.10180743959657816,1.4688121936372243,95.84326040723482
265.0,688.0,294.0,688.0,265.0,688.0,841.0,121801.0,122642.0,29.0,349.0,350.202798389733,0.0828091612441273,1.4878922303063262,94.75005483314042
265.0,682.0,300.0,682.0,265.0,682.0,1225.0,121104.0,122329.0,35.0,348.0,349.75562897543193,0.1000698690755268,1.4705586843224638,95.74319386201168
265.0,680.0,294.0,680.0,265.0,680.0,841.0,122500.0,123341.0,29.0,350.0,351.1993735757511,0.08257417917559273,1.4881280199125786,94.73654508384912
267.0,679.0,290.0,679.0,267.0,679.0,529.0,122500.0,123029.0,23.0,350.0,350.75490017959834,0.06557285440124493,1.505176389550733,93.75974545600388
266.0,675.0,295.0,675.0,266.0,675.0,841.0,121801.0,122642.0,29.0,349.0,350.202798389733,0.0828091612441273,1.4878922303063262,94.75005483314042
268.0,677.0,302.0,677.0,268.0,677.0,1156.0,116281.0,117437.0,34.0,341.0,342.6908227542722,0.09921479579387464,1.4714180343420322,95.69395673276593
264.0,673.0,305.0,673.0,264.0,673.0,1681.0,123201.0,124882.0,41.0,351.0,353.3864739912947,0.11602028661971367,1.4545141649460467,96.66247710659626
267.0,674.0,296.0,674.0,267.0,674.0,841.0,118336.0,119177.0,29.0,344.0,345.2202195700594,0.08400434956016446,1.48669286282431,94.8187735279452
261.0,677.0,303.0,677.0,261.0,677.0,1764.0,121104.0,122868.0,42.0,348.0,350.5253200554847,0.11982016019085814,1.4506875912279837,96.88172363063694
269.0,673.0,304.0,673.0,269.0,673.0,1225.0,116964.0,118189.0,35.0,342.0,343.78627081371354,0.10180743959657816,1.4688121936372243,95.84326040723482
266.0,673.0,302.0,673.0,266.0,673.0,1296.0,113569.0,114865.0,36.0,337.0,338.91739406527955,0.10622057359813751,1.4643749877481493,96.09749357750941
269.0,673.0,300.0,673.0,269.0,673.0,961.0,112225.0,113186.0,31.0,335.0,336.4312708414603,0.09214363433715538,1.478521801600102,95.28694085023531
269.0,676.0,299.0,676.0,269.0,676.0,900.0,111556.0,112456.0,30.0,334.0,335.3445988829998,0.08946021525298777,1.48121635278126,95.13255443987296
268.0,674.0,298.0,674.0,268.0,674.0,900.0,115600.0,116500.0,30.0,340.0,341.32096331752024,0.08789381029635715,1.4827889532671559,95.04245106917091
267.0,678.0,299.0,678.0,267.0,678.0,1024.0,114921.0,115945.0,32.0,339.0,340.50697496527147,0.09397751691654394,1.476679925840492,95.39247255764842
273.0,674.0,304.0,674.0,273.0,674.0,961.0,112896.0,113857.0,31.0,336.0,337.42702914852566,0.0918717154290408,1.478794878821316,95.27129467797857
269.0,679.0,300.0,679.0,269.0,679.0,961.0,110889.0,111850.0,31.0,333.0,334.43983016381287,0.0926923087624336,1.4779707689138635,95.31851269753054
271.0,673.0,302.0,673.0,271.0,673.0,961.0,113569.0,114530.0,31.0,337.0,338.42281246984516,0.09160138991150966,1.4790663490448717,95.25574057990538
272.0,673.0,304.0,673.0,272.0,673.0,1024.0,113569.0,114593.0,32.0,337.0,338.51587850498237,0.09453027769723663,1.4761246932637502,95.4242850409439
268.0,678.0,300.0,678.0,268.0,678.0,1024.0,119716.0,120740.0,32.0,346.0,347.476617918386,0.0920925275251644,1.478573126641545,95.28400014197729
267.0,678.0,304.0,678.0,267.0,678.0,1369.0,116281.0,117650.0,37.0,341.0,343.0014577228499,0.1078712616722945,1.462714759938238,96.19261762404757
267.0,680.0,297.0,680.0,267.0,680.0,900.0,114921.0,115821.0,30.0,339.0,340.3248448174185,0.08815107229710117,1.482530688810088,95.05724853255914
266.0,681.0,303.0,681.0,266.0,681.0,1369.0,114921.0,116290.0,37.0,339.0,341.0131962256006,0.10850020002018422,1.462082108357231,96.22886588954155
269.0,677.0,299.0,677.0,269.0,677.0,900.0,113569.0,114469.0,30.0,337.0,338.3326765182459,0.08867012287647638,1.4820095976923537,95.08710485434706
269.0,677.0,300.0,677.0,269.0,677.0,961.0,113569.0,114530.0,31.0,337.0,338.42281246984516,0.09160138991150966,1.4790663490448717,95.25574057990538
264.0,681.0,295.0,681.0,264.0,681.0,961.0,114921.0,115882.0,31.0,339.0,340.414453277178,0.09106546358875856,1.4796045247507,95.22490538332494
270.0,677.0,295.0,677.0,270.0,677.0,625.0,116964.0,117589.0,25.0,342.0,342.9125252888847,0.07290489018719538,1.4978266985704694,94.18085172989836
269.0,678.0,294.0,678.0,269.0,678.0,625.0,116281.0,116906.0,25.0,341.0,341.915194163699,0.07311754618319398,1.497613473501844,94.19306862641699
274.0,678.0,299.0,678.0,274.0,678.0,625.0,112225.0,112850.0,25.0,335.0,335.9315406448165,0.07441992482162528,1.4963075365810148,94.26789330029081
273.0,680.0,292.0,680.0,273.0,680.0,361.0,114921.0,115282.0,19.0,339.0,339.532030889576,0.05595937429001878,1.5148077055943054,93.20791169555055
273.0,681.0,291.0,681.0,273.0,681.0,324.0,118336.0,118660.0,18.0,344.0,344.4706083252967,0.0522540953131244,1.518518422330418,92.99530328760275
273.0,680.0,292.0,680.0,273.0,680.0,361.0,114921.0,115282.0,19.0,339.0,339.532030889576,0.05595937429001878,1.5148077055943054,93.20791169555055
272.0,680.0,291.0,680.0,272.0,680.0,361.0,114921.0,115282.0,19.0,339.0,339.532030889576,0.05595937429001878,1.5148077055943054,93.20791169555055
272.0,681.0,291.0,681.0,272.0,681.0,361.0,114244.0,114605.0,19.0,338.0,338.53360246805636,0.05612441382917909,1.5146424062735382,93.2173826489869
272.0,677.0,290.0,677.0,272.0,677.0,324.0,121104.0,121428.0,18.0,348.0,348.4652062975585,0.0516550854280401,1.5191182423124667,92.96093613416375
272.0,676.0,290.0,676.0,272.0,676.0,324.0,113569.0,113893.0,18.0,337.0,337.4803697994892,0.05333643557014747,1.5174345704340109,93.05740342688412
272.0,677.0,290.0,677.0,272.0,677.0,324.0,117649.0,117973.0,18.0,343.0,343.4719784785944,0.05240602182376221,1.5183662873709778,93.00401997869507
272.0,675.0,291.0,675.0,272.0,675.0,361.0,114921.0,115282.0,19.0,339.0,339.532030889576,0.05595937429001878,1.5148077055943054,93.20791169555055
272.0,677.0,290.0,677.0,272.0,677.0,324.0,117649.0,117973.0,18.0,343.0,343.4719784785944,0.05240602182376221,1.5183662873709778,93.00401997869507
273.0,681.0,291.0,681.0,273.0,681.0,324.0,110889.0,111213.0,18.0,333.0,333.4861316456803,0.053975258015000444,1.5167948264189284,93.0940580589171
273.0,677.0,292.0,677.0,273.0,677.0,361.0,112896.0,113257.0,19.0,336.0,336.53677362214074,0.05645742602064926,1.5143088652208576,93.23649314359984
272.0,677.0,291.0,677.0,272.0,677.0,361.0,113569.0,113930.0,19.0,337.0,337.53518335130633,0.05629042818989574,1.5144761290471744,93.22690963228668
272.0,682.0,291.0,682.0,272.0,682.0,361.0,109561.0,109922.0,19.0,331.0,331.5448687583628,0.05730747717844374,1.5134574354723986,93.28527647473842
272.0,680.0,291.0,680.0,272.0,680.0,361.0,111556.0,111917.0,19.0,334.0,334.53998266276034,0.05679440719991107,1.5139713424730938,93.25583177253637
272.0,681.0,285.0,681.0,272.0,681.0,169.0,110224.0,110393.0,13.0,332.0,332.2544205875973,0.03912664270052236,1.5316596940858418,92.2423638785825
272.0,676.0,291.0,676.0,272.0,676.0,361.0,114244.0,114605.0,19.0,338.0,338.53360246805636,0.05612441382917909,1.5146424062735382,93.2173826489869
272.0,681.0,291.0,681.0,272.0,681.0,361.0,110889.0,111250.0,19.0,333.0,333.54160160315837,0.056964408363685465,1.5138010656404546,93.26558791639546
272.0,680.0,291.0,680.0,272.0,680.0,361.0,110889.0,111250.0,19.0,333.0,333.54160160315837,0.056964408363685465,1.5138010656404546,93.26558791639546
271.0,679.0,290.0,679.0,271.0,679.0,361.0,111556.0,111917.0,19.0,334.0,334.53998266276034,0.05679440719991107,1.5139713424730938,93.25583177253637
271.0,678.0,290.0,678.0,271.0,678.0,361.0,112225.0,112586.0,19.0,335.0,335.538373364359,0.05662541607236088,1.5141406059969693,93.24613368699279
271.0,678.0,290.0,678.0,271.0,678.0,361.0,111556.0,111917.0,19.0,334.0,334.53998266276034,0.05679440719991107,1.5139713424730938,93.25583177253637
270.0,678.0,289.0,678.0,270.0,678.0,361.0,116281.0,116642.0,19.0,341.0,341.528915320504,0.05563218558572021,1.515135404789198,93.18913591473337
271.0,680.0,289.0,680.0,271.0,680.0,324.0,114244.0,114568.0,18.0,338.0,338.47895060106765,0.05317908238617431,1.5175921472514058,93.04837494029829
270.0,681.0,289.0,681.0,270.0,681.0,361.0,109561.0,109922.0,19.0,331.0,331.5448687583628,0.05730747717844374,1.5134574354723986,93.28527647473842
270.0,680.0,289.0,680.0,270.0,680.0,361.0,110224.0,110585.0,19.0,332.0,332.54323027239633,0.057135428631148254,1.5136297663823233,93.2754026409201
270.0,682.0,288.0,682.0,270.0,682.0,324.0,108241.0,108565.0,18.0,329.0,329.49203328760467,0.05462954542602943,1.5161395721921247,93.13160136062106
272.0,680.0,290.0,680.0,272.0,680.0,324.0,111556.0,111880.0,18.0,334.0,334.4846782739084,0.053814124141315256,1.5169561948215942,93.08481233049758
266.0,681.0,290.0,681.0,266.0,681.0,576.0,110889.0,111465.0,24.0,333.0,333.86374466239965,0.07188561316913464,1.4988486572315145,94.12229781178364
265.0,683.0,289.0,683.0,265.0,683.0,576.0,105625.0,106201.0,24.0,325.0,325.8849490234245,0.07364562270187841,1.4970839694005564,94.22340697665564
265.0,683.0,289.0,683.0,265.0,683.0,576.0,105625.0,106201.0,24.0,325.0,325.8849490234245,0.07364562270187841,1.4970839694005564,94.22340697665564
268.0,681.0,293.0,681.0,268.0,681.0,625.0,113569.0,114194.0,25.0,337.0,337.9260274083664,0.0739806879976983,1.4967479875743792,94.24265731728869
268.0,681.0,287.0,681.0,268.0,681.0,361.0,109561.0,109922.0,19.0,331.0,331.5448687583628,0.05730747717844374,1.5134574354723986,93.28527647473842
269.0,680.0,287.0,680.0,269.0,680.0,324.0,110224.0,110548.0,18.0,332.0,332.48759375351136,0.05413735832003477,1.5166324887580167,93.10335932174337
268.0,680.0,287.0,680.0,268.0,680.0,361.0,110224.0,110585.0,19.0,332.0,332.54323027239633,0.057135428631148254,1.5136297663823233,93.2754026409201
269.0,680.0,288.0,680.0,269.0,680.0,361.0,110224.0,110585.0,19.0,332.0,332.54323027239633,0.057135428631148254,1.5136297663823233,93.2754026409201
264.0,685.0,289.0,685.0,264.0,685.0,625.0,110889.0,111514.0,25.0,333.0,333.9371198294673,0.07486439367018206,1.4958618243623574,94.2934307292973
264.0,682.0,289.0,682.0,264.0,682.0,625.0,112896.0,113521.0,25.0,336.0,336.92877585626314,0.0741996581813636,1.4965284139021569,94.25523796199921
264.0,683.0,289.0,683.0,264.0,683.0,625.0,112225.0,112850.0,25.0,335.0,335.9315406448165,0.07441992482162528,1.4963075365810148,94.26789330029081
264.0,683.0,289.0,683.0,264.0,683.0,625.0,107584.0,108209.0,25.0,328.0,328.95136418625776,0.07599907682962087,1.4947238991555105,94.35862904105117
264.0,687.0,283.0,687.0,264.0,687.0,361.0,113569.0,113930.0,19.0,337.0,337.53518335130633,0.05629042818989574,1.5144761290471744,93.22690963228668
265.0,686.0,284.0,686.0,265.0,686.0,361.0,114244.0,114605.0,19.0,338.0,338.53360246805636,0.05612441382917909,1.5146424062735382,93.2173826489869
265.0,685.0,284.0,685.0,265.0,685.0,361.0,110224.0,110585.0,19.0,332.0,332.54323027239633,0.057135428631148254,1.5136297663823233,93.2754026409201
265.0,683.0,284.0,683.0,265.0,683.0,361.0,116281.0,116642.0,19.0,341.0,341.528915320504,0.05563218558572021,1.515135404789198,93.18913591473337
265.0,682.0,284.0,682.0,265.0,682.0,361.0,116964.0,117325.0,19.0,342.0,342.527371169079,0.055470019622522904,1.5152978215491797,93.17983011986423
265.0,682.0,284.0,682.0,265.0,682.0,361.0,112225.0,112586.0,19.0,335.0,335.538373364359,0.05662541607236088,1.5141406059969693,93.24613368699279
266.0,681.0,285.0,681.0,266.0,681.0,361.0,112896.0,113257.0,19.0,336.0,336.53677362214074,0.05645742602064926,1.5143088652208576,93.23649314359984
266.0,681.0,285.0,681.0,266.0,681.0,361.0,112896.0,113257.0,19.0,336.0,336.53677362214074,0.05645742602064926,1.5143088652208576,93.23649314359984
266.0,682.0,285.0,682.0,266.0,682.0,361.0,116281.0,116642.0,19.0,341.0,341.528915320504,0.05563218558572021,1.515135404789198,93.18913591473337
266.0,681.0,285.0,681.0,266.0,681.0,361.0,112896.0,113257.0,19.0,336.0,336.53677362214074,0.05645742602064926,1.5143088652208576,93.23649314359984
266.0,681.0,285.0,681.0,266.0,681.0,361.0,112896.0,113257.0,19.0,336.0,336.53677362214074,0.05645742602064926,1.5143088652208576,93.23649314359984
266.0,680.0,285.0,680.0,266.0,680.0,361.0,113569.0,113930.0,19.0,337.0,337.53518335130633,0.05629042818989574,1.5144761290471744,93.22690963228668
266.0,680.0,285.0,680.0,266.0,680.0,361.0,113569.0,113930.0,19.0,337.0,337.53518335130633,0.05629042818989574,1.5144761290471744,93.22690963228668
266.0,686.0,285.0,686.0,266.0,686.0,361.0,109561.0,109922.0,19.0,331.0,331.5448687583628,0.05730747717844374,1.5134574354723986,93.28527647473842
265.0,686.0,285.0,686.0,265.0,686.0,400.0,109561.0,109961.0,20.0,331.0,331.6036791110738,0.06031296170661849,1.5104467388268743,93.45777668592117
265.0,680.0,285.0,680.0,265.0,680.0,400.0,113569.0,113969.0,20.0,337.0,337.5929501633587,0.0592429432851668,1.5115186742430817,93.39635931066188
266.0,680.0,285.0,680.0,266.0,680.0,361.0,113569.0,113930.0,19.0,337.0,337.53518335130633,0.05629042818989574,1.5144761290471744,93.22690963228668
265.0,681.0,284.0,681.0,265.0,681.0,361.0,112896.0,113257.0,19.0,336.0,336.53677362214074,0.05645742602064926,1.5143088652208576,93.23649314359984
265.0,682.0,284.0,682.0,265.0,682.0,361.0,116964.0,117325.0,19.0,342.0,342.527371169079,0.055470019622522904,1.5152978215491797,93.17983011986423
265.0,683.0,284.0,683.0,265.0,683.0,361.0,116281.0,116642.0,19.0,341.0,341.528915320504,0.05563218558572021,1.515135404789198,93.18913591473337
265.0,683.0,284.0,683.0,265.0,683.0,361.0,112225.0,112586.0,19.0,335.0,335.538373364359,0.05662541607236088,1.5141406059969693,93.24613368699279
265.0,683.0,284.0,683.0,265.0,683.0,361.0,112225.0,112586.0,19.0,335.0,335.538373364359,0.05662541607236088,1.5141406059969693,93.24613368699279
265.0,683.0,284.0,683.0,265.0,683.0,361.0,116281.0,116642.0,19.0,341.0,341.528915320504,0.05563218558572021,1.515135404789198,93.18913591473337
266.0,684.0,284.0,684.0,266.0,684.0,324.0,115600.0,115924.0,18.0,340.0,340.47613719613304,0.05286714114014694,1.5179045279291765,93.03047684586059
266.0,684.0,285.0,684.0,266.0,684.0,361.0,111556.0,111917.0,19.0,334.0,334.53998266276034,0.05679440719991107,1.5139713424730938,93.25583177253637
266.0,685.0,285.0,685.0,266.0,685.0,361.0,110889.0,111250.0,19.0,333.0,333.54160160315837,0.056964408363685465,1.5138010656404546,93.26558791639546
266.0,685.0,285.0,685.0,266.0,685.0,361.0,110889.0,111250.0,19.0,333.0,333.54160160315837,0.056964408363685465,1.5138010656404546,93.26558791639546
266.0,685.0,285.0,685.0,266.0,685.0,361.0,114921.0,115282.0,19.0,339.0,339.532030889576,0.05595937429001878,1.5148077055943054,93.20791169555055
266.0,684.0,285.0,684.0,266.0,684.0,361.0,115600.0,115961.0,19.0,340.0,340.5304685340212,0.05579530102488252,1.5149720356020806,93.19849627965769
266.0,684.0,285.0,684.0,266.0,684.0,361.0,115600.0,115961.0,19.0,340.0,340.5304685340212,0.05579530102488252,1.5149720356020806,93.19849627965769
266.0,684.0,285.0,684.0,266.0,684.0,361.0,115600.0,115961.0,19.0,340.0,340.5304685340212,0.05579530102488252,1.5149720356020806,93.19849627965769
267.0,682.0,285.0,682.0,267.0,682.0,324.0,116964.0,117288.0,18.0,342.0,342.47335662792807,0.05255883312276367,1.5182132651839548,93.01278750418334
266.0,685.0,285.0,685.0,266.0,685.0,361.0,114921.0,115282.0,19.0,339.0,339.532030889576,0.05595937429001878,1.5148077055943054,93.20791169555055
267.0,684.0,286.0,684.0,267.0,684.0,361.0,115600.0,115961.0,19.0,340.0,340.5304685340212,0.05579530102488252,1.5149720356020806,93.19849627965769
267.0,686.0,286.0,686.0,267.0,686.0,361.0,114244.0,114605.0,19.0,338.0,338.53360246805636,0.05612441382917909,1.5146424062735382,93.2173826489869
267.0,685.0,286.0,685.0,267.0,685.0,361.0,114921.0,115282.0,19.0,339.0,339.532030889576,0.05595937429001878,1.5148077055943054,93.20791169555055
269.0,683.0,288.0,683.0,269.0,683.0,361.0,111556.0,111917.0,19.0,334.0,334.53998266276034,0.05679440719991107,1.5139713424730938,93.25583177253637
264.0,690.0,288.0,690.0,264.0,690.0,576.0,106929.0,107505.0,24.0,327.0,327.8795510549568,0.07319761150940851,1.4975331930556572,94.19766835716092
264.0,690.0,288.0,690.0,264.0,690.0,576.0,106929.0,107505.0,24.0,327.0,327.8795510549568,0.07319761150940851,1.4975331930556572,94.19766835716092
264.0,690.0,288.0,690.0,264.0,690.0,576.0,106929.0,107505.0,24.0,327.0,327.8795510549568,0.07319761150940851,1.4975331930556572,94.19766835716092
270.0,686.0,288.0,686.0,270.0,686.0,324.0,109561.0,109885.0,18.0,331.0,331.48906467634794,0.05430043376415583,1.5164691730884228,93.11271662033946
264.0,687.0,289.0,687.0,264.0,687.0,625.0,109561.0,110186.0,25.0,331.0,331.94276615103394,0.07531418831590082,1.4954107562636187,94.31927502762801
270.0,683.0,288.0,683.0,270.0,683.0,324.0,112896.0,113220.0,18.0,336.0,336.48179742743883,0.0534947213716119,1.5172760583355815,93.06648550112588
264.0,688.0,289.0,688.0,264.0,688.0,625.0,108900.0,109525.0,25.0,330.0,330.94561486745823,0.07554111272939015,1.4951831835580667,94.33231398318851
271.0,686.0,295.0,686.0,271.0,686.0,576.0,110224.0,110800.0,24.0,332.0,332.86633954186476,0.07210101217513316,1.4986326978352391,94.13467137373641
271.0,682.0,290.0,682.0,271.0,682.0,361.0,113569.0,113930.0,19.0,337.0,337.53518335130633,0.05629042818989574,1.5144761290471744,93.22690963228668
272.0,682.0,290.0,682.0,272.0,682.0,324.0,109561.0,109885.0,18.0,331.0,331.48906467634794,0.05430043376415583,1.5164691730884228,93.11271662033946
269.0,687.0,287.0,687.0,269.0,687.0,324.0,102400.0,102724.0,18.0,320.0,320.50585018061685,0.056161221362593966,1.5146055405936596,93.21949489685282
269.0,683.0,294.0,683.0,269.0,683.0,625.0,109561.0,110186.0,25.0,331.0,331.94276615103394,0.07531418831590082,1.4954107562636187,94.31927502762801
269.0,683.0,294.0,683.0,269.0,683.0,625.0,109561.0,110186.0,25.0,331.0,331.94276615103394,0.07531418831590082,1.4954107562636187,94.31927502762801
269.0,691.0,287.0,691.0,269.0,691.0,324.0,104329.0,104653.0,18.0,323.0,323.5011591942137,0.05564122256883077,1.5151263537867998,93.18965449897115
269.0,686.0,293.0,686.0,269.0,686.0,576.0,111556.0,112132.0,24.0,334.0,334.8611652610676,0.07167149400943193,1.4990633301203975,94.10999796127477
269.0,685.0,287.0,685.0,269.0,685.0,324.0,109561.0,109885.0,18.0,331.0,331.48906467634794,0.05430043376415583,1.5164691730884228,93.11271662033946
270.0,686.0,288.0,686.0,270.0,686.0,324.0,104329.0,104653.0,18.0,323.0,323.5011591942137,0.05564122256883077,1.5151263537867998,93.18965449897115
269.0,686.0,293.0,686.0,269.0,686.0,576.0,108241.0,108817.0,24.0,329.0,329.874218453034,0.07275500374824537,1.4979769841118689,94.17224100265435
269.0,687.0,293.0,687.0,269.0,687.0,576.0,107584.0,108160.0,24.0,328.0,328.87687665751145,0.072975638311578,1.4977557614917774,94.1849161251184
269.0,690.0,293.0,690.0,269.0,690.0,576.0,104976.0,105552.0,24.0,324.0,324.8876728963412,0.07387168551531179,1.4968572891369563,94.23639479905884
269.0,690.0,293.0,690.0,269.0,690.0,576.0,104329.0,104905.0,24.0,323.0,323.8904135660702,0.07409913660536377,1.4966292129634677,94.24946260120723
270.0,690.0,294.0,690.0,270.0,690.0,576.0,104329.0,104905.0,24.0,323.0,323.8904135660702,0.07409913660536377,1.4966292129634677,94.24946260120723
270.0,689.0,294.0,689.0,270.0,689.0,576.0,107584.0,108160.0,24.0,328.0,328.87687665751145,0.072975638311578,1.4977557614917774,94.1849161251184
270.0,689.0,294.0,689.0,270.0,689.0,576.0,108241.0,108817.0,24.0,329.0,329.874218453034,0.07275500374824537,1.4979769841118689,94.17224100265435
271.0,683.0,289.0,683.0,271.0,683.0,324.0,108241.0,108565.0,18.0,329.0,329.49203328760467,0.05462954542602943,1.5161395721921247,93.13160136062106
272.0,690.0,290.0,690.0,272.0,690.0,324.0,103684.0,104008.0,18.0,322.0,322.50271316688173,0.05581348393396538,1.5149538243147267,93.19953970956257
273.0,687.0,291.0,687.0,273.0,687.0,324.0,106276.0,106600.0,18.0,326.0,326.49655434629017,0.05513075026485199,1.5156376108667178,93.16036162604567
273.0,686.0,291.0,686.0,273.0,686.0,324.0,106276.0,106600.0,18.0,326.0,326.49655434629017,0.05513075026485199,1.5156376108667178,93.16036162604567
273.0,685.0,291.0,685.0,273.0,685.0,324.0,106929.0,107253.0,18.0,327.0,327.4950381303509,0.05496266478649843,1.5158059515867481,93.15071641326774
274.0,687.0,292.0,687.0,274.0,687.0,324.0,105625.0,105949.0,18.0,325.0,325.4980798714487,0.05529986538510111,1.5154682373621176,93.1700660130206
274.0,687.0,292.0,687.0,274.0,687.0,324.0,105625.0,105949.0,18.0,325.0,325.4980798714487,0.05529986538510111,1.5154682373621176,93.1700660130206
274.0,685.0,292.0,685.0,274.0,685.0,324.0,107584.0,107908.0,18.0,328.0,328.4935311387425,0.054795599589440684,1.5159732689304184,93.1411298356361
272.0,687.0,296.0,687.0,272.0,687.0,576.0,112896.0,113472.0,24.0,336.0,336.8560523428368,0.07124704998790965,1.4994888620096063,94.08561677997487
273.0,687.0,297.0,687.0,273.0,687.0,576.0,108241.0,108817.0,24.0,329.0,329.874218453034,0.07275500374824537,1.4979769841118689,94.17224100265435
273.0,685.0,297.0,685.0,273.0,685.0,576.0,109561.0,110137.0,24.0,331.0,331.86895003901765,0.07231770250630055,1.4984154403523264,94.14711931057495
274.0,687.0,298.0,687.0,274.0,687.0,576.0,108900.0,109476.0,24.0,330.0,330.8715762950937,0.07253569577882138,1.498196873064402,94.15964229371264
274.0,688.0,298.0,688.0,274.0,688.0,576.0,104329.0,104905.0,24.0,323.0,323.8904135660702,0.07409913660536377,1.4966292129634677,94.24946260120723
274.0,689.0,298.0,689.0,274.0,689.0,576.0,107584.0,108160.0,24.0,328.0,328.87687665751145,0.072975638311578,1.4977557614917774,94.1849161251184
276.0,687.0,299.0,687.0,276.0,687.0,529.0,106276.0,106805.0,23.0,326.0,326.8103425535979,0.07037720966932964,1.5003608914375737,94.03565317414113
277.0,685.0,300.0,685.0,277.0,685.0,529.0,108900.0,109429.0,23.0,330.0,330.80054413498175,0.0695283015937693,1.501211884211455,93.9868948798016
278.0,683.0,301.0,683.0,278.0,683.0,529.0,109561.0,110090.0,23.0,331.0,331.79813139919884,0.06931925717305452,1.5014214342225096,93.97488854857126
277.0,689.0,300.0,689.0,277.0,689.0,529.0,105625.0,106154.0,23.0,325.0,325.8128297044179,0.07059267746106233,1.5001448864070765,94.04802935074221
277.0,689.0,301.0,689.0,277.0,689.0,576.0,105625.0,106201.0,24.0,325.0,325.8849490234245,0.07364562270187841,1.4970839694005564,94.22340697665564
282.0,685.0,300.0,685.0,282.0,685.0,324.0,107584.0,107908.0,18.0,328.0,328.4935311387425,0.054795599589440684,1.5159732689304184,93.1411298356361
282.0,684.0,300.0,684.0,282.0,684.0,324.0,112225.0,112549.0,18.0,335.0,335.4832335601885,0.05365394809446013,1.5171166026124725,93.07562164107924
283.0,686.0,300.0,686.0,283.0,686.0,289.0,107584.0,107873.0,17.0,328.0,328.4402533186211,0.05175979444732749,1.5190133930336895,92.96694355532266
283.0,688.0,307.0,688.0,283.0,688.0,576.0,106276.0,106852.0,24.0,326.0,326.88224179358537,0.07342093552807666,1.4973092665073091,94.2104984033022
284.0,685.0,307.0,685.0,284.0,685.0,529.0,108900.0,109429.0,23.0,330.0,330.80054413498175,0.0695283015937693,1.501211884211455,93.9868948798016
284.0,684.0,308.0,684.0,284.0,684.0,576.0,108900.0,109476.0,24.0,330.0,330.8715762950937,0.07253569577882138,1.498196873064402,94.15964229371264
283.0,680.0,307.0,680.0,283.0,680.0,576.0,115600.0,116176.0,24.0,340.0,340.84600628436294,0.0704130298067132,1.5003249822161009,94.03771062097712
283.0,683.0,306.0,683.0,283.0,683.0,529.0,108900.0,109429.0,23.0,330.0,330.80054413498175,0.0695283015937693,1.501211884211455,93.9868948798016
287.0,682.0,310.0,682.0,287.0,682.0,529.0,110889.0,111418.0,23.0,333.0,333.79334924470857,0.06890490793793011,1.5018367765852196,93.95109118413498
287.0,685.0,310.0,685.0,287.0,685.0,529.0,106276.0,106805.0,23.0,326.0,326.8103425535979,0.07037720966932964,1.5003608914375737,94.03565317414113
282.0,684.0,312.0,684.0,282.0,684.0,900.0,104976.0,105876.0,30.0,324.0,325.38592471094995,0.09219821056073614,1.4784669920632976,95.29008120537127
283.0,684.0,313.0,684.0,283.0,684.0,900.0,108900.0,109800.0,30.0,330.0,331.3608305156178,0.09053574604251853,1.4801364395941514,95.1944289077348
289.0,678.0,313.0,678.0,289.0,678.0,576.0,109561.0,110137.0,24.0,331.0,331.86895003901765,0.07231770250630055,1.4984154403523264,94.14711931057495
289.0,680.0,313.0,680.0,289.0,680.0,576.0,107584.0,108160.0,24.0,328.0,328.87687665751145,0.072975638311578,1.4977557614917774,94.1849161251184
282.0,677.0,312.0,677.0,282.0,677.0,900.0,108241.0,109141.0,30.0,329.0,330.3649497147057,0.09080866485959602,1.4798623919167149,95.21013068303728
283.0,678.0,308.0,678.0,283.0,678.0,625.0,109561.0,110186.0,25.0,331.0,331.94276615103394,0.07531418831590082,1.4954107562636187,94.31927502762801
282.0,677.0,313.0,677.0,282.0,677.0,961.0,112225.0,113186.0,31.0,335.0,336.4312708414603,0.09214363433715538,1.478521801600102,95.28694085023531
284.0,678.0,315.0,678.0,284.0,678.0,961.0,112896.0,113857.0,31.0,336.0,337.42702914852566,0.0918717154290408,1.478794878821316,95.27129467797857
280.0,680.0,317.0,680.0,280.0,680.0,1369.0,103041.0,104410.0,37.0,321.0,323.12536266904215,0.11450664130595305,1.4560379666180754,96.57516970197403
282.0,679.0,312.0,679.0,282.0,679.0,900.0,106276.0,107176.0,30.0,326.0,327.37745799000885,0.09163734175282028,1.4790302453550903,95.2578091689547
285.0,678.0,321.0,678.0,285.0,678.0,1296.0,106276.0,107572.0,36.0,326.0,327.98170680694983,0.10976221921178554,1.460812506192613,96.30160873523485
280.0,684.0,321.0,684.0,280.0,684.0,1681.0,98596.0,100277.0,41.0,314.0,316.6654385941099,0.12947418632745802,1.4409576426010238,97.43920862184086
279.0,681.0,326.0,681.0,279.0,681.0,2209.0,96721.0,98930.0,47.0,311.0,314.5313974788527,0.14942864329835312,1.4208059237264576,98.59381706328762
278.0,683.0,330.0,683.0,278.0,683.0,2704.0,91809.0,94513.0,52.0,303.0,307.4296667532267,0.16914437877506572,1.4008348523156462,99.7380751674815
282.0,686.0,335.0,686.0,282.0,686.0,2809.0,93636.0,96445.0,53.0,306.0,310.55595309058236,0.1706616777832015,1.3992951673350325,99.82629261865034
277.0,686.0,330.0,686.0,277.0,686.0,2809.0,97344.0,100153.0,53.0,312.0,316.46958779636316,0.16747264838005096,1.4025307763567931,99.640905877549
279.0,685.0,338.0,685.0,279.0,685.0,3481.0,90000.0,93481.0,59.0,300.0,305.74662712775756,0.19297023994755824,1.3766079400410536,101.12617499144935
276.0,683.0,340.0,683.0,276.0,683.0,4096.0,94864.0,98960.0,64.0,308.0,314.5790838565082,0.2034464568190837,1.3659196097577881,101.73857120672233
274.0,689.0,338.0,689.0,274.0,689.0,4096.0,87616.0,91712.0,64.0,296.0,302.8398916919632,0.21133279252753887,1.3578579772154995,102.20046872738078
277.0,688.0,340.0,688.0,277.0,688.0,3969.0,85849.0,89818.0,63.0,293.0,299.6965131595628,0.21021265591587943,1.3590038559559285,102.13481471172042
277.0,689.0,344.0,689.0,277.0,689.0,4489.0,87616.0,92105.0,67.0,296.0,303.48805577814755,0.22076651362179997,1.3481960216180742,102.75405800495605
275.0,694.0,348.0,694.0,275.0,694.0,5329.0,85264.0,90593.0,73.0,292.0,300.9867106700892,0.24253562503633297,1.3258176636680326,104.03624346792647
274.0,698.0,348.0,698.0,274.0,698.0,5476.0,81796.0,87272.0,74.0,286.0,295.41834743292435,0.2504922278627326,1.3176076675113269,104.50664159752434
275.0,697.0,344.0,697.0,275.0,697.0,4761.0,81796.0,86557.0,69.0,286.0,294.20571034566956,0.2345297782253451,1.334061499993547,103.56390643947786
277.0,702.0,352.0,702.0,277.0,702.0,5625.0,81225.0,86850.0,75.0,285.0,294.7032405658275,0.25449329927964376,1.313472611823808,104.74356283647073
276.0,702.0,357.0,702.0,276.0,702.0,6561.0,82369.0,88930.0,81.0,287.0,298.2113344593059,0.27161945452832315,1.295720977205838,105.76065657953873
272.0,709.0,353.0,709.0,272.0,709.0,6561.0,85849.0,92410.0,81.0,293.0,303.99013141876827,0.2664560182330941,1.3010820872074707,105.45348760293982
274.0,710.0,354.0,710.0,274.0,710.0,6400.0,91809.0,98209.0,80.0,303.0,313.38315206788,0.25527856067601135,1.3126605281952768,104.79009180099725
275.0,714.0,350.0,714.0,275.0,714.0,5625.0,90601.0,96226.0,75.0,301.0,310.20315923600776,0.24177703471723427,1.3265995243374862,103.9914461513995
275.0,717.0,356.0,717.0,275.0,717.0,6561.0,87025.0,93586.0,81.0,295.0,305.91828974417336,0.2647765848447208,1.302824095854422,105.35367785959421
276.0,719.0,358.0,719.0,276.0,719.0,6724.0,84100.0,90824.0,82.0,290.0,301.37020423392886,0.27209060102156,1.2952313920571321,105.78870774227187
275.0,722.0,362.0,722.0,275.0,722.0,7569.0,81225.0,88794.0,87.0,285.0,297.9832210041364,0.29196274779106546,1.274517968908977,106.97549946792975
276.0,732.0,363.0,732.0,276.0,732.0,7569.0,84681.0,92250.0,87.0,291.0,303.7268509697488,0.28644158302838096,1.2802856058285228,106.64503821467594
272.0,732.0,367.0,732.0,272.0,732.0,9025.0,85264.0,94289.0,95.0,292.0,307.06513966909364,0.3093806092817179,1.2562547103375734,108.0219071042273
272.0,735.0,369.0,735.0,272.0,735.0,9409.0,84100.0,93509.0,97.0,290.0,305.7924132479418,0.31720865462201875,1.2480116466034996,108.49419986644708
274.0,742.0,376.0,742.0,274.0,742.0,10404.0,72900.0,83304.0,102.0,270.0,288.62432329933665,0.353400568718577,1.209592571301215,110.69545073406327
275.0,747.0,377.0,747.0,275.0,747.0,10404.0,71824.0,82228.0,102.0,268.0,286.75425018646195,0.3557052770226579,1.2071277365074409,110.83667536494353
276.0,752.0,377.0,752.0,276.0,752.0,10201.0,77284.0,87485.0,101.0,278.0,295.7786334406189,0.3414715891581701,1.2223141735784617,109.96655661493303
273.0,755.0,379.0,755.0,273.0,755.0,11236.0,72900.0,84136.0,106.0,270.0,290.06206232459976,0.36543903449661946,1.1966919108749792,111.43460412941803
275.0,761.0,380.0,761.0,275.0,761.0,11025.0,78961.0,89986.0,105.0,281.0,299.9766657591887,0.3500272253985599,1.2131961593061906,110.4889803502742
276.0,770.0,380.0,770.0,276.0,770.0,10816.0,72900.0,83716.0,104.0,270.0,289.3371735536241,0.3594422338570514,1.2031262151017876,111.06594565311872
276.0,771.0,380.0,771.0,276.0,771.0,10816.0,73984.0,84800.0,104.0,272.0,291.20439557122074,0.35713746626659143,1.2055948770067235,110.92450174492117
271.0,777.0,385.0,777.0,271.0,777.0,12996.0,77841.0,90837.0,114.0,279.0,301.39177161959816,0.3782452300784282,1.1828963690669645,112.22503045111355
274.0,780.0,391.0,780.0,274.0,780.0,13689.0,72361.0,86050.0,117.0,269.0,293.3428028774526,0.39885076044929635,1.160533061284826,113.50635360298216
276.0,788.0,392.0,788.0,276.0,788.0,13456.0,67600.0,81056.0,116.0,260.0,284.70335438838794,0.4074416342905275,1.1511454646597927,114.04422326936782
273.0,798.0,394.0,798.0,273.0,798.0,14641.0,70225.0,84866.0,121.0,265.0,291.3176959952828,0.41535410194222905,1.1424642898643105,114.5416179463643
273.0,799.0,393.0,799.0,273.0,799.0,14400.0,76729.0,91129.0,120.0,277.0,301.87580227636664,0.3975144714982497,1.1619898149662182,113.42288776524823
277.0,810.0,396.0,810.0,277.0,810.0,14161.0,72900.0,87061.0,119.0,270.0,295.0610106401725,0.4033064203969691,1.1556690279194473,113.78504218622918
275.0,812.0,399.0,812.0,275.0,812.0,15376.0,70756.0,86132.0,124.0,266.0,293.48253781102545,0.42251236112672597,1.1345808590124393,114.99330526225974
277.0,820.0,400.0,820.0,277.0,820.0,15129.0,73984.0,89113.0,123.0,272.0,298.5180061570826,0.4120354466499967,1.1461095021493655,114.3327626670014
278.0,825.0,400.0,825.0,278.0,825.0,14884.0,73441.0,88325.0,122.0,271.0,297.1952220342716,0.4105045806756993,1.1477889793682838,114.23653571056902
278.0,831.0,404.0,831.0,278.0,831.0,15876.0,77841.0,93717.0,126.0,279.0,306.13232433050905,0.41158672242649835,1.14660191889113,114.30454926593671
277.0,837.0,407.0,837.0,277.0,837.0,16900.0,75625.0,92525.0,130.0,275.0,304.1792234851026,0.42737961689341625,1.1292039644876055,115.30137862541972
278.0,844.0,408.0,844.0,278.0,844.0,16900.0,75625.0,92525.0,130.0,275.0,304.1792234851026,0.42737961689341625,1.1292039644876055,115.30137862541972
279.0,850.0,413.0,850.0,279.0,850.0,17956.0,72361.0,90317.0,134.0,269.0,300.5278689239985,0.4458821089696933,1.1086368119337608,116.47978966335673
277.0,858.0,417.0,858.0,277.0,858.0,19600.0,72900.0,92500.0,140.0,270.0,304.138126514911,0.4603171644550004,1.092443895416239,117.40757543781841
282.0,861.0,418.0,861.0,282.0,861.0,18496.0,73984.0,92480.0,136.0,272.0,304.1052449399714,0.447213595499958,1.1071487177940904,116.56505117707799
280.0,868.0,419.0,868.0,280.0,868.0,19321.0,74529.0,93850.0,139.0,273.0,306.3494736408078,0.45373017406576766,1.0998495773503931,116.98326111857509
282.0,876.0,421.0,876.0,282.0,876.0,19321.0,71289.0,90610.0,139.0,267.0,301.01494979485653,0.46177108510633547,1.0908054479473754,117.50145156273818
284.0,880.0,427.0,880.0,284.0,880.0,20449.0,73441.0,93890.0,143.0,271.0,306.41475160311717,0.4666877141255273,1.0852544066713121,117.81950279975953
281.0,885.0,427.0,885.0,281.0,885.0,21316.0,71289.0,92605.0,146.0,267.0,304.31069649291004,0.4797728166725863,1.070400562751095,118.67056536593401
282.0,891.0,428.0,891.0,282.0,891.0,21316.0,71824.0,93140.0,146.0,268.0,305.1884663613617,0.4783929148460254,1.0719726176193791,118.58049325681836
284.0,898.0,436.0,898.0,284.0,898.0,23104.0,68644.0,91748.0,152.0,262.0,302.89932320822373,0.5018169020321971,1.045098299750523,120.12027824799682
285.0,899.0,436.0,899.0,285.0,899.0,22801.0,70756.0,93557.0,151.0,266.0,305.87088779418025,0.4936723500852017,1.0544888099526077,119.58224164594282
288.0,905.0,437.0,905.0,288.0,905.0,22201.0,69169.0,91370.0,149.0,263.0,302.27470949452584,0.49292909833297965,1.0553432610030893,119.5332852069497
288.0,913.0,437.0,913.0,288.0,913.0,22201.0,67081.0,89282.0,149.0,259.0,298.8009370801906,0.4986597480449406,1.0487444506975638,119.91136918726374
289.0,920.0,438.0,920.0,289.0,920.0,22201.0,66564.0,88765.0,149.0,258.0,297.9345565724124,0.5001098285280171,1.0470707274927034,120.00726646297537
290.0,927.0,439.0,927.0,290.0,927.0,22201.0,63001.0,85202.0,149.0,251.0,291.8938163099726,0.5104595975468404,1.0350771444357565,120.69444815337803
295.0,931.0,447.0,931.0,295.0,931.0,23104.0,62500.0,85604.0,152.0,250.0,292.5816125459698,0.5195131665224454,1.0245152289440171,121.29960133462853
292.0,935.0,448.0,935.0,292.0,935.0,24336.0,65536.0,89872.0,156.0,256.0,299.7865907608277,0.520370172675462,1.0235119458074597,121.35708522400992
297.0,938.0,449.0,938.0,297.0,938.0,23104.0,65536.0,88640.0,152.0,256.0,297.7247050548543,0.5105387541554361,1.034985088834433,120.69972255081441
296.0,946.0,456.0,946.0,296.0,946.0,25600.0,62500.0,88100.0,160.0,250.0,296.8164415931166,0.5390536964233672,1.0014831356942349,122.61924307119281
300.0,947.0,462.0,947.0,300.0,947.0,26244.0,58564.0,84808.0,162.0,242.0,291.2181313036673,0.556284044797591,0.9808889636461292,123.79920221211556
299.0,949.0,464.0,949.0,299.0,949.0,27225.0,60025.0,87250.0,165.0,245.0,295.3811097548386,0.5586003794790645,0.9780989220598337,123.95905981967627
300.0,952.0,469.0,952.0,300.0,952.0,28561.0,61504.0,90065.0,169.0,248.0,300.10831378020833,0.563130017530175,0.9726277148778961,124.27253690004297
305.0,953.0,473.0,953.0,305.0,953.0,28224.0,61504.0,89728.0,168.0,248.0,299.5463236295849,0.5608481451695152,0.9753864513161641,124.11447294534125
311.0,958.0,474.0,958.0,311.0,958.0,26569.0,61504.0,88073.0,163.0,248.0,296.7709554521803,0.549245123235332,0.9893356859944347,123.31524067083882
314.0,961.0,481.0,961.0,314.0,961.0,27889.0,62500.0,90389.0,167.0,250.0,300.647634283059,0.5554675339396481,0.981871214283929,123.7429233961456
317.0,962.0,478.0,962.0,317.0,962.0,25921.0,62001.0,87922.0,161.0,249.0,296.5164413653988,0.5429715777601649,0.9968246078670343,122.88615705443566
322.0,965.0,485.0,965.0,322.0,965.0,26569.0,60025.0,86594.0,163.0,245.0,294.26858479966904,0.5539157369141747,0.9837362300370498,123.63606586476637
328.0,967.0,489.0,967.0,328.0,967.0,25921.0,61504.0,87425.0,161.0,248.0,295.67718883945037,0.5445127526811726,0.9949882406955808,122.99137314299631
330.0,966.0,491.0,966.0,330.0,966.0,25921.0,64009.0,89930.0,161.0,253.0,299.88331063932185,0.5368754921931592,1.0040671092713904,122.47119229084848
334.0,970.0,490.0,970.0,334.0,970.0,24336.0,62001.0,86337.0,156.0,249.0,293.83158441529054,0.5309163761630046,1.0111147607916178,122.06739160326049
340.0,969.0,497.0,969.0,340.0,969.0,24649.0,62001.0,86650.0,157.0,249.0,294.3637205907005,0.5333537695642236,1.0082359230576976,122.23233685531713
342.0,968.0,500.0,968.0,342.0,968.0,24964.0,62500.0,87464.0,158.0,250.0,295.7431317883815,0.5342474026178117,1.0071791324200476,122.2928864986834
346.0,967.0,499.0,967.0,346.0,967.0,23409.0,65025.0,88434.0,153.0,255.0,297.37854663711033,0.5144957554275265,1.0303768265243125,120.96375653207352
353.0,967.0,501.0,967.0,353.0,967.0,21904.0,63001.0,84905.0,148.0,251.0,291.38462553813645,0.5079197288692562,1.0380282369469083,120.52536300753637
360.0,962.0,504.0,962.0,360.0,962.0,20736.0,65536.0,86272.0,144.0,256.0,293.7209560109731,0.49026123963255896,1.0584068664841588,119.35775354279127
366.0,960.0,507.0,960.0,366.0,960.0,19881.0,66564.0,86445.0,141.0,258.0,294.0153057240388,0.47956687034634127,1.0706352730472142,118.65711745655813
372.0,959.0,508.0,959.0,372.0,959.0,18496.0,66564.0,85060.0,136.0,258.0,291.6504757410829,0.4663116000562812,1.0856796242899784,117.79513962483534
379.0,955.0,509.0,955.0,379.0,955.0,16900.0,68121.0,85021.0,130.0,261.0,291.5836072209822,0.445841250264378,1.1086824589227398,116.47717428354076
384.0,957.0,510.0,957.0,384.0,957.0,15876.0,69169.0,85045.0,126.0,263.0,291.62475889402805,0.43206208031803794,1.1240182829965837,115.59849628875438
388.0,950.0,511.0,950.0,388.0,950.0,15129.0,72900.0,88029.0,123.0,270.0,296.69681494751507,0.4145646120999257,1.1433320137796712,114.49190102823155
391.0,953.0,514.0,953.0,391.0,953.0,15129.0,70756.0,85885.0,123.0,266.0,293.0614270080592,0.41970723085511186,1.1376735847112933,114.81610513252376
398.0,949.0,508.0,949.0,398.0,949.0,12100.0,69696.0,81796.0,110.0,264.0,286.0,0.38461538461538464,1.176005207095135,112.61986494804043
403.0,948.0,514.0,948.0,403.0,948.0,12321.0,70225.0,82546.0,111.0,265.0,287.30819688968154,0.38634470301110463,1.1741310459695096,112.72724647066626
409.0,948.0,515.0,948.0,409.0,948.0,11236.0,75625.0,86861.0,106.0,275.0,294.72190281687585,0.35966108723810264,1.2028916770288314,111.07938369483425
417.0,943.0,519.0,943.0,417.0,943.0,10404.0,78400.0,88804.0,102.0,280.0,298.0,0.3422818791946309,1.2214519287784171,110.01595960288267
423.0,943.0,520.0,943.0,423.0,943.0,9409.0,78400.0,87809.0,97.0,280.0,296.3258341758275,0.32734236712700593,1.2373067172127368,109.10754714052334
424.0,942.0,521.0,942.0,424.0,942.0,9409.0,81225.0,90634.0,97.0,285.0,301.0548122850721,0.32220046331014845,1.2427433348369612,108.79605189582884
430.0,938.0,521.0,938.0,430.0,938.0,8281.0,84100.0,92381.0,91.0,290.0,303.94242875913193,0.29939880513396705,1.2667338338416327,107.42149755444835
436.0,939.0,518.0,939.0,436.0,939.0,6724.0,83521.0,90245.0,82.0,289.0,300.4080558174165,0.27296205415289654,1.294325655233653,105.8406026396068
441.0,939.0,518.0,939.0,441.0,939.0,5929.0,85849.0,91778.0,77.0,293.0,302.9488405655318,0.25416832708869175,1.3138086333165375,104.72431022311164
443.0,938.0,521.0,938.0,443.0,938.0,6084.0,87025.0,93109.0,78.0,295.0,305.1376738457577,0.25562231964653365,1.3123049726547042,104.81046363285454
446.0,940.0,523.0,940.0,446.0,940.0,5929.0,85849.0,91778.0,77.0,293.0,302.9488405655318,0.25416832708869175,1.3138086333165375,104.72431022311164
453.0,936.0,520.0,936.0,453.0,936.0,4489.0,87616.0,92105.0,67.0,296.0,303.48805577814755,0.22076651362179997,1.3481960216180742,102.75405800495605
458.0,936.0,525.0,936.0,458.0,936.0,4489.0,88209.0,92698.0,67.0,297.0,304.4634625041238,0.22005924602231217,1.348921121868697,102.7125128208715
461.0,935.0,523.0,935.0,461.0,935.0,3844.0,91204.0,95048.0,62.0,302.0,308.2985565973347,0.2011037634567245,1.3683117523531825,101.60151153201275
462.0,939.0,525.0,939.0,462.0,939.0,3969.0,88804.0,92773.0,63.0,298.0,304.58660508958695,0.2068377234825216,1.362454649090048,101.93709882916266
468.0,935.0,525.0,935.0,468.0,935.0,3249.0,91204.0,94453.0,57.0,302.0,307.33206796558017,0.18546714105468406,1.3842490969424248,100.68836895040351
471.0,939.0,524.0,939.0,471.0,939.0,2809.0,88804.0,91613.0,53.0,298.0,302.67639485100256,0.17510450402348066,1.394784415669515,100.0847396515161
474.0,939.0,527.0,939.0,474.0,939.0,2809.0,88804.0,91613.0,53.0,298.0,302.67639485100256,0.17510450402348066,1.394784415669515,100.0847396515161
476.0,934.0,529.0,934.0,476.0,934.0,2809.0,91809.0,94618.0,53.0,303.0,307.6003901167877,0.17230147198408072,1.3976307179838625,99.92165854168567
479.0,938.0,532.0,938.0,479.0,938.0,2809.0,87616.0,90425.0,53.0,296.0,300.70749907509787,0.17625100858147846,1.3936197985971415,100.15146729451199
485.0,934.0,532.0,934.0,485.0,934.0,2209.0,90000.0,92209.0,47.0,300.0,303.65934861288235,0.15477870256488485,1.4153928741663855,98.9039619573749
491.0,933.0,534.0,933.0,491.0,933.0,1849.0,90601.0,92450.0,43.0,301.0,304.05591591021545,0.1414213562373095,1.4288992721907328,98.13010235415597
497.0,934.0,535.0,934.0,497.0,934.0,1444.0,93025.0,94469.0,38.0,305.0,307.35809733924367,0.12363428954356732,1.4468448834772374,97.10189456665692
498.0,938.0,536.0,938.0,498.0,938.0,1444.0,90601.0,92045.0,38.0,301.0,303.3891889965758,0.12525166149024805,1.445214840630916,97.19528914217663
502.0,938.0,540.0,938.0,502.0,938.0,1444.0,90601.0,92045.0,38.0,301.0,303.3891889965758,0.12525166149024805,1.445214840630916,97.19528914217663
508.0,933.0,536.0,933.0,508.0,933.0,784.0,93025.0,93809.0,28.0,305.0,306.28254929068356,0.09141885512199405,1.4792496529510508,95.24523803971304
509.0,933.0,538.0,933.0,509.0,933.0,841.0,93025.0,93866.0,29.0,305.0,306.3755864947467,0.09465506155953862,1.4759993473579147,95.43146683232752
513.0,934.0,542.0,934.0,513.0,934.0,841.0,92416.0,93257.0,29.0,304.0,305.38009103410786,0.09496362353484593,1.4756893891587581,95.44922612896465
512.0,935.0,540.0,935.0,512.0,935.0,784.0,91204.0,91988.0,28.0,302.0,303.29523570277195,0.09231928729483863,1.4783453967331577,95.29704810459678
516.0,937.0,540.0,937.0,516.0,937.0,576.0,93025.0,93601.0,24.0,305.0,305.94280511232813,0.07844603500706057,1.4922696115555234,94.49924936224173
522.0,937.0,540.0,937.0,522.0,937.0,324.0,90601.0,90925.0,18.0,301.0,301.53772566629203,0.05969402322786096,1.5110667945524328,93.42225010978375
522.0,936.0,545.0,936.0,522.0,936.0,529.0,90601.0,91130.0,23.0,301.0,301.8774585821207,0.07618985567199359,1.494532565562687,94.36959164839902
527.0,935.0,546.0,935.0,527.0,935.0,361.0,91204.0,91565.0,19.0,302.0,302.59709185648165,0.06278976405038117,1.5079652306957276,93.59995662866326
528.0,934.0,547.0,934.0,528.0,934.0,361.0,91809.0,92170.0,19.0,303.0,303.5951251255527,0.06258335008555388,1.508172051422747,93.58810667388923
532.0,935.0,551.0,935.0,532.0,935.0,361.0,91204.0,91565.0,19.0,302.0,302.59709185648165,0.06278976405038117,1.5079652306957276,93.59995662866326
533.0,935.0,552.0,935.0,533.0,935.0,361.0,91204.0,91565.0,19.0,302.0,302.59709185648165,0.06278976405038117,1.5079652306957276,93.59995662866326
538.0,936.0,556.0,936.0,538.0,936.0,324.0,90601.0,90925.0,18.0,301.0,301.53772566629203,0.05969402322786096,1.5110667945524328,93.42225010978375
538.0,935.0,556.0,935.0,538.0,935.0,324.0,91204.0,91528.0,18.0,302.0,302.5359482772254,0.05949706176241213,1.5112641067196482,93.41094495535573
542.0,935.0,556.0,935.0,542.0,935.0,196.0,91204.0,91400.0,14.0,302.0,302.32432915661946,0.04630788411589358,1.5244718760942897,92.65419551340662
543.0,940.0,557.0,940.0,543.0,940.0,196.0,88209.0,88405.0,14.0,297.0,297.3297832374012,0.04708576398759818,1.523693146693353,92.69881342146304
548.0,939.0,557.0,939.0,548.0,939.0,81.0,88804.0,88885.0,9.0,298.0,298.1358750637031,0.030187578056739925,1.5406041619179338,91.72988362181309
548.0,940.0,557.0,940.0,548.0,940.0,81.0,88209.0,88290.0,9.0,297.0,297.1363323459452,0.03028912664076913,1.5405025668761214,91.73570458892839
553.0,938.0,558.0,938.0,553.0,938.0,25.0,92416.0,92441.0,5.0,304.0,304.04111564063174,0.016445144234735223,1.554350441224881,90.94227983351699
554.0,938.0,559.0,938.0,554.0,938.0,25.0,89401.0,89426.0,5.0,299.0,299.04180309782777,0.016720070398867654,1.554075477252092,90.95803410867596
554.0,937.0,559.0,937.0,554.0,937.0,25.0,93025.0,93050.0,5.0,305.0,305.04098085339285,0.01639124023930107,1.5544043524868913,90.93919094573558
555.0,941.0,555.0,941.0,555.0,941.0,0.0,90601.0,90601.0,0.0,301.0,301.0,nan,nan,nan
560.0,941.0,555.0,941.0,560.0,941.0,25.0,90601.0,90626.0,5.0,301.0,301.04152537482264,0.016609004335114797,1.5541865587410155,89.0483303918214
560.0,942.0,555.0,942.0,560.0,942.0,25.0,89401.0,89426.0,5.0,299.0,299.04180309782777,0.016720070398867654,1.554075477252092,89.04196589132404
559.0,942.0,559.0,942.0,559.0,942.0,0.0,90000.0,90000.0,0.0,300.0,300.0,nan,nan,nan
560.0,942.0,555.0,942.0,560.0,942.0,25.0,89401.0,89426.0,5.0,299.0,299.04180309782777,0.016720070398867654,1.554075477252092,89.04196589132404
560.0,941.0,555.0,941.0,560.0,941.0,25.0,90601.0,90626.0,5.0,301.0,301.04152537482264,0.016609004335114797,1.5541865587410155,89.0483303918214
564.0,942.0,555.0,942.0,564.0,942.0,81.0,90000.0,90081.0,9.0,300.0,300.13496963866106,0.029986509105671005,1.5408053219380187,88.28164199834454
564.0,942.0,555.0,942.0,564.0,942.0,81.0,90000.0,90081.0,9.0,300.0,300.13496963866106,0.029986509105671005,1.5408053219380187,88.28164199834454
564.0,942.0,555.0,942.0,564.0,942.0,81.0,90000.0,90081.0,9.0,300.0,300.13496963866106,0.029986509105671005,1.5408053219380187,88.28164199834454
564.0,942.0,560.0,942.0,564.0,942.0,16.0,90000.0,90016.0,4.0,300.0,300.0266654815868,0.013332148306149432,1.557463783500751,89.23610153907
564.0,942.0,555.0,942.0,564.0,942.0,81.0,90000.0,90081.0,9.0,300.0,300.13496963866106,0.029986509105671005,1.5408053219380187,88.28164199834454
564.0,942.0,560.0,942.0,564.0,942.0,16.0,90000.0,90016.0,4.0,300.0,300.0266654815868,0.013332148306149432,1.557463783500751,89.23610153907
564.0,942.0,560.0,942.0,564.0,942.0,16.0,90000.0,90016.0,4.0,300.0,300.0266654815868,0.013332148306149432,1.557463783500751,89.23610153907
564.0,942.0,555.0,942.0,564.0,942.0,81.0,90000.0,90081.0,9.0,300.0,300.13496963866106,0.029986509105671005,1.5408053219380187,88.28164199834454
564.0,942.0,555.0,942.0,564.0,942.0,81.0,90000.0,90081.0,9.0,300.0,300.13496963866106,0.029986509105671005,1.5408053219380187,88.28164199834454
564.0,942.0,555.0,942.0,564.0,942.0,81.0,90000.0,90081.0,9.0,300.0,300.13496963866106,0.029986509105671005,1.5408053219380187,88.28164199834454
564.0,942.0,555.0,942.0,564.0,942.0,81.0,90000.0,90081.0,9.0,300.0,300.13496963866106,0.029986509105671005,1.5408053219380187,88.28164199834454
564.0,943.0,559.0,943.0,564.0,943.0,25.0,89401.0,89426.0,5.0,299.0,299.04180309782777,0.016720070398867654,1.554075477252092,89.04196589132404
564.0,943.0,559.0,943.0,564.0,943.0,25.0,89401.0,89426.0,5.0,299.0,299.04180309782777,0.016720070398867654,1.554075477252092,89.04196589132404
564.0,943.0,559.0,943.0,564.0,943.0,25.0,89401.0,89426.0,5.0,299.0,299.04180309782777,0.016720070398867654,1.554075477252092,89.04196589132404
564.0,944.0,559.0,944.0,564.0,944.0,25.0,85849.0,85874.0,5.0,293.0,293.04265901059523,0.017062362240642993,1.5537331365680036,89.02235121497016
564.0,944.0,559.0,944.0,564.0,944.0,25.0,88804.0,88829.0,5.0,298.0,298.04194335697116,0.016776162253147684,1.5540193775292834,89.03875161397526
563.0,943.0,559.0,943.0,563.0,943.0,16.0,89401.0,89417.0,4.0,299.0,299.02675465583343,0.013376729465575155,1.5574191983654646,89.23354699898908
563.0,944.0,559.0,944.0,563.0,944.0,16.0,88804.0,88820.0,4.0,298.0,298.0268444284843,0.013421609746835593,1.5573743140548055,89.23097531742197
563.0,944.0,554.0,944.0,563.0,944.0,81.0,88804.0,88885.0,9.0,298.0,298.1358750637031,0.030187578056739925,1.5406041619179338,88.27011637818691
563.0,944.0,559.0,944.0,563.0,944.0,16.0,88804.0,88820.0,4.0,298.0,298.0268444284843,0.013421609746835593,1.5573743140548055,89.23097531742197
563.0,944.0,559.0,944.0,563.0,944.0,16.0,88804.0,88820.0,4.0,298.0,298.0268444284843,0.013421609746835593,1.5573743140548055,89.23097531742197
563.0,944.0,559.0,944.0,563.0,944.0,16.0,88804.0,88820.0,4.0,298.0,298.0268444284843,0.013421609746835593,1.5573743140548055,89.23097531742197
563.0,944.0,554.0,944.0,563.0,944.0,81.0,88804.0,88885.0,9.0,298.0,298.1358750637031,0.030187578056739925,1.5406041619179338,88.27011637818691
559.0,943.0,559.0,943.0,559.0,943.0,0.0,89401.0,89401.0,0.0,299.0,299.0,nan,nan,nan
559.0,943.0,559.0,943.0,559.0,943.0,0.0,89401.0,89401.0,0.0,299.0,299.0,nan,nan,nan
559.0,944.0,559.0,944.0,559.0,944.0,0.0,85849.0,85849.0,0.0,293.0,293.0,nan,nan,nan
559.0,944.0,559.0,944.0,559.0,944.0,0.0,85849.0,85849.0,0.0,293.0,293.0,nan,nan,nan
559.0,944.0,559.0,944.0,559.0,944.0,0.0,85849.0,85849.0,0.0,293.0,293.0,nan,nan,nan
559.0,944.0,559.0,944.0,559.0,944.0,0.0,85849.0,85849.0,0.0,293.0,293.0,nan,nan,nan
559.0,944.0,559.0,944.0,559.0,944.0,0.0,88804.0,88804.0,0.0,298.0,298.0,nan,nan,nan
559.0,944.0,559.0,944.0,559.0,944.0,0.0,88804.0,88804.0,0.0,298.0,298.0,nan,nan,nan
559.0,944.0,559.0,944.0,559.0,944.0,0.0,88804.0,88804.0,0.0,298.0,298.0,nan,nan,nan
559.0,944.0,559.0,944.0,559.0,944.0,0.0,88804.0,88804.0,0.0,298.0,298.0,nan,nan,nan
559.0,944.0,559.0,944.0,559.0,944.0,0.0,88804.0,88804.0,0.0,298.0,298.0,nan,nan,nan
554.0,945.0,559.0,945.0,554.0,945.0,25.0,88209.0,88234.0,5.0,297.0,297.0420845604205,0.01683263167035499,1.5539629001372435,90.96448430222654
554.0,944.0,559.0,944.0,554.0,944.0,25.0,88804.0,88829.0,5.0,298.0,298.04194335697116,0.016776162253147684,1.5540193775292834,90.96124838602474
554.0,944.0,559.0,944.0,554.0,944.0,25.0,88804.0,88829.0,5.0,298.0,298.04194335697116,0.016776162253147684,1.5540193775292834,90.96124838602474
554.0,945.0,559.0,945.0,554.0,945.0,25.0,88209.0,88234.0,5.0,297.0,297.0420845604205,0.01683263167035499,1.5539629001372435,90.96448430222654
554.0,945.0,559.0,945.0,554.0,945.0,25.0,85849.0,85874.0,5.0,293.0,293.04265901059523,0.017062362240642993,1.5537331365680036,90.97764878502984
554.0,945.0,559.0,945.0,554.0,945.0,25.0,88209.0,88234.0,5.0,297.0,297.0420845604205,0.01683263167035499,1.5539629001372435,90.96448430222654
554.0,945.0,559.0,945.0,554.0,945.0,25.0,88209.0,88234.0,5.0,297.0,297.0420845604205,0.01683263167035499,1.5539629001372435,90.96448430222654
554.0,941.0,558.0,941.0,554.0,941.0,16.0,88209.0,88225.0,4.0,297.0,297.0269348055829,0.013466792170272957,1.5573291275475274,90.77161367873602
554.0,945.0,558.0,945.0,554.0,945.0,16.0,88209.0,88225.0,4.0,297.0,297.0269348055829,0.013466792170272957,1.5573291275475274,90.77161367873602
558.0,944.0,549.0,944.0,558.0,944.0,81.0,86436.0,86517.0,9.0,294.0,294.1377228442486,0.030597911457843404,1.5401936388661779,88.24659513992847
558.0,944.0,549.0,944.0,558.0,944.0,81.0,86436.0,86517.0,9.0,294.0,294.1377228442486,0.030597911457843404,1.5401936388661779,88.24659513992847
558.0,940.0,549.0,940.0,558.0,940.0,81.0,88804.0,88885.0,9.0,298.0,298.1358750637031,0.030187578056739925,1.5406041619179338,88.27011637818691
558.0,944.0,549.0,944.0,558.0,944.0,81.0,86436.0,86517.0,9.0,294.0,294.1377228442486,0.030597911457843404,1.5401936388661779,88.24659513992847
558.0,940.0,549.0,940.0,558.0,940.0,81.0,88804.0,88885.0,9.0,298.0,298.1358750637031,0.030187578056739925,1.5406041619179338,88.27011637818691
554.0,944.0,550.0,944.0,554.0,944.0,16.0,86436.0,86452.0,4.0,294.0,294.0272096252318,0.01360418311318335,1.5571917240171214,89.22051367888153
554.0,943.0,549.0,943.0,554.0,943.0,25.0,87025.0,87050.0,5.0,295.0,295.0423698386386,0.01694671854328769,1.5538487969884918,89.02897806892084
554.0,944.0,549.0,944.0,554.0,944.0,25.0,86436.0,86461.0,5.0,294.0,294.0425139329345,0.01700434380431261,1.5537911634227668,89.02567590884651
554.0,943.0,549.0,943.0,554.0,943.0,25.0,87025.0,87050.0,5.0,295.0,295.0423698386386,0.01694671854328769,1.5538487969884918,89.02897806892084
554.0,943.0,549.0,943.0,554.0,943.0,25.0,87025.0,87050.0,5.0,295.0,295.0423698386386,0.01694671854328769,1.5538487969884918,89.02897806892084
554.0,943.0,549.0,943.0,554.0,943.0,25.0,87025.0,87050.0,5.0,295.0,295.0423698386386,0.01694671854328769,1.5538487969884918,89.02897806892084
554.0,943.0,549.0,943.0,554.0,943.0,25.0,87025.0,87050.0,5.0,295.0,295.0423698386386,0.01694671854328769,1.5538487969884918,89.02897806892084
554.0,943.0,549.0,943.0,554.0,943.0,25.0,87025.0,87050.0,5.0,295.0,295.0423698386386,0.01694671854328769,1.5538487969884918,89.02897806892084
554.0,943.0,549.0,943.0,554.0,943.0,25.0,87025.0,87050.0,5.0,295.0,295.0423698386386,0.01694671854328769,1.5538487969884918,89.02897806892084
554.0,943.0,549.0,943.0,554.0,943.0,25.0,87025.0,87050.0,5.0,295.0,295.0423698386386,0.01694671854328769,1.5538487969884918,89.02897806892084
554.0,943.0,549.0,943.0,554.0,943.0,25.0,87025.0,87050.0,5.0,295.0,295.0423698386386,0.01694671854328769,1.5538487969884918,89.02897806892084
554.0,943.0,549.0,943.0,554.0,943.0,25.0,87025.0,87050.0,5.0,295.0,295.0423698386386,0.01694671854328769,1.5538487969884918,89.02897806892084
553.0,943.0,549.0,943.0,553.0,943.0,16.0,87025.0,87041.0,4.0,295.0,295.0271173977063,0.013558075729723066,1.55723783565336,89.22315568102444
553.0,943.0,549.0,943.0,553.0,943.0,16.0,87025.0,87041.0,4.0,295.0,295.0271173977063,0.013558075729723066,1.55723783565336,89.22315568102444
553.0,943.0,549.0,943.0,553.0,943.0,16.0,87025.0,87041.0,4.0,295.0,295.0271173977063,0.013558075729723066,1.55723783565336,89.22315568102444
553.0,943.0,549.0,943.0,553.0,943.0,16.0,87025.0,87041.0,4.0,295.0,295.0271173977063,0.013558075729723066,1.55723783565336,89.22315568102444
553.0,943.0,549.0,943.0,553.0,943.0,16.0,87025.0,87041.0,4.0,295.0,295.0271173977063,0.013558075729723066,1.55723783565336,89.22315568102444
553.0,943.0,549.0,943.0,553.0,943.0,16.0,87025.0,87041.0,4.0,295.0,295.0271173977063,0.013558075729723066,1.55723783565336,89.22315568102444
553.0,943.0,549.0,943.0,553.0,943.0,16.0,87025.0,87041.0,4.0,295.0,295.0271173977063,0.013558075729723066,1.55723783565336,89.22315568102444
553.0,943.0,549.0,943.0,553.0,943.0,16.0,87025.0,87041.0,4.0,295.0,295.0271173977063,0.013558075729723066,1.55723783565336,89.22315568102444
553.0,943.0,549.0,943.0,553.0,943.0,16.0,87025.0,87041.0,4.0,295.0,295.0271173977063,0.013558075729723066,1.55723783565336,89.22315568102444
553.0,943.0,549.0,943.0,553.0,943.0,16.0,87025.0,87041.0,4.0,295.0,295.0271173977063,0.013558075729723066,1.55723783565336,89.22315568102444
553.0,943.0,549.0,943.0,553.0,943.0,16.0,87025.0,87041.0,4.0,295.0,295.0271173977063,0.013558075729723066,1.55723783565336,89.22315568102444
553.0,943.0,549.0,943.0,553.0,943.0,16.0,87025.0,87041.0,4.0,295.0,295.0271173977063,0.013558075729723066,1.55723783565336,89.22315568102444
553.0,943.0,549.0,943.0,553.0,943.0,16.0,87025.0,87041.0,4.0,295.0,295.0271173977063,0.013558075729723066,1.55723783565336,89.22315568102444
554.0,943.0,549.0,943.0,554.0,943.0,25.0,87025.0,87050.0,5.0,295.0,295.0423698386386,0.01694671854328769,1.5538487969884918,89.02897806892084
554.0,943.0,549.0,943.0,554.0,943.0,25.0,87025.0,87050.0,5.0,295.0,295.0423698386386,0.01694671854328769,1.5538487969884918,89.02897806892084
554.0,943.0,549.0,943.0,554.0,943.0,25.0,87025.0,87050.0,5.0,295.0,295.0423698386386,0.01694671854328769,1.5538487969884918,89.02897806892084
554.0,943.0,549.0,943.0,554.0,943.0,25.0,87025.0,87050.0,5.0,295.0,295.0423698386386,0.01694671854328769,1.5538487969884918,89.02897806892084
554.0,942.0,549.0,942.0,554.0,942.0,25.0,87616.0,87641.0,5.0,296.0,296.04222671774374,0.016889482474968555,1.553906041249692,89.03225792348896
554.0,942.0,549.0,942.0,554.0,942.0,25.0,87616.0,87641.0,5.0,296.0,296.04222671774374,0.016889482474968555,1.553906041249692,89.03225792348896
554.0,942.0,549.0,942.0,554.0,942.0,25.0,87616.0,87641.0,5.0,296.0,296.04222671774374,0.016889482474968555,1.553906041249692,89.03225792348896
554.0,942.0,549.0,942.0,554.0,942.0,25.0,87616.0,87641.0,5.0,296.0,296.04222671774374,0.016889482474968555,1.553906041249692,89.03225792348896
554.0,942.0,549.0,942.0,554.0,942.0,25.0,87616.0,87641.0,5.0,296.0,296.04222671774374,0.016889482474968555,1.553906041249692,89.03225792348896
554.0,942.0,549.0,942.0,554.0,942.0,25.0,87616.0,87641.0,5.0,296.0,296.04222671774374,0.016889482474968555,1.553906041249692,89.03225792348896
554.0,942.0,549.0,942.0,554.0,942.0,25.0,87616.0,87641.0,5.0,296.0,296.04222671774374,0.016889482474968555,1.553906041249692,89.03225792348896
554.0,942.0,549.0,942.0,554.0,942.0,25.0,87616.0,87641.0,5.0,296.0,296.04222671774374,0.016889482474968555,1.553906041249692,89.03225792348896
554.0,942.0,549.0,942.0,554.0,942.0,25.0,87616.0,87641.0,5.0,296.0,296.04222671774374,0.016889482474968555,1.553906041249692,89.03225792348896
554.0,942.0,549.0,942.0,554.0,942.0,25.0,87616.0,87641.0,5.0,296.0,296.04222671774374,0.016889482474968555,1.553906041249692,89.03225792348896
554.0,942.0,549.0,942.0,554.0,942.0,25.0,87616.0,87641.0,5.0,296.0,296.04222671774374,0.016889482474968555,1.553906041249692,89.03225792348896
554.0,942.0,549.0,942.0,554.0,942.0,25.0,87616.0,87641.0,5.0,296.0,296.04222671774374,0.016889482474968555,1.553906041249692,89.03225792348896
554.0,943.0,549.0,943.0,554.0,943.0,25.0,87025.0,87050.0,5.0,295.0,295.0423698386386,0.01694671854328769,1.5538487969884918,89.02897806892084
554.0,942.0,549.0,942.0,554.0,942.0,25.0,87616.0,87641.0,5.0,296.0,296.04222671774374,0.016889482474968555,1.553906041249692,89.03225792348896
554.0,942.0,549.0,942.0,554.0,942.0,25.0,87616.0,87641.0,5.0,296.0,296.04222671774374,0.016889482474968555,1.553906041249692,89.03225792348896
554.0,942.0,549.0,942.0,554.0,942.0,25.0,87616.0,87641.0,5.0,296.0,296.04222671774374,0.016889482474968555,1.553906041249692,89.03225792348896
554.0,942.0,549.0,942.0,554.0,942.0,25.0,87616.0,87641.0,5.0,296.0,296.04222671774374,0.016889482474968555,1.553906041249692,89.03225792348896
549.0,943.0,549.0,943.0,549.0,943.0,0.0,87025.0,87025.0,0.0,295.0,295.0,nan,nan,nan
549.0,943.0,549.0,943.0,549.0,943.0,0.0,87025.0,87025.0,0.0,295.0,295.0,nan,nan,nan
550.0,942.0,550.0,942.0,550.0,942.0,0.0,85264.0,85264.0,0.0,292.0,292.0,nan,nan,nan
550.0,942.0,550.0,942.0,550.0,942.0,0.0,87616.0,87616.0,0.0,296.0,296.0,nan,nan,nan
544.0,943.0,549.0,943.0,544.0,943.0,25.0,84681.0,84706.0,5.0,291.0,291.04295215655026,0.017179594843136865,1.5536158867795904,90.98436670305472
544.0,944.0,549.0,944.0,544.0,944.0,25.0,84100.0,84125.0,5.0,290.0,290.0431002454635,0.01723881725084479,1.5535566556003668,90.98776039963981
540.0,944.0,549.0,944.0,540.0,944.0,81.0,84100.0,84181.0,9.0,290.0,290.13962156175774,0.03101954828352977,1.5397718017906263,91.77757434414278
539.0,944.0,548.0,944.0,539.0,944.0,81.0,84100.0,84181.0,9.0,290.0,290.13962156175774,0.03101954828352977,1.5397718017906263,91.77757434414278
534.0,945.0,548.0,945.0,534.0,945.0,196.0,83521.0,83717.0,14.0,289.0,289.33890163612637,0.04838616556859143,1.5223912608557462,92.77340598536577
534.0,945.0,548.0,945.0,534.0,945.0,196.0,83521.0,83717.0,14.0,289.0,289.33890163612637,0.04838616556859143,1.5223912608557462,92.77340598536577
530.0,944.0,548.0,944.0,530.0,944.0,324.0,84100.0,84424.0,18.0,290.0,290.5580836941213,0.06194974777899867,1.5088068856003767,93.5517333548204
525.0,946.0,544.0,946.0,525.0,946.0,361.0,85264.0,85625.0,19.0,292.0,292.61749776799064,0.06493118198647384,1.5058194324193175,93.72290181358802
521.0,943.0,545.0,943.0,521.0,943.0,576.0,87025.0,87601.0,24.0,295.0,295.9746610775997,0.08108802257808007,1.4896191776783076,94.65110803728469
516.0,945.0,544.0,945.0,516.0,945.0,784.0,85849.0,86633.0,28.0,293.0,294.334843333235,0.09512974978738563,1.475522507401596,95.45878774932777
511.0,944.0,544.0,944.0,511.0,944.0,1089.0,88804.0,89893.0,33.0,298.0,299.8216136305053,0.11006544725180688,1.4605074297295753,96.31908832899568
506.0,946.0,543.0,946.0,506.0,946.0,1369.0,87616.0,88985.0,37.0,296.0,298.30353668704635,0.12403473458920845,1.446441332248135,97.1250163489018
496.0,946.0,543.0,946.0,496.0,946.0,2209.0,85264.0,87473.0,47.0,292.0,295.758347304011,0.15891351986657046,1.4112062358209834,99.14383866491409
491.0,946.0,542.0,946.0,491.0,946.0,2601.0,88209.0,90810.0,51.0,297.0,301.34697609234445,0.1692401253244088,1.4007377052028402,99.74364128703716
485.0,949.0,540.0,949.0,485.0,949.0,3025.0,85849.0,88874.0,55.0,293.0,298.11742652854093,0.1844910599170708,1.3852423186937317,100.63146153593303
478.0,952.0,537.0,952.0,478.0,952.0,3481.0,81796.0,85277.0,59.0,286.0,292.02225942554446,0.20203939287389477,1.367356515500552,101.65624257210384
471.0,952.0,534.0,952.0,471.0,952.0,3969.0,83521.0,87490.0,63.0,289.0,295.78708558691335,0.21299104345611547,1.3561610957504862,102.29769287366003
469.0,950.0,533.0,950.0,469.0,950.0,4096.0,85264.0,89360.0,64.0,292.0,298.9314302645341,0.2140959214070074,1.3550301303878542,102.36249241571431
458.0,952.0,531.0,952.0,458.0,952.0,5329.0,85264.0,90593.0,73.0,292.0,300.9867106700892,0.24253562503633297,1.3258176636680326,104.03624346792647
454.0,952.0,532.0,952.0,454.0,952.0,6084.0,82944.0,89028.0,78.0,288.0,298.3756022197525,0.2614154757283181,1.306307944245664,105.1540680503126
446.0,954.0,528.0,954.0,446.0,954.0,6724.0,79524.0,86248.0,82.0,282.0,293.6800980659057,0.2792153793873976,1.2878194334220792,106.21338168998595
435.0,956.0,531.0,956.0,435.0,956.0,9216.0,82944.0,92160.0,96.0,288.0,303.5786553761644,0.31622776601683794,1.2490457723982544,108.43494882292201
426.0,959.0,527.0,959.0,426.0,959.0,10201.0,76176.0,86377.0,101.0,276.0,293.8996427354072,0.3436547219314879,1.2199904422987018,110.0996966099858
419.0,960.0,521.0,960.0,419.0,960.0,10404.0,77284.0,87688.0,102.0,278.0,296.1215966457023,0.3444530934433632,1.2191401609914914,110.14841414028783
408.0,957.0,515.0,957.0,408.0,957.0,11449.0,77841.0,89290.0,107.0,279.0,298.8143236192,0.3580818974941696,1.2045835690863467,110.98244542054691
399.0,959.0,515.0,959.0,399.0,959.0,13456.0,79524.0,92980.0,116.0,282.0,304.92622058458664,0.3804198923189079,1.180546043695702,112.35969417536941
390.0,960.0,505.0,960.0,390.0,960.0,13225.0,74529.0,87754.0,115.0,273.0,296.23301639081353,0.3882079094393823,1.1721101346095535,112.84303616236178
384.0,964.0,499.0,964.0,384.0,964.0,13225.0,75625.0,88850.0,115.0,275.0,298.0771712157776,0.3858061304424809,1.174714885230589,112.69379494509236
375.0,963.0,494.0,963.0,375.0,963.0,14161.0,73441.0,87602.0,119.0,271.0,295.9763504065823,0.40205915045756146,1.1570316589021268,113.70696918188787
367.0,964.0,489.0,964.0,367.0,964.0,14884.0,75625.0,90509.0,122.0,275.0,300.84713726409296,0.40552155858775746,1.1532469886757613,113.92381481270743
357.0,961.0,483.0,961.0,357.0,961.0,15876.0,77284.0,93160.0,126.0,278.0,305.2212312405544,0.4128153191961127,1.1452534319412115,114.38181187689551
350.0,958.0,480.0,958.0,350.0,958.0,16900.0,77284.0,94184.0,130.0,278.0,306.8941185490527,0.4235988640467261,1.133381765569282,115.06200825579447
340.0,959.0,476.0,959.0,340.0,959.0,18496.0,73984.0,92480.0,136.0,272.0,304.1052449399714,0.447213595499958,1.1071487177940904,116.56505117707799
335.0,956.0,468.0,956.0,335.0,956.0,17689.0,75625.0,93314.0,133.0,275.0,305.4734030975528,0.4353897872985247,1.1203251147804136,115.81009924057277
328.0,948.0,460.0,948.0,328.0,948.0,17424.0,77284.0,94708.0,132.0,278.0,307.7466490475567,0.42892424794396966,1.1274947470515337,115.3993095707768
322.0,944.0,453.0,944.0,322.0,944.0,17161.0,73441.0,90602.0,131.0,271.0,301.0016611249845,0.4352135450362351,1.1205208776003777,115.79888285720325
317.0,936.0,445.0,936.0,317.0,936.0,16384.0,71824.0,88208.0,128.0,268.0,296.99831649354513,0.43097887392497025,1.1252190398203148,115.52969799053305
316.0,931.0,444.0,931.0,316.0,931.0,16384.0,76176.0,92560.0,128.0,276.0,304.2367499169027,0.42072497827748,1.1365520059980956,114.88036685918169
309.0,919.0,433.0,919.0,309.0,919.0,15376.0,71289.0,86665.0,124.0,267.0,294.3891981714003,0.4212111068280579,1.1360160764348284,114.9110733612732
304.0,913.0,427.0,913.0,304.0,913.0,15129.0,68121.0,83250.0,123.0,261.0,288.5307609250702,0.42629770082622975,1.1304003406045535,115.23283132320834
302.0,905.0,417.0,905.0,302.0,905.0,13225.0,67081.0,80306.0,115.0,259.0,283.38313287844073,0.4058110263370195,1.1529302917184294,113.94196021174719
302.0,897.0,414.0,897.0,302.0,897.0,12544.0,64009.0,76553.0,112.0,253.0,276.68212808202844,0.4047966551955794,1.154039886069638,113.87838513845138
301.0,885.0,406.0,885.0,301.0,885.0,11025.0,67081.0,78106.0,105.0,259.0,279.47450688747983,0.3757051087392182,1.1856388204314225,112.0678995624102
298.0,875.0,405.0,875.0,298.0,875.0,11449.0,67600.0,79049.0,107.0,260.0,281.1565400270817,0.3805709089665618,1.1803827441124013,112.36905055228878
294.0,866.0,401.0,866.0,294.0,866.0,11449.0,65536.0,76985.0,107.0,256.0,277.46170906991836,0.3856387980837989,1.1748962527396338,112.68340335228329
294.0,855.0,398.0,855.0,294.0,855.0,10816.0,70225.0,81041.0,104.0,265.0,284.6770099604111,0.36532630441236846,1.196813014369434,111.42766541030149
287.0,839.0,393.0,839.0,287.0,839.0,11236.0,70225.0,81461.0,106.0,265.0,285.41373477812874,0.37139067635410367,1.1902899496825319,111.8014094863518
286.0,830.0,385.0,830.0,286.0,830.0,9801.0,72900.0,82701.0,99.0,270.0,287.57781555606823,0.3442546491584232,1.219351532791345,110.13630342824813
285.0,821.0,379.0,821.0,285.0,821.0,8836.0,75625.0,84461.0,94.0,275.0,290.6217472936256,0.323444480240594,1.2414289447283295,108.87136090168717
288.0,805.0,370.0,805.0,288.0,805.0,6724.0,80656.0,87380.0,82.0,284.0,295.6010825419961,0.27740087855852236,1.2897085709249974,106.10514208414885
288.0,793.0,360.0,793.0,288.0,793.0,5184.0,84681.0,89865.0,72.0,291.0,299.7749155616594,0.24018020275345767,1.3282448433677059,103.89717631501536
287.0,782.0,354.0,782.0,287.0,782.0,4489.0,85849.0,90338.0,67.0,293.0,300.5628054167714,0.22291514050481176,1.3459924885630787,102.88031114902486
287.0,771.0,345.0,771.0,287.0,771.0,3364.0,97344.0,100708.0,58.0,312.0,317.34523787194286,0.18276625289522866,1.3869969624757443,100.53092785267484
280.0,763.0,339.0,763.0,280.0,763.0,3481.0,99225.0,102706.0,59.0,315.0,320.4777683397087,0.1841001337024401,1.385640057839599,100.6086727615277
283.0,753.0,325.0,753.0,283.0,753.0,1764.0,103041.0,104805.0,42.0,321.0,323.736003558455,0.12973533848056018,1.4406942690849316,97.45429881274846
280.0,744.0,328.0,744.0,280.0,744.0,2304.0,98596.0,100900.0,48.0,314.0,317.6476034853718,0.15111085200493407,1.4191043939903107,98.69130753588485
278.0,734.0,319.0,734.0,278.0,734.0,1681.0,104329.0,106010.0,41.0,323.0,325.59176893772974,0.12592455925334328,1.4445365726469352,97.23415103503757
279.0,726.0,314.0,726.0,279.0,726.0,1225.0,108241.0,109466.0,35.0,329.0,330.8564643467013,0.1057860545935226,1.4648119688052967,96.0724564072077
275.0,714.0,310.0,714.0,275.0,714.0,1225.0,111556.0,112781.0,35.0,334.0,335.828825445345,0.10421976122385043,1.4663869690779683,95.98221553885166
274.0,708.0,314.0,708.0,274.0,708.0,1600.0,109561.0,111161.0,40.0,331.0,333.4081582685103,0.11997306906865186,1.450533571309292,96.89054832193894
275.0,699.0,310.0,699.0,275.0,699.0,1225.0,112225.0,113450.0,35.0,335.0,336.82339586198583,0.10391202164098284,1.4666963886852973,95.96448710125311
276.0,695.0,311.0,695.0,276.0,695.0,1225.0,113569.0,114794.0,35.0,337.0,338.81263258621277,0.10330193338081647,1.46730977802302,95.92934248100327
274.0,696.0,305.0,696.0,274.0,696.0,961.0,116281.0,117242.0,31.0,341.0,342.4061915328051,0.09053574604251853,1.4801364395941514,95.1944289077348
275.0,690.0,305.0,690.0,275.0,690.0,900.0,116281.0,117181.0,30.0,341.0,342.31710445141357,0.08763803972949888,1.4830457146446014,95.02773972590131
271.0,687.0,306.0,687.0,271.0,687.0,1225.0,120409.0,121634.0,35.0,347.0,348.7606629194296,0.10035535460627816,1.4702717543986272,95.75963373566353
269.0,688.0,310.0,688.0,269.0,688.0,1681.0,115600.0,117281.0,41.0,340.0,342.4631367023318,0.11972091476706036,1.4507875562398964,96.87599605735538
268.0,688.0,303.0,688.0,268.0,688.0,1225.0,116964.0,118189.0,35.0,342.0,343.78627081371354,0.10180743959657816,1.4688121936372243,95.84326040723482
267.0,685.0,302.0,685.0,267.0,685.0,1225.0,115600.0,116825.0,35.0,340.0,341.796723214252,0.10240004547398948,1.468216474376602,95.87739260664313
269.0,682.0,304.0,682.0,269.0,682.0,1225.0,119716.0,120941.0,35.0,346.0,347.76572574076357,0.10064246534199922,1.4699831826718266,95.77616767769601
274.0,681.0,297.0,681.0,274.0,681.0,529.0,120409.0,120938.0,23.0,347.0,347.76141246550054,0.06613729751365587,1.5046107184709538,93.79215602146785
273.0,683.0,302.0,683.0,273.0,683.0,841.0,113569.0,114410.0,29.0,337.0,338.2454729926182,0.08573655027345448,1.484954389466726,94.91838071413069
271.0,681.0,301.0,681.0,271.0,681.0,900.0,116964.0,117864.0,30.0,342.0,343.3132680220792,0.08738374771484402,1.4833009859925053,95.0131137550358
270.0,682.0,300.0,682.0,270.0,682.0,900.0,112225.0,113125.0,30.0,335.0,336.34060117684277,0.08919529754965996,1.4814823338016745,95.11731484997263
275.0,684.0,299.0,684.0,275.0,684.0,576.0,115600.0,116176.0,24.0,340.0,340.84600628436294,0.0704130298067132,1.5003249822161009,94.03771062097712
273.0,681.0,297.0,681.0,273.0,681.0,576.0,119025.0,119601.0,24.0,345.0,345.83377510011945,0.06939750171322034,1.5013430007995745,93.97938245267821
272.0,687.0,295.0,687.0,272.0,687.0,529.0,115600.0,116129.0,23.0,340.0,340.77705321808276,0.06749280734369453,1.5032521726984784,93.86999496050603
272.0,686.0,296.0,686.0,272.0,686.0,576.0,119025.0,119601.0,24.0,345.0,345.83377510011945,0.06939750171322034,1.5013430007995745,93.97938245267821
272.0,684.0,295.0,684.0,272.0,684.0,529.0,119716.0,120245.0,23.0,346.0,346.7636082405419,0.06632760605041758,1.5044199911387226,93.80308389264249
272.0,684.0,290.0,684.0,272.0,684.0,324.0,128164.0,128488.0,18.0,358.0,358.4522283373337,0.05021589650451409,1.5205593019355557,92.87836949973403
270.0,684.0,288.0,684.0,270.0,684.0,324.0,123201.0,123525.0,18.0,351.0,351.4612354157994,0.0512147519731584,1.519559159391478,92.93567344642116
275.0,686.0,293.0,686.0,275.0,686.0,324.0,122500.0,122824.0,18.0,350.0,350.46255149445,0.05136069438302041,1.5194130246562914,92.94404634998762
274.0,683.0,286.0,683.0,274.0,683.0,144.0,124609.0,124753.0,12.0,353.0,353.2039071131575,0.03397470910806065,1.5368150782300978,91.94698212534796
273.0,687.0,291.0,687.0,273.0,687.0,324.0,122500.0,122824.0,18.0,350.0,350.46255149445,0.05136069438302041,1.5194130246562914,92.94404634998762
273.0,686.0,291.0,686.0,273.0,686.0,324.0,123201.0,123525.0,18.0,351.0,351.4612354157994,0.0512147519731584,1.519559159391478,92.93567344642116
275.0,688.0,293.0,688.0,275.0,688.0,324.0,117649.0,117973.0,18.0,343.0,343.4719784785944,0.05240602182376221,1.5183662873709778,93.00401997869507
274.0,684.0,292.0,684.0,274.0,684.0,324.0,125316.0,125640.0,18.0,354.0,354.4573317058063,0.050781852679914946,1.519992622736675,92.91083782616775
274.0,686.0,292.0,686.0,274.0,686.0,324.0,120409.0,120733.0,18.0,347.0,347.4665451521916,0.05180354843116173,1.5189695802719365,92.96945384165993
273.0,686.0,297.0,686.0,273.0,686.0,576.0,120409.0,120985.0,24.0,347.0,347.82898096622137,0.06899942590560247,1.5017420331249551,93.9565195845446
277.0,686.0,296.0,686.0,277.0,686.0,361.0,120409.0,120770.0,19.0,347.0,347.51978360950903,0.05467314638221969,1.5160959059767034,93.13410325047201
272.0,690.0,296.0,690.0,272.0,690.0,576.0,112225.0,112801.0,24.0,335.0,335.85860119996926,0.07145864335244602,1.4992767279440569,94.09777116662181
273.0,686.0,297.0,686.0,273.0,686.0,576.0,116964.0,117540.0,24.0,342.0,342.8410710518797,0.07000328148073091,1.5007357441564413,94.01417569541101
271.0,687.0,295.0,687.0,271.0,687.0,576.0,116281.0,116857.0,24.0,341.0,341.84353145847297,0.070207559281886,1.5005309625077397,94.02590881960334
271.0,689.0,295.0,689.0,271.0,689.0,576.0,110889.0,111465.0,24.0,333.0,333.86374466239965,0.07188561316913464,1.4988486572315145,94.12229781178364
270.0,690.0,294.0,690.0,270.0,690.0,576.0,112896.0,113472.0,24.0,336.0,336.8560523428368,0.07124704998790965,1.4994888620096063,94.08561677997487
269.0,690.0,293.0,690.0,269.0,690.0,576.0,113569.0,114145.0,24.0,337.0,337.85351855500926,0.07103670283691992,1.499699743491086,94.07353416110863
269.0,685.0,293.0,685.0,269.0,685.0,576.0,112896.0,113472.0,24.0,336.0,336.8560523428368,0.07124704998790965,1.4994888620096063,94.08561677997487
268.0,692.0,293.0,692.0,268.0,692.0,625.0,111556.0,112181.0,25.0,334.0,334.93432191998477,0.0746414994339471,1.4960853439881288,94.28062399810226
267.0,695.0,291.0,695.0,267.0,695.0,576.0,110224.0,110800.0,24.0,332.0,332.86633954186476,0.07210101217513316,1.4986326978352391,94.13467137373641
267.0,697.0,291.0,697.0,267.0,697.0,576.0,108241.0,108817.0,24.0,329.0,329.874218453034,0.07275500374824537,1.4979769841118689,94.17224100265435
266.0,691.0,290.0,691.0,266.0,691.0,576.0,115600.0,116176.0,24.0,340.0,340.84600628436294,0.0704130298067132,1.5003249822161009,94.03771062097712
267.0,691.0,291.0,691.0,267.0,691.0,576.0,115600.0,116176.0,24.0,340.0,340.84600628436294,0.0704130298067132,1.5003249822161009,94.03771062097712
267.0,697.0,291.0,697.0,267.0,697.0,576.0,108241.0,108817.0,24.0,329.0,329.874218453034,0.07275500374824537,1.4979769841118689,94.17224100265435
267.0,688.0,290.0,688.0,267.0,688.0,529.0,114244.0,114773.0,23.0,338.0,338.7816405887427,0.06789033774094151,1.502853728384836,93.89282413804872
267.0,691.0,290.0,691.0,267.0,691.0,529.0,112896.0,113425.0,23.0,336.0,336.7862823809782,0.06829256772988758,1.5024505626792726,93.91592383142192
267.0,691.0,291.0,691.0,267.0,691.0,576.0,112896.0,113472.0,24.0,336.0,336.8560523428368,0.07124704998790965,1.4994888620096063,94.08561677997487
268.0,690.0,292.0,690.0,268.0,690.0,576.0,113569.0,114145.0,24.0,337.0,337.85351855500926,0.07103670283691992,1.499699743491086,94.07353416110863
263.0,695.0,293.0,695.0,263.0,695.0,900.0,113569.0,114469.0,30.0,337.0,338.3326765182459,0.08867012287647638,1.4820095976923537,95.08710485434706
270.0,690.0,287.0,690.0,270.0,690.0,289.0,113569.0,113858.0,17.0,337.0,337.4285109471338,0.050381042053270514,1.5203939470855514,92.8878436347613
270.0,690.0,288.0,690.0,270.0,690.0,324.0,113569.0,113893.0,18.0,337.0,337.4803697994892,0.05333643557014747,1.5174345704340109,93.05740342688412
268.0,690.0,286.0,690.0,268.0,690.0,324.0,109561.0,109885.0,18.0,331.0,331.48906467634794,0.05430043376415583,1.5164691730884228,93.11271662033946
268.0,690.0,286.0,690.0,268.0,690.0,324.0,113569.0,113893.0,18.0,337.0,337.4803697994892,0.05333643557014747,1.5174345704340109,93.05740342688412
268.0,689.0,286.0,689.0,268.0,689.0,324.0,113569.0,113893.0,18.0,337.0,337.4803697994892,0.05333643557014747,1.5174345704340109,93.05740342688412
268.0,690.0,286.0,690.0,268.0,690.0,324.0,109561.0,109885.0,18.0,331.0,331.48906467634794,0.05430043376415583,1.5164691730884228,93.11271662033946
268.0,685.0,286.0,685.0,268.0,685.0,324.0,112896.0,113220.0,18.0,336.0,336.48179742743883,0.0534947213716119,1.5172760583355815,93.06648550112588
268.0,691.0,286.0,691.0,268.0,691.0,324.0,108900.0,109224.0,18.0,330.0,330.4905444940899,0.05446449315986979,1.5163048705541655,93.1221304621157
268.0,686.0,286.0,686.0,268.0,686.0,324.0,112896.0,113220.0,18.0,336.0,336.48179742743883,0.0534947213716119,1.5172760583355815,93.06648550112588
268.0,687.0,286.0,687.0,268.0,687.0,324.0,108241.0,108565.0,18.0,329.0,329.49203328760467,0.05462954542602943,1.5161395721921247,93.13160136062106
265.0,685.0,289.0,685.0,265.0,685.0,576.0,114244.0,114820.0,24.0,338.0,338.85099970340946,0.07082759095002462,1.499909383431412,94.06152267731058
264.0,690.0,287.0,690.0,264.0,690.0,529.0,108241.0,108770.0,23.0,329.0,329.802971484491,0.06973860755854826,1.501001066516891,93.9989738439468
264.0,690.0,287.0,690.0,264.0,690.0,529.0,108241.0,108770.0,23.0,329.0,329.802971484491,0.06973860755854826,1.501001066516891,93.9989738439468
264.0,686.0,287.0,686.0,264.0,686.0,529.0,115600.0,116129.0,23.0,340.0,340.77705321808276,0.06749280734369453,1.5032521726984784,93.86999496050603
263.0,688.0,287.0,688.0,263.0,688.0,576.0,114244.0,114820.0,24.0,338.0,338.85099970340946,0.07082759095002462,1.499909383431412,94.06152267731058
269.0,687.0,286.0,687.0,269.0,687.0,289.0,114921.0,115210.0,17.0,339.0,339.42598604113977,0.05008455657234073,1.5206908073429575,92.87083479490676
269.0,684.0,286.0,684.0,269.0,684.0,289.0,111556.0,111845.0,17.0,334.0,334.43235489408016,0.05083240228172349,1.5199420077648096,92.91373785043581
269.0,684.0,286.0,684.0,269.0,684.0,289.0,115600.0,115889.0,17.0,340.0,340.42473470651333,0.04993761694389224,1.5208379310729538,92.86240522611175
269.0,688.0,287.0,688.0,269.0,688.0,324.0,112225.0,112549.0,18.0,335.0,335.4832335601885,0.05365394809446013,1.5171166026124725,93.07562164107924
269.0,686.0,287.0,686.0,269.0,686.0,324.0,113569.0,113893.0,18.0,337.0,337.4803697994892,0.05333643557014747,1.5174345704340109,93.05740342688412
269.0,687.0,287.0,687.0,269.0,687.0,324.0,112896.0,113220.0,18.0,336.0,336.48179742743883,0.0534947213716119,1.5172760583355815,93.06648550112588
269.0,690.0,287.0,690.0,269.0,690.0,324.0,114244.0,114568.0,18.0,338.0,338.47895060106765,0.05317908238617431,1.5175921472514058,93.04837494029829
263.0,690.0,287.0,690.0,263.0,690.0,576.0,114921.0,115497.0,24.0,339.0,339.84849565652047,0.07061970350534205,1.500117792744291,94.04958170327137
270.0,685.0,287.0,685.0,270.0,685.0,289.0,114244.0,114533.0,17.0,338.0,338.42724476613876,0.050232362384852916,1.520542815248557,92.87931411731721
270.0,686.0,287.0,686.0,270.0,686.0,289.0,114244.0,114533.0,17.0,338.0,338.42724476613876,0.050232362384852916,1.520542815248557,92.87931411731721
264.0,691.0,288.0,691.0,264.0,691.0,576.0,110224.0,110800.0,24.0,332.0,332.86633954186476,0.07210101217513316,1.4986326978352391,94.13467137373641
265.0,690.0,282.0,690.0,265.0,690.0,289.0,106929.0,107218.0,17.0,327.0,327.44159784608917,0.051917655276012574,1.5188553196703682,92.97600049189441
265.0,690.0,289.0,690.0,265.0,690.0,576.0,110889.0,111465.0,24.0,333.0,333.86374466239965,0.07188561316913464,1.4988486572315145,94.12229781178364
265.0,695.0,289.0,695.0,265.0,695.0,576.0,107584.0,108160.0,24.0,328.0,328.87687665751145,0.072975638311578,1.4977557614917774,94.1849161251184
266.0,695.0,284.0,695.0,266.0,695.0,324.0,104329.0,104653.0,18.0,323.0,323.5011591942137,0.05564122256883077,1.5151263537867998,93.18965449897115
266.0,695.0,284.0,695.0,266.0,695.0,324.0,104329.0,104653.0,18.0,323.0,323.5011591942137,0.05564122256883077,1.5151263537867998,93.18965449897115
266.0,695.0,290.0,695.0,266.0,695.0,576.0,104329.0,104905.0,24.0,323.0,323.8904135660702,0.07409913660536377,1.4966292129634677,94.24946260120723
266.0,689.0,284.0,689.0,266.0,689.0,324.0,107584.0,107908.0,18.0,328.0,328.4935311387425,0.054795599589440684,1.5159732689304184,93.1411298356361
266.0,690.0,284.0,690.0,266.0,690.0,324.0,107584.0,107908.0,18.0,328.0,328.4935311387425,0.054795599589440684,1.5159732689304184,93.1411298356361
266.0,695.0,284.0,695.0,266.0,695.0,324.0,104329.0,104653.0,18.0,323.0,323.5011591942137,0.05564122256883077,1.5151263537867998,93.18965449897115
266.0,690.0,290.0,690.0,266.0,690.0,576.0,111556.0,112132.0,24.0,334.0,334.8611652610676,0.07167149400943193,1.4990633301203975,94.10999796127477
266.0,691.0,290.0,691.0,266.0,691.0,576.0,110889.0,111465.0,24.0,333.0,333.86374466239965,0.07188561316913464,1.4988486572315145,94.12229781178364
266.0,690.0,284.0,690.0,266.0,690.0,324.0,107584.0,107908.0,18.0,328.0,328.4935311387425,0.054795599589440684,1.5159732689304184,93.1411298356361
267.0,695.0,291.0,695.0,267.0,695.0,576.0,108241.0,108817.0,24.0,329.0,329.874218453034,0.07275500374824537,1.4979769841118689,94.17224100265435
266.0,695.0,284.0,695.0,266.0,695.0,324.0,104329.0,104653.0,18.0,323.0,323.5011591942137,0.05564122256883077,1.5151263537867998,93.18965449897115
264.0,691.0,288.0,691.0,264.0,691.0,576.0,106276.0,106852.0,24.0,326.0,326.88224179358537,0.07342093552807666,1.4973092665073091,94.2104984033022
264.0,692.0,288.0,692.0,264.0,692.0,576.0,106276.0,106852.0,24.0,326.0,326.88224179358537,0.07342093552807666,1.4973092665073091,94.2104984033022
264.0,692.0,288.0,692.0,264.0,692.0,576.0,110224.0,110800.0,24.0,332.0,332.86633954186476,0.07210101217513316,1.4986326978352391,94.13467137373641
270.0,687.0,288.0,687.0,270.0,687.0,324.0,108900.0,109224.0,18.0,330.0,330.4905444940899,0.05446449315986979,1.5163048705541655,93.1221304621157
270.0,692.0,288.0,692.0,270.0,692.0,324.0,109561.0,109885.0,18.0,331.0,331.48906467634794,0.05430043376415583,1.5164691730884228,93.11271662033946
271.0,682.0,289.0,682.0,271.0,682.0,324.0,116281.0,116605.0,18.0,341.0,341.4747428434496,0.05271253695109208,1.5180593479926199,93.02160630964134
271.0,683.0,289.0,683.0,271.0,683.0,324.0,112225.0,112549.0,18.0,335.0,335.4832335601885,0.05365394809446013,1.5171166026124725,93.07562164107924
271.0,683.0,289.0,683.0,271.0,683.0,324.0,112225.0,112549.0,18.0,335.0,335.4832335601885,0.05365394809446013,1.5171166026124725,93.07562164107924
265.0,692.0,289.0,692.0,265.0,692.0,576.0,106929.0,107505.0,24.0,327.0,327.8795510549568,0.07319761150940851,1.4975331930556572,94.19766835716092
271.0,686.0,289.0,686.0,271.0,686.0,324.0,110889.0,111213.0,18.0,333.0,333.4861316456803,0.053975258015000444,1.5167948264189284,93.0940580589171
271.0,690.0,289.0,690.0,271.0,690.0,324.0,112225.0,112549.0,18.0,335.0,335.4832335601885,0.05365394809446013,1.5171166026124725,93.07562164107924
271.0,690.0,288.0,690.0,271.0,690.0,289.0,108241.0,108530.0,17.0,329.0,329.4389169481954,0.05160288941416495,1.519170508031334,92.95794152905943
271.0,690.0,289.0,690.0,271.0,690.0,324.0,104976.0,105300.0,18.0,324.0,324.49961479175903,0.05547001962252291,1.5152978215491797,93.17983011986423
271.0,686.0,289.0,686.0,271.0,686.0,324.0,108241.0,108565.0,18.0,329.0,329.49203328760467,0.05462954542602943,1.5161395721921247,93.13160136062106
266.0,689.0,290.0,689.0,266.0,689.0,576.0,108900.0,109476.0,24.0,330.0,330.8715762950937,0.07253569577882138,1.498196873064402,94.15964229371264
266.0,691.0,290.0,691.0,266.0,691.0,576.0,107584.0,108160.0,24.0,328.0,328.87687665751145,0.072975638311578,1.4977557614917774,94.1849161251184
266.0,692.0,290.0,692.0,266.0,692.0,576.0,106929.0,107505.0,24.0,327.0,327.8795510549568,0.07319761150940851,1.4975331930556572,94.19766835716092
266.0,688.0,290.0,688.0,266.0,688.0,576.0,110224.0,110800.0,24.0,332.0,332.86633954186476,0.07210101217513316,1.4986326978352391,94.13467137373641
266.0,694.0,290.0,694.0,266.0,694.0,576.0,109561.0,110137.0,24.0,331.0,331.86895003901765,0.07231770250630055,1.4984154403523264,94.14711931057495
267.0,692.0,296.0,692.0,267.0,692.0,841.0,106929.0,107770.0,29.0,327.0,328.28341414089135,0.08833830388870605,1.4823427239348816,95.06801812660517
266.0,691.0,290.0,691.0,266.0,691.0,576.0,106929.0,107505.0,24.0,327.0,327.8795510549568,0.07319761150940851,1.4975331930556572,94.19766835716092
267.0,690.0,290.0,690.0,267.0,690.0,529.0,111556.0,112085.0,23.0,334.0,334.79097956784915,0.06869958094357435,1.502042591295381,93.93929886988103
267.0,690.0,291.0,690.0,267.0,690.0,576.0,111556.0,112132.0,24.0,334.0,334.8611652610676,0.07167149400943193,1.4990633301203975,94.10999796127477
267.0,690.0,297.0,690.0,267.0,690.0,900.0,111556.0,112456.0,30.0,334.0,335.3445988829998,0.08946021525298777,1.48121635278126,95.13255443987296
267.0,689.0,291.0,689.0,267.0,689.0,576.0,108900.0,109476.0,24.0,330.0,330.8715762950937,0.07253569577882138,1.498196873064402,94.15964229371264
267.0,689.0,291.0,689.0,267.0,689.0,576.0,108900.0,109476.0,24.0,330.0,330.8715762950937,0.07253569577882138,1.498196873064402,94.15964229371264
268.0,688.0,291.0,688.0,268.0,688.0,529.0,109561.0,110090.0,23.0,331.0,331.79813139919884,0.06931925717305452,1.5014214342225096,93.97488854857126
267.0,689.0,297.0,689.0,267.0,689.0,900.0,108900.0,109800.0,30.0,330.0,331.3608305156178,0.09053574604251853,1.4801364395941514,95.1944289077348
267.0,694.0,291.0,694.0,267.0,694.0,576.0,104976.0,105552.0,24.0,324.0,324.8876728963412,0.07387168551531179,1.4968572891369563,94.23639479905884
267.0,689.0,290.0,689.0,267.0,689.0,529.0,108900.0,109429.0,23.0,330.0,330.80054413498175,0.0695283015937693,1.501211884211455,93.9868948798016
267.0,687.0,290.0,687.0,267.0,687.0,529.0,109561.0,110090.0,23.0,331.0,331.79813139919884,0.06931925717305452,1.5014214342225096,93.97488854857126
267.0,689.0,291.0,689.0,267.0,689.0,576.0,108241.0,108817.0,24.0,329.0,329.874218453034,0.07275500374824537,1.4979769841118689,94.17224100265435
271.0,684.0,295.0,684.0,271.0,684.0,576.0,112225.0,112801.0,24.0,335.0,335.85860119996926,0.07145864335244602,1.4992767279440569,94.09777116662181
271.0,690.0,294.0,690.0,271.0,690.0,529.0,108241.0,108770.0,23.0,329.0,329.802971484491,0.06973860755854826,1.501001066516891,93.9989738439468
271.0,684.0,294.0,684.0,271.0,684.0,529.0,112225.0,112754.0,23.0,335.0,335.78862398836566,0.06849547112947131,1.5022471830430313,93.92757662621746
271.0,684.0,294.0,684.0,271.0,684.0,529.0,112225.0,112754.0,23.0,335.0,335.78862398836566,0.06849547112947131,1.5022471830430313,93.92757662621746
271.0,684.0,295.0,684.0,271.0,684.0,576.0,108241.0,108817.0,24.0,329.0,329.874218453034,0.07275500374824537,1.4979769841118689,94.17224100265435
271.0,684.0,295.0,684.0,271.0,684.0,576.0,108241.0,108817.0,24.0,329.0,329.874218453034,0.07275500374824537,1.4979769841118689,94.17224100265435
271.0,684.0,295.0,684.0,271.0,684.0,576.0,108900.0,109476.0,24.0,330.0,330.8715762950937,0.07253569577882138,1.498196873064402,94.15964229371264
272.0,684.0,295.0,684.0,272.0,684.0,529.0,108241.0,108770.0,23.0,329.0,329.802971484491,0.06973860755854826,1.501001066516891,93.9989738439468
272.0,689.0,295.0,689.0,272.0,689.0,529.0,108900.0,109429.0,23.0,330.0,330.80054413498175,0.0695283015937693,1.501211884211455,93.9868948798016
272.0,687.0,295.0,687.0,272.0,687.0,529.0,109561.0,110090.0,23.0,331.0,331.79813139919884,0.06931925717305452,1.5014214342225096,93.97488854857126
272.0,689.0,296.0,689.0,272.0,689.0,576.0,104976.0,105552.0,24.0,324.0,324.8876728963412,0.07387168551531179,1.4968572891369563,94.23639479905884
274.0,685.0,292.0,685.0,274.0,685.0,324.0,106276.0,106600.0,18.0,326.0,326.49655434629017,0.05513075026485199,1.5156376108667178,93.16036162604567
268.0,687.0,292.0,687.0,268.0,687.0,576.0,109561.0,110137.0,24.0,331.0,331.86895003901765,0.07231770250630055,1.4984154403523264,94.14711931057495
268.0,686.0,292.0,686.0,268.0,686.0,576.0,110224.0,110800.0,24.0,332.0,332.86633954186476,0.07210101217513316,1.4986326978352391,94.13467137373641
268.0,688.0,292.0,688.0,268.0,688.0,576.0,108900.0,109476.0,24.0,330.0,330.8715762950937,0.07253569577882138,1.498196873064402,94.15964229371264
269.0,686.0,292.0,686.0,269.0,686.0,529.0,110889.0,111418.0,23.0,333.0,333.79334924470857,0.06890490793793011,1.5018367765852196,93.95109118413498
269.0,687.0,298.0,687.0,269.0,687.0,841.0,110224.0,111065.0,29.0,332.0,333.2641594891356,0.08701805812078452,1.4836680739197996,94.99208116609164
269.0,687.0,298.0,687.0,269.0,687.0,841.0,110224.0,111065.0,29.0,332.0,333.2641594891356,0.08701805812078452,1.4836680739197996,94.99208116609164
269.0,686.0,299.0,686.0,269.0,686.0,900.0,110224.0,111124.0,30.0,332.0,333.35266610603253,0.08999478045409609,1.4806796225934187,95.16330681437354
269.0,688.0,299.0,688.0,269.0,688.0,900.0,109561.0,110461.0,30.0,331.0,332.3567360532956,0.09026445606683686,1.4804088449265582,95.17882123187104
269.0,691.0,299.0,691.0,269.0,691.0,900.0,107584.0,108484.0,30.0,328.0,329.3690938749415,0.09108322716942814,1.4795866870382102,95.22592740896677
270.0,688.0,293.0,688.0,270.0,688.0,529.0,106276.0,106805.0,23.0,326.0,326.8103425535979,0.07037720966932964,1.5003608914375737,94.03565317414113
270.0,689.0,294.0,689.0,270.0,689.0,576.0,110224.0,110800.0,24.0,332.0,332.86633954186476,0.07210101217513316,1.4986326978352391,94.13467137373641
270.0,691.0,294.0,691.0,270.0,691.0,576.0,108900.0,109476.0,24.0,330.0,330.8715762950937,0.07253569577882138,1.498196873064402,94.15964229371264
265.0,697.0,300.0,697.0,265.0,697.0,1225.0,105625.0,106850.0,35.0,325.0,326.87918257362304,0.10707319971995141,1.4635174711464938,96.14662565964667
271.0,692.0,294.0,692.0,271.0,692.0,529.0,108900.0,109429.0,23.0,330.0,330.80054413498175,0.0695283015937693,1.501211884211455,93.9868948798016
271.0,692.0,295.0,692.0,271.0,692.0,576.0,108900.0,109476.0,24.0,330.0,330.8715762950937,0.07253569577882138,1.498196873064402,94.15964229371264
266.0,696.0,295.0,696.0,266.0,696.0,841.0,101124.0,101965.0,29.0,318.0,319.3195891266303,0.09081810508186415,1.4798529125249131,95.21067381217988
266.0,696.0,295.0,696.0,266.0,696.0,841.0,104976.0,105817.0,29.0,324.0,325.2952505032928,0.08914977994646882,1.481528033463465,95.11469645222685
271.0,686.0,295.0,686.0,271.0,686.0,576.0,107584.0,108160.0,24.0,328.0,328.87687665751145,0.072975638311578,1.4977557614917774,94.1849161251184
271.0,686.0,295.0,686.0,271.0,686.0,576.0,107584.0,108160.0,24.0,328.0,328.87687665751145,0.072975638311578,1.4977557614917774,94.1849161251184
271.0,692.0,294.0,692.0,271.0,692.0,529.0,103684.0,104213.0,23.0,322.0,322.8203834952186,0.07124704998790964,1.4994888620096063,94.08561677997487
271.0,687.0,294.0,687.0,271.0,687.0,529.0,106929.0,107458.0,23.0,327.0,327.8078705583501,0.07016304996223689,1.5005755818600155,94.02335231903334
271.0,692.0,300.0,692.0,271.0,692.0,841.0,106929.0,107770.0,29.0,327.0,328.28341414089135,0.08833830388870605,1.4823427239348816,95.06801812660517
270.0,686.0,299.0,686.0,270.0,686.0,841.0,110889.0,111730.0,29.0,333.0,334.26037755019667,0.08675871251190999,1.4839284040843899,94.97716534638067
270.0,685.0,299.0,685.0,270.0,685.0,841.0,114921.0,115762.0,29.0,339.0,340.2381518877623,0.08523441547956243,1.4854583691258396,94.88950480670304
270.0,685.0,299.0,685.0,270.0,685.0,841.0,114921.0,115762.0,29.0,339.0,340.2381518877623,0.08523441547956243,1.4854583691258396,94.88950480670304
270.0,687.0,299.0,687.0,270.0,687.0,841.0,110224.0,111065.0,29.0,332.0,333.2641594891356,0.08701805812078452,1.4836680739197996,94.99208116609164
270.0,692.0,300.0,692.0,270.0,692.0,900.0,106276.0,107176.0,30.0,326.0,327.37745799000885,0.09163734175282028,1.4790302453550903,95.2578091689547
271.0,685.0,300.0,685.0,271.0,685.0,841.0,110889.0,111730.0,29.0,333.0,334.26037755019667,0.08675871251190999,1.4839284040843899,94.97716534638067
276.0,687.0,299.0,687.0,276.0,687.0,529.0,109561.0,110090.0,23.0,331.0,331.79813139919884,0.06931925717305452,1.5014214342225096,93.97488854857126
270.0,686.0,299.0,686.0,270.0,686.0,841.0,109561.0,110402.0,29.0,331.0,332.26796414941964,0.08727895292053739,1.4834061827099796,95.0070864271059
270.0,685.0,300.0,685.0,270.0,685.0,900.0,110224.0,111124.0,30.0,332.0,333.35266610603253,0.08999478045409609,1.4806796225934187,95.16330681437354
270.0,685.0,300.0,685.0,270.0,685.0,900.0,110224.0,111124.0,30.0,332.0,333.35266610603253,0.08999478045409609,1.4806796225934187,95.16330681437354
271.0,687.0,300.0,687.0,271.0,687.0,841.0,110224.0,111065.0,29.0,332.0,333.2641594891356,0.08701805812078452,1.4836680739197996,94.99208116609164
270.0,683.0,299.0,683.0,270.0,683.0,841.0,113569.0,114410.0,29.0,337.0,338.2454729926182,0.08573655027345448,1.484954389466726,94.91838071413069
270.0,684.0,299.0,684.0,270.0,684.0,841.0,112896.0,113737.0,29.0,336.0,337.24916604789405,0.08598983457792035,1.4847001662993222,94.93294662867737
271.0,683.0,300.0,683.0,271.0,683.0,841.0,113569.0,114410.0,29.0,337.0,338.2454729926182,0.08573655027345448,1.484954389466726,94.91838071413069
271.0,683.0,300.0,683.0,271.0,683.0,841.0,113569.0,114410.0,29.0,337.0,338.2454729926182,0.08573655027345448,1.484954389466726,94.91838071413069
271.0,685.0,300.0,685.0,271.0,685.0,841.0,108900.0,109741.0,29.0,330.0,331.27179173603054,0.08754141077942507,1.4831427164079656,95.02218193425522
271.0,682.0,300.0,682.0,271.0,682.0,841.0,111556.0,112397.0,29.0,334.0,335.25661813005274,0.08650090238860049,1.4841871870846008,94.96233817265885
276.0,683.0,299.0,683.0,276.0,683.0,529.0,106929.0,107458.0,23.0,327.0,327.8078705583501,0.07016304996223689,1.5005755818600155,94.02335231903334
271.0,686.0,300.0,686.0,271.0,686.0,841.0,108900.0,109741.0,29.0,330.0,331.27179173603054,0.08754141077942507,1.4831427164079656,95.02218193425522
276.0,680.0,299.0,680.0,276.0,680.0,529.0,112896.0,113425.0,23.0,336.0,336.7862823809782,0.06829256772988758,1.5024505626792726,93.91592383142192
276.0,682.0,299.0,682.0,276.0,682.0,529.0,110224.0,110753.0,23.0,332.0,332.7957331457241,0.06911146300643461,1.501629727931744,93.96295419813299
276.0,682.0,299.0,682.0,276.0,682.0,529.0,110224.0,110753.0,23.0,332.0,332.7957331457241,0.06911146300643461,1.501629727931744,93.96295419813299
282.0,682.0,300.0,682.0,282.0,682.0,324.0,108900.0,109224.0,18.0,330.0,330.4905444940899,0.05446449315986979,1.5163048705541655,93.1221304621157
281.0,679.0,304.0,679.0,281.0,679.0,529.0,112225.0,112754.0,23.0,335.0,335.78862398836566,0.06849547112947131,1.5022471830430313,93.92757662621746
286.0,677.0,303.0,677.0,286.0,677.0,289.0,116964.0,117253.0,17.0,342.0,342.42225394971047,0.04964630599767236,1.5211296038078648,92.84569360940232
281.0,676.0,305.0,676.0,281.0,676.0,576.0,112896.0,113472.0,24.0,336.0,336.8560523428368,0.07124704998790965,1.4994888620096063,94.08561677997487
280.0,680.0,304.0,680.0,280.0,680.0,576.0,108900.0,109476.0,24.0,330.0,330.8715762950937,0.07253569577882138,1.498196873064402,94.15964229371264
279.0,679.0,303.0,679.0,279.0,679.0,576.0,114921.0,115497.0,24.0,339.0,339.84849565652047,0.07061970350534205,1.500117792744291,94.04958170327137
278.0,676.0,302.0,676.0,278.0,676.0,576.0,115600.0,116176.0,24.0,340.0,340.84600628436294,0.0704130298067132,1.5003249822161009,94.03771062097712
279.0,676.0,303.0,676.0,279.0,676.0,576.0,115600.0,116176.0,24.0,340.0,340.84600628436294,0.0704130298067132,1.5003249822161009,94.03771062097712
277.0,681.0,307.0,681.0,277.0,681.0,900.0,111556.0,112456.0,30.0,334.0,335.3445988829998,0.08946021525298777,1.48121635278126,95.13255443987296
276.0,681.0,306.0,681.0,276.0,681.0,900.0,107584.0,108484.0,30.0,328.0,329.3690938749415,0.09108322716942814,1.4795866870382102,95.22592740896677
277.0,680.0,307.0,680.0,277.0,680.0,900.0,112896.0,113796.0,30.0,336.0,337.33662712489433,0.08893193797450552,1.4817467441603989,95.10216525235819
279.0,682.0,308.0,682.0,279.0,682.0,841.0,110889.0,111730.0,29.0,333.0,334.26037755019667,0.08675871251190999,1.4839284040843899,94.97716534638067
279.0,681.0,308.0,681.0,279.0,681.0,841.0,108241.0,109082.0,29.0,329.0,330.2756424564185,0.08780544573106595,1.4828776607981926,95.03736850203148
280.0,679.0,315.0,679.0,280.0,679.0,1225.0,109561.0,110786.0,35.0,331.0,332.8453094156503,0.1051539529322095,1.4654476158084226,96.03603651666845
275.0,681.0,316.0,681.0,275.0,681.0,1681.0,103684.0,105365.0,41.0,322.0,324.59975354272837,0.12630939966072094,1.4441486346986234,97.2563782421888
275.0,680.0,316.0,680.0,275.0,680.0,1681.0,108900.0,110581.0,41.0,330.0,332.53721596236414,0.12329447060938976,1.4471873224118796,97.08227426096096
276.0,683.0,317.0,683.0,276.0,683.0,1681.0,103684.0,105365.0,41.0,322.0,324.59975354272837,0.12630939966072094,1.4441486346986234,97.2563782421888
279.0,685.0,320.0,685.0,279.0,685.0,1681.0,103041.0,104722.0,41.0,321.0,323.60778729814274,0.12669658027180394,1.4437583183718057,97.27874172039051
272.0,683.0,325.0,683.0,272.0,683.0,2809.0,107584.0,110393.0,53.0,328.0,332.2544205875973,0.15951631254828347,1.4105956545216274,99.17882239641679
275.0,684.0,328.0,684.0,275.0,684.0,2809.0,103041.0,105850.0,53.0,321.0,325.3459696999488,0.16290350868301642,1.40716356534894,99.37546662092433
273.0,685.0,331.0,685.0,273.0,685.0,3364.0,101124.0,104488.0,58.0,318.0,323.24603632527345,0.17942988770830964,1.3903894236278114,100.33655414649931
274.0,690.0,338.0,690.0,274.0,690.0,4096.0,101761.0,105857.0,64.0,319.0,325.35672730097343,0.19670716671795255,1.3727979942633473,101.3444688046856
271.0,690.0,340.0,690.0,271.0,690.0,4761.0,101124.0,105885.0,69.0,318.0,325.39975414864716,0.21204687194840297,1.357127339254913,102.24233119887442
269.0,694.0,344.0,694.0,269.0,694.0,5625.0,101761.0,107386.0,75.0,319.0,327.6980317304332,0.22886924161233765,1.3398803931285859,103.23050842140248
270.0,693.0,346.0,693.0,270.0,693.0,5776.0,101761.0,107537.0,76.0,319.0,327.9283458318296,0.2317579464111798,1.3369118830366962,103.40059152110975
272.0,696.0,346.0,696.0,272.0,696.0,5476.0,96100.0,101576.0,74.0,310.0,318.709899438345,0.2321860730727488,1.3364717506426658,103.42580924971469
270.0,701.0,351.0,701.0,270.0,701.0,6561.0,96721.0,103282.0,81.0,311.0,321.37517016720506,0.25204187354566726,1.3160066577143021,104.59837270185295
275.0,710.0,351.0,710.0,275.0,710.0,5776.0,88804.0,94580.0,76.0,298.0,307.5386154615384,0.2471234380955479,1.3210858377850823,104.30735712041029
276.0,711.0,357.0,711.0,276.0,711.0,6561.0,88804.0,95365.0,81.0,298.0,308.8122406900348,0.2622953022166709,1.3053963081108966,105.20630095328639
278.0,714.0,354.0,714.0,278.0,714.0,5776.0,87616.0,93392.0,76.0,296.0,305.60104711862493,0.2486902473553997,1.3194685426340562,104.40002130679105
274.0,716.0,356.0,716.0,274.0,716.0,6724.0,91204.0,97928.0,82.0,302.0,312.93449793846634,0.2620356673367601,1.305665353407495,105.19088579329346
275.0,717.0,356.0,717.0,275.0,717.0,6561.0,88209.0,94770.0,81.0,297.0,307.8473647767673,0.26311740579210874,1.3045442776439713,105.25511870305778
272.0,725.0,360.0,725.0,272.0,725.0,7744.0,82369.0,90113.0,88.0,287.0,300.18827425467504,0.2931493584101229,1.2732770667052455,107.04659792699204
273.0,729.0,366.0,729.0,273.0,729.0,8649.0,85264.0,93913.0,93.0,292.0,306.45228013509706,0.30347302346388705,1.2624608602662826,107.66632090628684
270.0,732.0,366.0,732.0,270.0,732.0,9216.0,82944.0,92160.0,96.0,288.0,303.5786553761644,0.31622776601683794,1.2490457723982544,108.43494882292201
276.0,738.0,373.0,738.0,276.0,738.0,9409.0,77284.0,86693.0,97.0,278.0,294.43675042358416,0.3294425708083428,1.235083199690634,109.2349453102132
269.0,742.0,373.0,742.0,269.0,742.0,10816.0,72361.0,83177.0,104.0,269.0,288.40423020475964,0.3606049742271903,1.2018799007649437,111.13735420456652
275.0,741.0,378.0,741.0,275.0,741.0,10609.0,74529.0,85138.0,103.0,273.0,291.78416680827627,0.3530006481389328,1.2100200434894832,110.67095838181629
271.0,749.0,379.0,749.0,271.0,749.0,11664.0,76176.0,87840.0,108.0,276.0,296.37813684548325,0.3643993485805122,1.1978086049948355,111.37062226934319
276.0,757.0,382.0,757.0,276.0,757.0,11236.0,73441.0,84677.0,106.0,271.0,290.9931270666027,0.36426977182776776,1.1979477451080325,111.36265012809602
272.0,762.0,383.0,762.0,272.0,762.0,12321.0,77841.0,90162.0,111.0,279.0,300.26987860922713,0.36966744887673536,1.1921452351234192,111.69510946079689
274.0,762.0,388.0,762.0,274.0,762.0,12996.0,75076.0,88072.0,114.0,274.0,296.76927064640637,0.38413680685905083,1.1765236103664776,112.59016262850673
270.0,767.0,389.0,767.0,270.0,767.0,14161.0,72900.0,87061.0,119.0,270.0,295.0610106401725,0.4033064203969691,1.1556690279194473,113.78504218622918
270.0,773.0,389.0,773.0,270.0,773.0,14161.0,73984.0,88145.0,119.0,272.0,296.89223634174067,0.4008188340197078,1.1583858851975093,113.62937773065681
271.0,781.0,382.0,781.0,271.0,781.0,12321.0,73984.0,86305.0,111.0,272.0,293.7771264070775,0.37783744894485377,1.183336837968478,112.19979344205005
272.0,782.0,383.0,782.0,272.0,782.0,12321.0,77284.0,89605.0,111.0,278.0,299.3409427392117,0.37081462690756645,1.1909102969974965,111.76586620337206
270.0,790.0,391.0,790.0,270.0,790.0,14641.0,75625.0,90266.0,121.0,275.0,300.4430062424486,0.40273861426601687,1.1562894522101106,113.74949449286676
275.0,793.0,394.0,793.0,275.0,793.0,14161.0,79524.0,93685.0,119.0,282.0,306.08005488760614,0.38878717544564373,1.1714814882673794,112.87905494457469
271.0,802.0,400.0,802.0,271.0,802.0,16641.0,80656.0,97297.0,129.0,284.0,311.9246703933499,0.4135613891563167,1.14443415602847,114.42875292895232
271.0,807.0,405.0,807.0,271.0,807.0,17956.0,80656.0,98612.0,134.0,284.0,314.02547667346994,0.42671697029007594,1.1299367951771893,115.2593905198089
274.0,811.0,402.0,811.0,274.0,811.0,16384.0,83521.0,99905.0,128.0,289.0,316.07752213657966,0.40496394408169956,1.1538569306556272,113.88886771151326
278.0,817.0,411.0,817.0,278.0,817.0,17689.0,80089.0,97778.0,133.0,283.0,312.694739322554,0.4253349457945518,1.1314643822326496,115.17186622869221
274.0,823.0,417.0,823.0,274.0,823.0,20449.0,78961.0,99410.0,143.0,281.0,315.29351404683223,0.45354564438886447,1.1000566381197707,116.97139741038703
278.0,831.0,421.0,831.0,278.0,831.0,20449.0,78400.0,98849.0,143.0,280.0,314.40260813167566,0.45483083251049194,1.0986140743815496,117.05405022426572
278.0,837.0,426.0,837.0,278.0,837.0,21904.0,81225.0,103129.0,148.0,285.0,321.13704239779,0.46086243709211694,1.0918295819888573,117.4427730045056
277.0,845.0,422.0,845.0,277.0,845.0,21025.0,77841.0,98866.0,145.0,279.0,314.4296423685273,0.46115245021985785,1.0915027684327778,117.46149804195662
279.0,852.0,428.0,852.0,279.0,852.0,22201.0,76729.0,98930.0,149.0,277.0,314.5313974788527,0.4737205925841407,1.0772856210700512,118.2760805825564
276.0,858.0,434.0,858.0,276.0,858.0,24964.0,75625.0,100589.0,158.0,275.0,317.15768948584554,0.4981748992311643,1.0493037170505584,119.87932558561349
280.0,867.0,428.0,867.0,280.0,867.0,21904.0,75076.0,96980.0,148.0,274.0,311.4161203277698,0.47524835851216674,1.0755500434354728,118.37552185603504
281.0,873.0,433.0,873.0,281.0,873.0,23104.0,72361.0,95465.0,152.0,269.0,308.97410894765926,0.491950605562711,1.0564675177166354,119.46887004217427
278.0,879.0,436.0,879.0,278.0,879.0,24964.0,69696.0,94660.0,158.0,264.0,307.66865293688926,0.5135394798650802,1.0314916532642462,120.89988166498699
283.0,886.0,433.0,886.0,283.0,886.0,22500.0,66564.0,89064.0,150.0,258.0,298.4359227707013,0.5026204573745306,1.044169055361146,120.17352002964432
280.0,888.0,434.0,888.0,280.0,888.0,23716.0,67081.0,90797.0,154.0,259.0,301.3254055004324,0.5110753928771499,1.0343608691901656,120.73548770192008
282.0,897.0,438.0,897.0,282.0,897.0,24336.0,65536.0,89872.0,156.0,256.0,299.7865907608277,0.520370172675462,1.0235119458074597,121.35708522400992
282.0,903.0,442.0,903.0,282.0,903.0,25600.0,65025.0,90625.0,160.0,255.0,301.0398644698074,0.5314910710639357,1.0104364498900535,122.10625595511783
284.0,907.0,443.0,907.0,284.0,907.0,25281.0,69169.0,94450.0,159.0,263.0,307.3271872125862,0.5173639255352166,1.0270286247502762,121.15559436268401
283.0,911.0,445.0,911.0,283.0,911.0,26244.0,68121.0,94365.0,162.0,261.0,307.18886698576824,0.5273628617781428,1.015302591529353,121.82744657667311
285.0,921.0,449.0,921.0,285.0,921.0,26896.0,63001.0,89897.0,164.0,251.0,299.82828418946735,0.5469797502371897,0.992044153185836,123.16005693182187
283.0,925.0,451.0,925.0,283.0,925.0,28224.0,64516.0,92740.0,168.0,254.0,304.53242848668845,0.5516653869502227,0.9864366943812084,123.4813406551205
286.0,930.0,455.0,930.0,286.0,930.0,28561.0,65025.0,93586.0,169.0,255.0,305.91828974417336,0.5524350967747879,0.9855135714816191,123.53423170123887
286.0,933.0,455.0,933.0,286.0,933.0,28561.0,66564.0,95125.0,169.0,258.0,308.4234102658227,0.5479480298020925,0.990887071711604,123.22635281684815
289.0,939.0,454.0,939.0,289.0,939.0,27225.0,66564.0,93789.0,165.0,258.0,306.2498979591667,0.5387756897212094,1.0018131686855525,122.60033357369024
290.0,947.0,454.0,947.0,290.0,947.0,26896.0,65025.0,91921.0,164.0,255.0,303.18476215007905,0.5409242827277005,0.999260670190182,122.74658096468846
291.0,951.0,456.0,951.0,291.0,951.0,27225.0,63504.0,90729.0,165.0,252.0,301.21254953935767,0.5477859413637758,0.9910808263512179,123.21525149373718
292.0,954.0,463.0,954.0,292.0,954.0,29241.0,64516.0,93757.0,171.0,254.0,306.1976485866604,0.5584628124654045,0.978264768705447,123.94955750683624
298.0,955.0,464.0,955.0,298.0,955.0,27556.0,64009.0,91565.0,166.0,253.0,302.59709185648165,0.5485842543349091,0.9901263141007813,123.26994101718074
302.0,961.0,466.0,961.0,302.0,961.0,26896.0,63504.0,90400.0,164.0,252.0,300.66592756745814,0.5454558862949462,0.993863381777436,123.05582281155367
305.0,963.0,473.0,963.0,305.0,963.0,28224.0,62500.0,90724.0,168.0,250.0,301.20424963801554,0.5577610548387044,0.9791104986508351,123.90110075035767
307.0,965.0,478.0,965.0,307.0,965.0,29241.0,61504.0,90745.0,171.0,248.0,301.23910768690047,0.5676553795190916,0.9671412263410186,124.58688953755295
312.0,966.0,478.0,966.0,312.0,966.0,27556.0,63504.0,91060.0,166.0,252.0,301.7614952242913,0.5501033187703972,0.9883083732263253,123.3741013566914
314.0,966.0,481.0,966.0,314.0,966.0,27889.0,61504.0,89393.0,167.0,248.0,298.9866217742861,0.5585534195776601,0.9781555375837501,123.95581598910096
318.0,967.0,489.0,967.0,318.0,967.0,29241.0,63504.0,92745.0,171.0,252.0,304.54063768239536,0.5615014183372645,0.9745971854974166,124.15969454566942
326.0,964.0,494.0,964.0,326.0,964.0,28224.0,64516.0,92740.0,168.0,254.0,304.53242848668845,0.5516653869502227,0.9864366943812084,123.4813406551205
333.0,964.0,496.0,964.0,333.0,964.0,26569.0,66049.0,92618.0,163.0,257.0,304.33205549202336,0.5355991820725973,1.0055792048931476,122.38455559350157
338.0,967.0,502.0,967.0,338.0,967.0,26896.0,64516.0,91412.0,164.0,254.0,302.34417474130373,0.5424281785495757,0.9974715681783326,122.84908895908579
341.0,964.0,501.0,964.0,341.0,964.0,25600.0,68121.0,93721.0,160.0,261.0,306.13885738337757,0.522638652824238,1.0208533049306996,121.50941412548924
348.0,964.0,503.0,964.0,348.0,964.0,24025.0,68121.0,92146.0,155.0,261.0,303.55559622579847,0.5106148657022417,1.0348965697588033,120.7047943202544
353.0,961.0,506.0,961.0,353.0,961.0,23409.0,69169.0,92578.0,153.0,263.0,304.26633070387527,0.5028489338470579,1.0439047498300995,120.18866362107525
362.0,958.0,506.0,958.0,362.0,958.0,20736.0,70756.0,91492.0,144.0,266.0,302.47644536393244,0.4760701277970344,1.0746158214472916,118.42904883308614
366.0,956.0,511.0,956.0,366.0,956.0,21025.0,73441.0,94466.0,145.0,271.0,307.3532169995948,0.4717699115548583,1.0794992884240264,118.14924678592772
372.0,955.0,512.0,955.0,372.0,955.0,19600.0,73984.0,93584.0,140.0,272.0,305.9150208799823,0.45764343181737815,1.0954533446284016,117.23514669930252
375.0,954.0,512.0,954.0,375.0,954.0,18769.0,73984.0,92753.0,137.0,272.0,304.55377193526925,0.4498384608059242,1.1042118686752336,116.7333202366552
382.0,952.0,515.0,952.0,382.0,952.0,17689.0,75076.0,92765.0,133.0,274.0,304.5734722525913,0.43667624437659297,1.118895607698381,115.89200396315731
387.0,950.0,515.0,950.0,387.0,950.0,16384.0,78400.0,94784.0,128.0,280.0,307.8701024783017,0.4157597602677944,1.14201829934888,114.56717132060132
392.0,948.0,520.0,948.0,392.0,948.0,16384.0,78961.0,95345.0,128.0,281.0,308.7798568559808,0.4145348122876453,1.143364759866502,114.49002481566059
396.0,946.0,521.0,946.0,396.0,946.0,15625.0,79524.0,95149.0,125.0,282.0,308.4623153644542,0.40523588708821723,1.1535594886655887,113.90590988219245
401.0,943.0,515.0,943.0,401.0,943.0,12996.0,81796.0,94792.0,114.0,286.0,307.8830946966722,0.3702704109568384,1.191496221715064,111.73229518994304
405.0,942.0,518.0,942.0,405.0,942.0,12769.0,85264.0,98033.0,113.0,292.0,313.1022197302344,0.3609044998063559,1.2015587490594841,111.15575484187279
410.0,936.0,519.0,936.0,410.0,936.0,11881.0,85849.0,97730.0,109.0,293.0,312.61797773000836,0.3486683676718604,1.2146463918197448,110.4058881479349
417.0,937.0,526.0,937.0,417.0,937.0,11881.0,85264.0,97145.0,109.0,292.0,311.6809265899984,0.34971661946893645,1.2135277207345148,110.4699832797819
422.0,932.0,525.0,932.0,422.0,932.0,10609.0,90601.0,101210.0,103.0,301.0,318.1351913888182,0.3237617301951218,1.2410936537407533,108.89057166018407
431.0,933.0,525.0,933.0,431.0,933.0,8836.0,90000.0,98836.0,94.0,300.0,314.38193332314756,0.2989993699904475,1.2671524452829488,107.39751288560505
433.0,932.0,527.0,932.0,433.0,932.0,8836.0,87616.0,96452.0,94.0,296.0,310.56722299689,0.30267199188930927,1.2633014257690318,107.61816005057501
440.0,930.0,529.0,930.0,440.0,930.0,7921.0,92416.0,100337.0,89.0,304.0,316.76016163652906,0.28096967604822826,1.2859919893660228,106.31808652169425
445.0,930.0,533.0,930.0,445.0,930.0,7744.0,89401.0,97145.0,88.0,299.0,311.6809265899984,0.28234002305749,1.284563824061994,106.39991436606212
450.0,931.0,534.0,931.0,450.0,931.0,7056.0,91809.0,98865.0,84.0,303.0,314.42805218364344,0.2671517360382951,1.3003602016418965,105.49484859913863
460.0,931.0,535.0,931.0,460.0,931.0,5625.0,88804.0,94429.0,75.0,298.0,307.2930197710322,0.24406672190563722,1.3242391330138674,104.12668661224215
463.0,927.0,537.0,927.0,463.0,927.0,5476.0,88804.0,94280.0,74.0,298.0,307.0504844484047,0.24100271371639737,1.3273974411847795,103.9457288836472
470.0,928.0,541.0,928.0,470.0,928.0,5041.0,89401.0,94442.0,71.0,299.0,307.31417149230197,0.231033927447041,1.3376561003298633,103.35795101117063
473.0,926.0,538.0,926.0,473.0,926.0,4225.0,90000.0,94225.0,65.0,300.0,306.9609095634166,0.21175334700580606,1.3574276846430886,102.22512267573575
476.0,929.0,542.0,929.0,476.0,929.0,4356.0,91204.0,95560.0,66.0,302.0,309.127805284481,0.21350392579296512,1.3556361384514932,102.3277707113169
480.0,930.0,541.0,930.0,480.0,930.0,3721.0,90601.0,94322.0,61.0,301.0,307.11886949518424,0.19862016326208345,1.370846494083639,101.45628152870191
486.0,929.0,542.0,929.0,486.0,929.0,3136.0,88209.0,91345.0,56.0,297.0,302.2333535531775,0.18528729321777812,1.3844321169864593,100.67788267431403
490.0,926.0,541.0,926.0,490.0,926.0,2601.0,93025.0,95626.0,51.0,305.0,309.23453882126427,0.16492336268258087,1.4051160173197759,99.49278248134576
495.0,926.0,542.0,926.0,495.0,926.0,2209.0,93025.0,95234.0,47.0,305.0,308.6000648088072,0.1523006809124256,1.4179006323045913,98.76027800001613
500.0,926.0,546.0,926.0,500.0,926.0,2116.0,93025.0,95141.0,46.0,305.0,308.4493475434824,0.1491330760345192,1.4211048404022595,98.57669039933809
503.0,926.0,546.0,926.0,503.0,926.0,1849.0,93025.0,94874.0,43.0,305.0,308.01623333843946,0.13960303174265762,1.4307358174169957,98.0248760638062
507.0,922.0,544.0,922.0,507.0,922.0,1369.0,94864.0,96233.0,37.0,308.0,310.21444195910675,0.11927233228192978,1.451239376196538,96.85010868074002
508.0,923.0,550.0,923.0,508.0,923.0,1764.0,97344.0,99108.0,42.0,312.0,314.81423093627774,0.13341201214153917,1.436985349320306,97.66680426181416
514.0,927.0,547.0,927.0,514.0,927.0,1089.0,94864.0,95953.0,33.0,308.0,309.76281248723194,0.10653312363426524,1.464060654145761,96.1155035662854
518.0,926.0,555.0,926.0,518.0,926.0,1369.0,95481.0,96850.0,37.0,309.0,311.20732639190874,0.11889180254517936,1.4516226330323738,96.8281496815771
518.0,927.0,554.0,927.0,518.0,927.0,1296.0,94864.0,96160.0,36.0,308.0,310.0967590930289,0.11609279666544343,1.4544411615880217,96.66665989090137
526.0,927.0,553.0,927.0,526.0,927.0,729.0,92416.0,93145.0,27.0,304.0,305.19665791092797,0.08846754805512971,1.482212971762261,95.07545237847899
527.0,923.0,554.0,923.0,527.0,923.0,729.0,94864.0,95593.0,27.0,308.0,309.1811766586058,0.08732743788543466,1.483357511909578,95.00987505855443
531.0,925.0,554.0,925.0,531.0,925.0,529.0,94249.0,94778.0,23.0,307.0,307.86035795470644,0.07470919657471406,1.4960174573008125,94.2845136187706
535.0,924.0,553.0,924.0,535.0,924.0,324.0,94864.0,95188.0,18.0,308.0,308.52552568628744,0.058342012253153476,1.5124211664132807,93.34465031826588
537.0,923.0,555.0,923.0,537.0,923.0,324.0,95481.0,95805.0,18.0,309.0,309.5238278388273,0.05815384271279048,1.5126096559812923,93.33385066153657
542.0,922.0,556.0,922.0,542.0,922.0,196.0,98596.0,98792.0,14.0,314.0,314.3119469571591,0.04454173675399049,1.5262398486586868,92.55289814717175
544.0,920.0,553.0,920.0,544.0,920.0,81.0,99856.0,99937.0,9.0,316.0,316.12813857674865,0.02846946823689662,1.5423230113535782,91.63140080353222
550.0,924.0,555.0,924.0,550.0,924.0,25.0,100489.0,100514.0,5.0,317.0,317.0394297244429,0.01577090901389075,1.555024763946945,90.90364398751295
550.0,924.0,555.0,924.0,550.0,924.0,25.0,100489.0,100514.0,5.0,317.0,317.0394297244429,0.01577090901389075,1.555024763946945,90.90364398751295
551.0,924.0,556.0,924.0,551.0,924.0,25.0,100489.0,100514.0,5.0,317.0,317.0394297244429,0.01577090901389075,1.555024763946945,90.90364398751295
557.0,923.0,557.0,923.0,557.0,923.0,0.0,101124.0,101124.0,0.0,318.0,318.0,nan,nan,nan
558.0,923.0,558.0,923.0,558.0,923.0,0.0,104329.0,104329.0,0.0,323.0,323.0,nan,nan,nan
559.0,923.0,559.0,923.0,559.0,923.0,0.0,104329.0,104329.0,0.0,323.0,323.0,nan,nan,nan
559.0,924.0,559.0,924.0,559.0,924.0,0.0,100489.0,100489.0,0.0,317.0,317.0,nan,nan,nan
559.0,927.0,559.0,927.0,559.0,927.0,0.0,98596.0,98596.0,0.0,314.0,314.0,nan,nan,nan
564.0,927.0,559.0,927.0,564.0,927.0,25.0,98596.0,98621.0,5.0,314.0,314.0398063940302,0.0159215484731462,1.554874105570977,89.08772392339579
564.0,926.0,560.0,926.0,564.0,926.0,16.0,102400.0,102416.0,4.0,320.0,320.0249990235138,0.01249902355192602,1.5582969777755349,89.28384005452959
564.0,928.0,559.0,928.0,564.0,928.0,25.0,97969.0,97994.0,5.0,313.0,313.0399335548102,0.01597240308359748,1.5548232444929695,89.08480979828447
569.0,928.0,559.0,928.0,569.0,928.0,100.0,100489.0,100589.0,10.0,317.0,317.15768948584554,0.03153005691336483,1.5392610433042866,88.19316135023946
568.0,929.0,559.0,929.0,568.0,929.0,81.0,99856.0,99937.0,9.0,316.0,316.12813857674865,0.02846946823689662,1.5423230113535782,88.36859919646778
569.0,928.0,559.0,928.0,569.0,928.0,100.0,100489.0,100589.0,10.0,317.0,317.15768948584554,0.03153005691336483,1.5392610433042866,88.19316135023946
569.0,932.0,560.0,932.0,569.0,932.0,81.0,98596.0,98677.0,9.0,314.0,314.1289544120376,0.028650654050167094,1.5421417516002638,88.35821377760728
570.0,932.0,560.0,932.0,570.0,932.0,100.0,98596.0,98696.0,10.0,314.0,314.1591953134589,0.031830995715475686,1.538959953367782,88.1759101676239
575.0,931.0,560.0,931.0,575.0,931.0,225.0,99225.0,99450.0,15.0,315.0,315.35694062442957,0.04756514941544941,1.5232132235179132,87.27368900609373
575.0,932.0,560.0,932.0,575.0,932.0,225.0,98596.0,98821.0,15.0,314.0,314.35807608521844,0.04771628642978999,1.5230619146977638,87.26501964929606
575.0,933.0,561.0,933.0,575.0,933.0,196.0,97969.0,98165.0,14.0,313.0,313.31294259892934,0.04468375894040657,1.5260976849276433,87.43895647103963
575.0,933.0,561.0,933.0,575.0,933.0,196.0,97969.0,98165.0,14.0,313.0,313.31294259892934,0.04468375894040657,1.5260976849276433,87.43895647103963
575.0,934.0,561.0,934.0,575.0,934.0,196.0,94249.0,94445.0,14.0,307.0,307.31905245200795,0.04555526215604966,1.525225293237279,87.38897210909947
580.0,933.0,561.0,933.0,580.0,933.0,361.0,97969.0,98330.0,19.0,313.0,313.5761470520358,0.06059134337423656,1.5101678470921858,86.5262439947401
580.0,932.0,561.0,932.0,580.0,932.0,361.0,98596.0,98957.0,19.0,314.0,314.57431554403803,0.06039908238261792,1.510360460858647,86.53727995063444
580.0,933.0,561.0,933.0,580.0,933.0,361.0,97969.0,98330.0,19.0,313.0,313.5761470520358,0.06059134337423656,1.5101678470921858,86.5262439947401
580.0,932.0,561.0,932.0,580.0,932.0,361.0,98596.0,98957.0,19.0,314.0,314.57431554403803,0.06039908238261792,1.510360460858647,86.53727995063444
580.0,932.0,561.0,932.0,580.0,932.0,361.0,98596.0,98957.0,19.0,314.0,314.57431554403803,0.06039908238261792,1.510360460858647,86.53727995063444
580.0,932.0,562.0,932.0,580.0,932.0,324.0,98596.0,98920.0,18.0,314.0,314.5155004129367,0.0572308836173965,1.513534154947487,86.71911922739059
580.0,932.0,562.0,932.0,580.0,932.0,324.0,98596.0,98920.0,18.0,314.0,314.5155004129367,0.0572308836173965,1.513534154947487,86.71911922739059
581.0,932.0,562.0,932.0,581.0,932.0,361.0,95481.0,95842.0,19.0,309.0,309.58359129643804,0.0613727617811849,1.5093849716263403,86.48138853466281
581.0,932.0,562.0,932.0,581.0,932.0,361.0,95481.0,95842.0,19.0,309.0,309.58359129643804,0.0613727617811849,1.5093849716263403,86.48138853466281
581.0,932.0,562.0,932.0,581.0,932.0,361.0,95481.0,95842.0,19.0,309.0,309.58359129643804,0.0613727617811849,1.5093849716263403,86.48138853466281
581.0,932.0,562.0,932.0,581.0,932.0,361.0,95481.0,95842.0,19.0,309.0,309.58359129643804,0.0613727617811849,1.5093849716263403,86.48138853466281
581.0,932.0,562.0,932.0,581.0,932.0,361.0,95481.0,95842.0,19.0,309.0,309.58359129643804,0.0613727617811849,1.5093849716263403,86.48138853466281
581.0,932.0,562.0,932.0,581.0,932.0,361.0,95481.0,95842.0,19.0,309.0,309.58359129643804,0.0613727617811849,1.5093849716263403,86.48138853466281
580.0,932.0,562.0,932.0,580.0,932.0,324.0,98596.0,98920.0,18.0,314.0,314.5155004129367,0.0572308836173965,1.513534154947487,86.71911922739059
580.0,932.0,562.0,932.0,580.0,932.0,324.0,98596.0,98920.0,18.0,314.0,314.5155004129367,0.0572308836173965,1.513534154947487,86.71911922739059
580.0,932.0,562.0,932.0,580.0,932.0,324.0,98596.0,98920.0,18.0,314.0,314.5155004129367,0.0572308836173965,1.513534154947487,86.71911922739059
580.0,932.0,562.0,932.0,580.0,932.0,324.0,98596.0,98920.0,18.0,314.0,314.5155004129367,0.0572308836173965,1.513534154947487,86.71911922739059
580.0,932.0,562.0,932.0,580.0,932.0,324.0,98596.0,98920.0,18.0,314.0,314.5155004129367,0.0572308836173965,1.513534154947487,86.71911922739059
580.0,932.0,561.0,932.0,580.0,932.0,361.0,98596.0,98957.0,19.0,314.0,314.57431554403803,0.06039908238261792,1.510360460858647,86.53727995063444
580.0,932.0,561.0,932.0,580.0,932.0,361.0,98596.0,98957.0,19.0,314.0,314.57431554403803,0.06039908238261792,1.510360460858647,86.53727995063444
580.0,932.0,561.0,932.0,580.0,932.0,361.0,98596.0,98957.0,19.0,314.0,314.57431554403803,0.06039908238261792,1.510360460858647,86.53727995063444
580.0,932.0,561.0,932.0,580.0,932.0,361.0,98596.0,98957.0,19.0,314.0,314.57431554403803,0.06039908238261792,1.510360460858647,86.53727995063444
580.0,932.0,561.0,932.0,580.0,932.0,361.0,98596.0,98957.0,19.0,314.0,314.57431554403803,0.06039908238261792,1.510360460858647,86.53727995063444
580.0,932.0,561.0,932.0,580.0,932.0,361.0,98596.0,98957.0,19.0,314.0,314.57431554403803,0.06039908238261792,1.510360460858647,86.53727995063444
580.0,933.0,561.0,933.0,580.0,933.0,361.0,97969.0,98330.0,19.0,313.0,313.5761470520358,0.06059134337423656,1.5101678470921858,86.5262439947401
580.0,933.0,561.0,933.0,580.0,933.0,361.0,97969.0,98330.0,19.0,313.0,313.5761470520358,0.06059134337423656,1.5101678470921858,86.5262439947401
580.0,933.0,561.0,933.0,580.0,933.0,361.0,97969.0,98330.0,19.0,313.0,313.5761470520358,0.06059134337423656,1.5101678470921858,86.5262439947401
580.0,933.0,561.0,933.0,580.0,933.0,361.0,97969.0,98330.0,19.0,313.0,313.5761470520358,0.06059134337423656,1.5101678470921858,86.5262439947401
580.0,933.0,561.0,933.0,580.0,933.0,361.0,97969.0,98330.0,19.0,313.0,313.5761470520358,0.06059134337423656,1.5101678470921858,86.5262439947401
580.0,933.0,561.0,933.0,580.0,933.0,361.0,97969.0,98330.0,19.0,313.0,313.5761470520358,0.06059134337423656,1.5101678470921858,86.5262439947401
580.0,933.0,561.0,933.0,580.0,933.0,361.0,97969.0,98330.0,19.0,313.0,313.5761470520358,0.06059134337423656,1.5101678470921858,86.5262439947401
579.0,934.0,561.0,934.0,579.0,934.0,324.0,97344.0,97668.0,18.0,312.0,312.51879943453,0.05759653509666974,1.5131678993174227,86.69813432556501
571.0,940.0,553.0,940.0,571.0,940.0,324.0,93636.0,93960.0,18.0,306.0,306.52895458667524,0.05872202195147034,1.512040504079174,86.63353933657021
571.0,935.0,557.0,935.0,571.0,935.0,196.0,97344.0,97540.0,14.0,312.0,312.313944613429,0.04482668879011694,1.5259546117160128,87.43075897985182
571.0,935.0,557.0,935.0,571.0,935.0,196.0,96721.0,96917.0,14.0,311.0,311.3149530620076,0.04497053502345416,1.5258106202742137,87.42250887795072
567.0,934.0,558.0,934.0,567.0,934.0,81.0,97344.0,97425.0,9.0,312.0,312.1297807002722,0.028834159879932764,1.5419581699237777,88.34769532234868
567.0,934.0,558.0,934.0,567.0,934.0,81.0,97969.0,98050.0,9.0,313.0,313.12936623702353,0.028742114187998078,1.5420502537812173,88.35297133874127
568.0,939.0,559.0,939.0,568.0,939.0,81.0,94864.0,94945.0,9.0,308.0,308.13146544940844,0.029208312065350215,1.5415838600750749,88.32624894778785
567.0,935.0,558.0,935.0,567.0,935.0,81.0,97344.0,97425.0,9.0,312.0,312.1297807002722,0.028834159879932764,1.5419581699237777,88.34769532234868
567.0,935.0,558.0,935.0,567.0,935.0,81.0,97344.0,97425.0,9.0,312.0,312.1297807002722,0.028834159879932764,1.5419581699237777,88.34769532234868
567.0,935.0,558.0,935.0,567.0,935.0,81.0,97344.0,97425.0,9.0,312.0,312.1297807002722,0.028834159879932764,1.5419581699237777,88.34769532234868
567.0,935.0,558.0,935.0,567.0,935.0,81.0,97344.0,97425.0,9.0,312.0,312.1297807002722,0.028834159879932764,1.5419581699237777,88.34769532234868
567.0,935.0,553.0,935.0,567.0,935.0,196.0,97344.0,97540.0,14.0,312.0,312.313944613429,0.04482668879011694,1.5259546117160128,87.43075897985182
567.0,935.0,553.0,935.0,567.0,935.0,196.0,97344.0,97540.0,14.0,312.0,312.313944613429,0.04482668879011694,1.5259546117160128,87.43075897985182
567.0,935.0,553.0,935.0,567.0,935.0,196.0,97344.0,97540.0,14.0,312.0,312.313944613429,0.04482668879011694,1.5259546117160128,87.43075897985182
567.0,934.0,553.0,934.0,567.0,934.0,196.0,97969.0,98165.0,14.0,313.0,313.31294259892934,0.04468375894040657,1.5260976849276433,87.43895647103963
567.0,935.0,553.0,935.0,567.0,935.0,196.0,97344.0,97540.0,14.0,312.0,312.313944613429,0.04482668879011694,1.5259546117160128,87.43075897985182
567.0,935.0,553.0,935.0,567.0,935.0,196.0,97344.0,97540.0,14.0,312.0,312.313944613429,0.04482668879011694,1.5259546117160128,87.43075897985182
567.0,935.0,558.0,935.0,567.0,935.0,81.0,97344.0,97425.0,9.0,312.0,312.1297807002722,0.028834159879932764,1.5419581699237777,88.34769532234868
567.0,935.0,557.0,935.0,567.0,935.0,100.0,97344.0,97444.0,10.0,312.0,312.1602152741441,0.032034831828962704,1.5387560132474296,88.16422525945431
567.0,935.0,557.0,935.0,567.0,935.0,100.0,97344.0,97444.0,10.0,312.0,312.1602152741441,0.032034831828962704,1.5387560132474296,88.16422525945431
567.0,935.0,558.0,935.0,567.0,935.0,81.0,97344.0,97425.0,9.0,312.0,312.1297807002722,0.028834159879932764,1.5419581699237777,88.34769532234868
567.0,935.0,557.0,935.0,567.0,935.0,100.0,97344.0,97444.0,10.0,312.0,312.1602152741441,0.032034831828962704,1.5387560132474296,88.16422525945431
567.0,935.0,558.0,935.0,567.0,935.0,81.0,97344.0,97425.0,9.0,312.0,312.1297807002722,0.028834159879932764,1.5419581699237777,88.34769532234868
567.0,935.0,558.0,935.0,567.0,935.0,81.0,97344.0,97425.0,9.0,312.0,312.1297807002722,0.028834159879932764,1.5419581699237777,88.34769532234868
567.0,935.0,558.0,935.0,567.0,935.0,81.0,97344.0,97425.0,9.0,312.0,312.1297807002722,0.028834159879932764,1.5419581699237777,88.34769532234868
567.0,935.0,558.0,935.0,567.0,935.0,81.0,97344.0,97425.0,9.0,312.0,312.1297807002722,0.028834159879932764,1.5419581699237777,88.34769532234868
567.0,935.0,558.0,935.0,567.0,935.0,81.0,97344.0,97425.0,9.0,312.0,312.1297807002722,0.028834159879932764,1.5419581699237777,88.34769532234868
567.0,936.0,558.0,936.0,567.0,936.0,81.0,96721.0,96802.0,9.0,311.0,311.1301978272119,0.028926796764993566,1.5418654943811188,88.34238540489025
567.0,936.0,557.0,936.0,567.0,936.0,100.0,96721.0,96821.0,10.0,311.0,311.16073017011644,0.032137731501442494,1.5386530605648465,88.15832650525275
567.0,936.0,558.0,936.0,567.0,936.0,81.0,96721.0,96802.0,9.0,311.0,311.1301978272119,0.028926796764993566,1.5418654943811188,88.34238540489025
567.0,936.0,553.0,936.0,567.0,936.0,196.0,96721.0,96917.0,14.0,311.0,311.3149530620076,0.04497053502345416,1.5258106202742137,87.42250887795072
567.0,935.0,553.0,935.0,567.0,935.0,196.0,96721.0,96917.0,14.0,311.0,311.3149530620076,0.04497053502345416,1.5258106202742137,87.42250887795072
567.0,936.0,553.0,936.0,567.0,936.0,196.0,96100.0,96296.0,14.0,310.0,310.3159680068043,0.04511530647270146,1.5256657017401476,87.41420565757551
567.0,936.0,557.0,936.0,567.0,936.0,100.0,96721.0,96821.0,10.0,311.0,311.16073017011644,0.032137731501442494,1.5386530605648465,88.15832650525275
566.0,936.0,557.0,936.0,566.0,936.0,81.0,96721.0,96802.0,9.0,311.0,311.1301978272119,0.028926796764993566,1.5418654943811188,88.34238540489025
566.0,936.0,557.0,936.0,566.0,936.0,81.0,96721.0,96802.0,9.0,311.0,311.1301978272119,0.028926796764993566,1.5418654943811188,88.34238540489025
566.0,937.0,557.0,937.0,566.0,937.0,81.0,96100.0,96181.0,9.0,310.0,310.13061764359867,0.029020030554812157,1.5417722214336533,88.33704125865773
566.0,937.0,557.0,937.0,566.0,937.0,81.0,96100.0,96181.0,9.0,310.0,310.13061764359867,0.029020030554812157,1.5417722214336533,88.33704125865773
566.0,937.0,556.0,937.0,566.0,937.0,100.0,95481.0,95581.0,10.0,309.0,309.16176995223714,0.032345525779416115,1.5384451581987943,88.14641457712717
566.0,938.0,557.0,938.0,566.0,938.0,81.0,94864.0,94945.0,9.0,308.0,308.13146544940844,0.029208312065350215,1.5415838600750749,88.32624894778785
562.0,938.0,557.0,938.0,562.0,938.0,25.0,94864.0,94889.0,5.0,308.0,308.0405817420815,0.01623162757232564,1.554563986391777,89.06995540328157
562.0,937.0,557.0,937.0,562.0,937.0,25.0,95481.0,95506.0,5.0,309.0,309.04045042680093,0.01617911180589706,1.5546165090552582,89.07296473022782
561.0,937.0,557.0,937.0,561.0,937.0,16.0,98596.0,98612.0,4.0,314.0,314.02547667346994,0.012737820008658982,1.5580581623048322,89.27015693597589
561.0,937.0,557.0,937.0,561.0,937.0,16.0,97969.0,97985.0,4.0,313.0,313.0255580619576,0.012778509284562234,1.5580174697170095,89.26782542243619
557.0,937.0,557.0,937.0,557.0,937.0,0.0,97969.0,97969.0,0.0,313.0,313.0,nan,nan,nan
557.0,937.0,552.0,937.0,557.0,937.0,25.0,95481.0,95506.0,5.0,309.0,309.04045042680093,0.01617911180589706,1.5546165090552582,89.07296473022782
553.0,937.0,553.0,937.0,553.0,937.0,0.0,97969.0,97969.0,0.0,313.0,313.0,nan,nan,nan
549.0,933.0,553.0,933.0,549.0,933.0,16.0,100489.0,100505.0,4.0,317.0,317.02523558858843,0.012617292098446383,1.5581786999019342,90.7229367684375
544.0,935.0,553.0,935.0,544.0,935.0,81.0,99225.0,99306.0,9.0,315.0,315.12854520020875,0.02855977389887699,1.5422326689561365,91.63657704161672
539.0,936.0,552.0,936.0,539.0,936.0,169.0,96100.0,96269.0,13.0,310.0,310.27246091137386,0.04189865888134144,1.5288853993866351,92.40131925597254
534.0,939.0,548.0,939.0,534.0,939.0,196.0,96721.0,96917.0,14.0,311.0,311.3149530620076,0.04497053502345416,1.5258106202742137,92.57749112204928
530.0,939.0,548.0,939.0,530.0,939.0,324.0,96721.0,97045.0,18.0,311.0,311.52046481732145,0.05778111563410568,1.5129830108688946,93.31245900221637
525.0,938.0,548.0,938.0,525.0,938.0,529.0,97969.0,98498.0,23.0,313.0,313.84391024839084,0.07328483761815457,1.4974457320489125,94.20267950371935
516.0,939.0,554.0,939.0,516.0,939.0,1444.0,97344.0,98788.0,38.0,312.0,314.3055837874981,0.12090144738151323,1.4495983856898684,96.94413051099323
512.0,940.0,553.0,940.0,512.0,940.0,1681.0,96721.0,98402.0,41.0,311.0,313.6909306945293,0.13070189791341338,1.439719408976039,97.51015418260367
506.0,938.0,552.0,938.0,506.0,938.0,2116.0,97969.0,100085.0,46.0,313.0,316.36213427020624,0.14540298922345493,1.424876048479977,98.36061609281924
501.0,938.0,551.0,938.0,501.0,938.0,2500.0,95481.0,97981.0,50.0,309.0,313.0191687421075,0.15973462647967848,1.4103745049319556,99.19149333454604
491.0,941.0,550.0,941.0,491.0,941.0,3481.0,93636.0,97117.0,59.0,306.0,311.6360056219435,0.1893234380355104,1.3803232491917017,100.91330345753087
488.0,938.0,548.0,938.0,488.0,938.0,3600.0,97969.0,101569.0,60.0,313.0,318.6989174754128,0.1882654653341548,1.3814005962849025,100.85157601601978
477.0,942.0,550.0,942.0,477.0,942.0,5329.0,96100.0,101429.0,73.0,310.0,318.47919869278746,0.22921434209716637,1.3395258681590094,103.25082120589121
471.0,940.0,548.0,940.0,471.0,940.0,5929.0,94864.0,100793.0,77.0,308.0,317.47913317255984,0.242535625036333,1.3258176636680323,104.03624346792648
461.0,944.0,542.0,944.0,461.0,944.0,6561.0,91204.0,97765.0,81.0,302.0,312.6739515853535,0.25905579786645155,1.3087518264469336,105.01404391455272
449.0,944.0,543.0,944.0,449.0,944.0,8836.0,91204.0,100040.0,94.0,302.0,316.29100524675056,0.29719466706511954,1.269043106371405,107.28918598474691
438.0,949.0,538.0,949.0,438.0,949.0,10000.0,85849.0,95849.0,100.0,293.0,309.594896598765,0.32300274035072357,1.2418957410267393,108.84461544389596
428.0,946.0,528.0,946.0,428.0,946.0,10000.0,85264.0,95264.0,100.0,292.0,308.6486675817668,0.3239929748716901,1.2408492346483417,108.90457584261166
418.0,949.0,528.0,949.0,418.0,949.0,12100.0,85264.0,97364.0,110.0,292.0,312.03204963593083,0.35252788977396565,1.2105252825563937,110.6420103156372
403.0,951.0,514.0,951.0,403.0,951.0,12321.0,83521.0,95842.0,111.0,289.0,309.58359129643804,0.358546134616396,1.2040863148358099,111.01093599044762
391.0,952.0,506.0,952.0,391.0,952.0,13225.0,83521.0,96746.0,115.0,289.0,311.0401903291599,0.36972714001460927,1.1920809925435256,111.69879028948982
383.0,953.0,502.0,953.0,383.0,953.0,14161.0,83521.0,97682.0,119.0,289.0,312.54119728445403,0.38074980525429475,1.1801892830972098,112.38013505195957
372.0,951.0,497.0,951.0,372.0,951.0,15625.0,84681.0,100306.0,125.0,291.0,316.7112249352713,0.39468130637159204,1.1650753533034979,113.2460994409963
364.0,954.0,493.0,954.0,364.0,954.0,16641.0,80089.0,96730.0,129.0,283.0,311.01446911679204,0.41477169974223277,1.14310443811469,114.50494015335487
354.0,957.0,489.0,957.0,354.0,957.0,18225.0,77841.0,96066.0,135.0,279.0,309.94515643900615,0.43556092810428076,1.120135000714263,115.82099197418928
344.0,955.0,480.0,955.0,344.0,955.0,18496.0,79524.0,98020.0,136.0,282.0,313.0814590485997,0.43439174077340903,1.1214334603814873,115.74659571538936
336.0,948.0,475.0,948.0,336.0,948.0,19321.0,82369.0,101690.0,139.0,287.0,318.88869531546584,0.43588876633739554,1.1197707683501112,115.84186095141725
332.0,946.0,468.0,946.0,332.0,946.0,18496.0,81796.0,100292.0,136.0,286.0,316.6891220108452,0.4294432316981907,1.1269201524092494,115.43223141871051
324.0,938.0,460.0,938.0,324.0,938.0,18496.0,82944.0,101440.0,136.0,288.0,318.4964677983101,0.4270063054078291,1.1296168463799159,115.27772223555296
316.0,935.0,456.0,935.0,316.0,935.0,19600.0,81225.0,100825.0,140.0,285.0,317.52952618614853,0.44090387965346695,1.1141908549024027,116.16156644201924
315.0,925.0,446.0,925.0,315.0,925.0,17161.0,87025.0,104186.0,131.0,295.0,322.7785618655613,0.40585099345774417,1.1528865615336972,113.94446576676967
306.0,918.0,442.0,918.0,306.0,918.0,18496.0,84681.0,103177.0,136.0,291.0,321.21176815303636,0.4233966917899624,1.1336049390931389,115.0492213547784
306.0,914.0,432.0,914.0,306.0,914.0,15876.0,78400.0,94276.0,126.0,280.0,307.0439707924583,0.41036467732879794,1.1479424006619559,114.22774531795417
302.0,905.0,425.0,905.0,302.0,905.0,15129.0,82944.0,98073.0,123.0,288.0,313.16609011832685,0.3927628305910311,1.167162401481631,113.1265203887488
299.0,897.0,429.0,897.0,299.0,897.0,16900.0,80656.0,97556.0,130.0,284.0,312.33955881380126,0.41621368901753003,1.1415191313370947,114.59577154094455
295.0,887.0,414.0,887.0,295.0,887.0,14161.0,72361.0,86522.0,119.0,269.0,294.1462221413017,0.4045606947922482,1.1542979188709395,113.86360094796086
290.0,875.0,406.0,875.0,290.0,875.0,13456.0,73441.0,86897.0,116.0,271.0,294.7829710142701,0.3935098408190769,1.1663499747787944,113.17306900998507
288.0,867.0,396.0,867.0,288.0,867.0,11664.0,72900.0,84564.0,108.0,270.0,290.7988995852632,0.3713906763541038,1.1902899496825317,111.80140948635182
287.0,855.0,390.0,855.0,287.0,855.0,10609.0,71289.0,81898.0,103.0,267.0,286.1782661209617,0.3599155218742712,1.2026189810205095,111.09500802520115
283.0,847.0,384.0,847.0,283.0,847.0,10201.0,76176.0,86377.0,101.0,276.0,293.8996427354072,0.3436547219314879,1.2199904422987018,110.0996966099858
278.0,840.0,383.0,840.0,278.0,840.0,11025.0,78961.0,89986.0,105.0,281.0,299.9766657591887,0.3500272253985599,1.2131961593061906,110.4889803502742
278.0,827.0,372.0,827.0,278.0,827.0,8836.0,83521.0,92357.0,94.0,289.0,303.9029450334432,0.3093092763206218,1.2563297226608858,108.01760921469003
280.0,819.0,361.0,819.0,280.0,819.0,6561.0,86436.0,92997.0,81.0,294.0,304.9540949061022,0.2656137476197542,1.3019558451159177,105.40342496246963
281.0,806.0,351.0,806.0,281.0,806.0,4900.0,88209.0,93109.0,70.0,297.0,305.1376738457577,0.22940464583663273,1.3393303546813606,103.26202330299841
281.0,798.0,351.0,798.0,281.0,798.0,4900.0,92416.0,97316.0,70.0,304.0,311.9551249779365,0.22439124859689627,1.3444780169068098,102.96708398312126
278.0,787.0,342.0,787.0,278.0,787.0,4096.0,91204.0,95300.0,64.0,302.0,308.70698080866265,0.2073163354853558,1.361965433150857,101.96512883774884
276.0,778.0,340.0,778.0,276.0,778.0,4096.0,98596.0,102692.0,64.0,314.0,320.4559252065719,0.19971545216005726,1.369728812824158,101.52031994771103
275.0,772.0,334.0,772.0,275.0,772.0,3481.0,92416.0,95897.0,59.0,304.0,309.67240755353066,0.1905239167612992,1.379100515227725,100.98336095313404
272.0,762.0,332.0,762.0,272.0,762.0,3600.0,94864.0,98464.0,60.0,308.0,313.789738519283,0.1912108416391471,1.3784007252789743,101.02345596374313
273.0,751.0,321.0,751.0,273.0,751.0,2304.0,103041.0,105345.0,48.0,321.0,324.56894491001447,0.1478884556047339,1.4223634175448017,98.5045792408788
275.0,744.0,312.0,744.0,275.0,744.0,1369.0,107584.0,108953.0,37.0,328.0,330.0802932621092,0.11209393821829632,1.4584663069136607,96.43603605181544
275.0,735.0,317.0,735.0,275.0,735.0,1764.0,105625.0,107389.0,42.0,325.0,327.70260908329675,0.12816498506828877,1.4422778438152832,97.36356666415575
274.0,727.0,321.0,727.0,274.0,727.0,2209.0,104329.0,106538.0,47.0,323.0,326.40159313336693,0.1439943952136162,1.4262996246674835,98.27905118545979
273.0,718.0,315.0,718.0,273.0,718.0,1764.0,113569.0,115333.0,42.0,337.0,339.60712595586097,0.12367231659755801,1.4468065623268553,97.1040902068399
271.0,710.0,312.0,710.0,271.0,710.0,1681.0,112896.0,114577.0,41.0,336.0,338.49224511057855,0.12112537463481958,1.4493728005823123,96.9570555855772
270.0,707.0,305.0,707.0,270.0,707.0,1225.0,112225.0,113450.0,35.0,335.0,336.82339586198583,0.10391202164098284,1.4666963886852973,95.96448710125311
271.0,700.0,300.0,700.0,271.0,700.0,841.0,112896.0,113737.0,29.0,336.0,337.24916604789405,0.08598983457792035,1.4847001662993222,94.93294662867737
268.0,696.0,298.0,696.0,268.0,696.0,900.0,112896.0,113796.0,30.0,336.0,337.33662712489433,0.08893193797450552,1.4817467441603989,95.10216525235819
267.0,692.0,296.0,692.0,267.0,692.0,841.0,113569.0,114410.0,29.0,337.0,338.2454729926182,0.08573655027345448,1.484954389466726,94.91838071413069
265.0,685.0,300.0,685.0,265.0,685.0,1225.0,116964.0,118189.0,35.0,342.0,343.78627081371354,0.10180743959657816,1.4688121936372243,95.84326040723482
269.0,682.0,298.0,682.0,269.0,682.0,841.0,119025.0,119866.0,29.0,345.0,346.2166951491508,0.08376256953035366,1.486935498004997,94.80487155613044
268.0,681.0,303.0,681.0,268.0,681.0,1225.0,120409.0,121634.0,35.0,347.0,348.7606629194296,0.10035535460627816,1.4702717543986272,95.75963373566353
264.0,679.0,300.0,679.0,264.0,679.0,1296.0,122500.0,123796.0,36.0,350.0,351.8465574650404,0.102317329063471,1.468299627544546,95.8726282810668
261.0,681.0,297.0,681.0,261.0,681.0,1296.0,121801.0,123097.0,36.0,349.0,350.85182057387135,0.10260741968252164,1.4680080020647455,95.88933719025785
263.0,677.0,299.0,677.0,263.0,677.0,1296.0,124609.0,125905.0,36.0,353.0,354.8309456628607,0.10145676536962778,1.4691646930897762,95.82306367632293
265.0,678.0,294.0,678.0,265.0,678.0,841.0,122500.0,123341.0,29.0,350.0,351.1993735757511,0.08257417917559273,1.4881280199125786,94.73654508384912
260.0,683.0,296.0,683.0,260.0,683.0,1296.0,127449.0,128745.0,36.0,357.0,358.81053496239485,0.10033150226141767,1.4702957277402668,95.75826016436676
266.0,678.0,296.0,678.0,266.0,678.0,900.0,126736.0,127636.0,30.0,356.0,357.26180876214573,0.0839720318943274,1.4867252950814214,94.81691529649262
265.0,681.0,294.0,681.0,265.0,681.0,841.0,124609.0,125450.0,29.0,353.0,354.18921496849674,0.08187714016808613,1.4888274273119406,94.69647199170545
265.0,680.0,294.0,680.0,265.0,680.0,841.0,130321.0,131162.0,29.0,361.0,362.162946751873,0.08007445339202145,1.4906360537446752,94.59284533039396
265.0,680.0,295.0,680.0,265.0,680.0,900.0,131044.0,131944.0,30.0,362.0,363.24096685258394,0.08258980329213546,1.4881123422454166,94.73744334801012
264.0,681.0,294.0,681.0,264.0,681.0,900.0,130321.0,131221.0,30.0,361.0,362.2443926412112,0.08281701693506632,1.4878843475388444,94.75050648244802
264.0,680.0,301.0,680.0,264.0,680.0,1369.0,126736.0,128105.0,37.0,356.0,357.9175882797603,0.1033757524401946,1.4672355616246306,95.93359476740166
263.0,680.0,301.0,680.0,263.0,680.0,1444.0,126736.0,128180.0,38.0,356.0,358.0223456713282,0.1061386264277615,1.4644574008021904,96.09277165733607
271.0,675.0,302.0,675.0,271.0,675.0,961.0,130321.0,131282.0,31.0,361.0,362.3285801589491,0.08555770010304095,1.4851338992399212,94.90809556174526
265.0,681.0,302.0,681.0,265.0,681.0,1369.0,121801.0,123170.0,37.0,349.0,350.9558376776201,0.10542637000951482,1.4651736760477814,96.05173210879401
264.0,679.0,302.0,679.0,264.0,679.0,1444.0,128164.0,129608.0,38.0,358.0,360.01111093964863,0.10555229781885878,1.4650470416735573,96.05898772397833
266.0,679.0,296.0,679.0,266.0,679.0,900.0,123201.0,124101.0,30.0,351.0,352.27971840570103,0.08515960026245582,1.4855334573543673,94.8852025681173
268.0,680.0,300.0,680.0,268.0,680.0,1024.0,122500.0,123524.0,32.0,350.0,351.45981278092097,0.09104881649711367,1.4796212412883691,95.22394759626842
267.0,678.0,299.0,678.0,267.0,678.0,1024.0,128164.0,129188.0,32.0,358.0,359.42732227809284,0.08903051609204392,1.4816477734560505,95.10783585601278
265.0,680.0,303.0,680.0,265.0,680.0,1444.0,123201.0,124645.0,38.0,351.0,353.0509878190401,0.10763317852399636,1.4629542373773623,96.17889657749716
263.0,682.0,302.0,682.0,263.0,682.0,1521.0,127449.0,128970.0,39.0,357.0,359.12393403949005,0.10859760740901071,1.4619841219776515,96.23448009554123
269.0,677.0,301.0,677.0,269.0,677.0,1024.0,126025.0,127049.0,32.0,355.0,356.4393356519451,0.08977684783715137,1.4808984409706702,95.15076944487711
270.0,678.0,302.0,678.0,270.0,678.0,1024.0,125316.0,126340.0,32.0,354.0,355.44338508403837,0.09002840211088514,1.480645863900568,95.16524104499577
269.0,680.0,295.0,680.0,269.0,680.0,676.0,123201.0,123877.0,26.0,351.0,351.961645637703,0.07387168551531179,1.4968572891369563,94.23639479905884
269.0,681.0,301.0,681.0,269.0,681.0,1024.0,122500.0,123524.0,32.0,350.0,351.45981278092097,0.09104881649711367,1.4796212412883691,95.22394759626842
270.0,679.0,295.0,679.0,270.0,679.0,625.0,128164.0,128789.0,25.0,358.0,358.8718434204612,0.0696627513647247,1.5010771076465466,93.99461700814813
263.0,681.0,295.0,681.0,263.0,681.0,1024.0,122500.0,123524.0,32.0,350.0,351.45981278092097,0.09104881649711367,1.4796212412883691,95.22394759626842
269.0,683.0,294.0,683.0,269.0,683.0,625.0,121104.0,121729.0,25.0,348.0,348.89683288903615,0.07165441942532923,1.4990804487180402,94.10901713787865
268.0,684.0,293.0,684.0,268.0,684.0,625.0,116281.0,116906.0,25.0,341.0,341.915194163699,0.07311754618319398,1.497613473501844,94.19306862641699
268.0,686.0,293.0,686.0,268.0,686.0,625.0,115600.0,116225.0,25.0,340.0,340.91787867461574,0.07333144303605414,1.497399000893285,94.20535700170859
267.0,681.0,298.0,681.0,267.0,681.0,961.0,123201.0,124162.0,31.0,351.0,352.36628669610263,0.08797663445804016,1.4827058070130863,95.04721499861142
267.0,682.0,298.0,682.0,267.0,682.0,961.0,122500.0,123461.0,31.0,350.0,351.370175171428,0.0882260424774971,1.4824554253882531,95.06156080898198
267.0,682.0,298.0,682.0,267.0,682.0,961.0,122500.0,123461.0,31.0,350.0,351.370175171428,0.0882260424774971,1.4824554253882531,95.06156080898198
267.0,683.0,292.0,683.0,267.0,683.0,625.0,117649.0,118274.0,25.0,343.0,343.9098719141397,0.07269346431044434,1.4980386869333724,94.16870569139815
267.0,683.0,292.0,683.0,267.0,683.0,625.0,117649.0,118274.0,25.0,343.0,343.9098719141397,0.07269346431044434,1.4980386869333724,94.16870569139815
267.0,683.0,292.0,683.0,267.0,683.0,625.0,117649.0,118274.0,25.0,343.0,343.9098719141397,0.07269346431044434,1.4980386869333724,94.16870569139815
267.0,683.0,291.0,683.0,267.0,683.0,576.0,117649.0,118225.0,24.0,343.0,343.8386249390839,0.0698001860734871,1.5009393375775606,94.00251065164426
267.0,685.0,291.0,685.0,267.0,685.0,576.0,116281.0,116857.0,24.0,341.0,341.84353145847297,0.070207559281886,1.5005309625077397,94.02590881960334
268.0,680.0,293.0,680.0,268.0,680.0,625.0,120409.0,121034.0,25.0,347.0,347.89941074971654,0.07185985151893612,1.4988744856789609,94.12081795075359
268.0,680.0,292.0,680.0,268.0,680.0,576.0,119716.0,120292.0,24.0,346.0,346.8313711301214,0.06919789268715221,1.5015430908374225,93.9679181379869
268.0,680.0,293.0,680.0,268.0,680.0,625.0,119716.0,120341.0,25.0,346.0,346.90200345342487,0.07206646185701983,1.4986673382675377,94.1326866231652
267.0,686.0,292.0,686.0,267.0,686.0,625.0,115600.0,116225.0,25.0,340.0,340.91787867461574,0.07333144303605414,1.497399000893285,94.20535700170859
268.0,680.0,292.0,680.0,268.0,680.0,576.0,119716.0,120292.0,24.0,346.0,346.8313711301214,0.06919789268715221,1.5015430908374225,93.9679181379869
267.0,687.0,286.0,687.0,267.0,687.0,361.0,119025.0,119386.0,19.0,345.0,345.52279230175253,0.05498913652968771,1.515779439749219,93.1522354296653
267.0,687.0,286.0,687.0,267.0,687.0,361.0,119025.0,119386.0,19.0,345.0,345.52279230175253,0.05498913652968771,1.515779439749219,93.1522354296653
268.0,682.0,286.0,682.0,268.0,682.0,324.0,122500.0,122824.0,18.0,350.0,350.46255149445,0.05136069438302041,1.5194130246562914,92.94404634998762
268.0,684.0,287.0,684.0,268.0,684.0,361.0,116964.0,117325.0,19.0,342.0,342.527371169079,0.055470019622522904,1.5152978215491797,93.17983011986423
268.0,680.0,292.0,680.0,268.0,680.0,576.0,119716.0,120292.0,24.0,346.0,346.8313711301214,0.06919789268715221,1.5015430908374225,93.9679181379869
267.0,681.0,292.0,681.0,267.0,681.0,625.0,119025.0,119650.0,25.0,345.0,345.90461112855957,0.07227426057847045,1.4984589962563017,94.14462374110428
266.0,682.0,290.0,682.0,266.0,682.0,576.0,118336.0,118912.0,24.0,344.0,344.8361929960369,0.06959826284903867,1.5011417530663285,93.99091309842977
266.0,682.0,290.0,682.0,266.0,682.0,576.0,118336.0,118912.0,24.0,344.0,344.8361929960369,0.06959826284903867,1.5011417530663285,93.99091309842977
266.0,681.0,291.0,681.0,266.0,681.0,625.0,123201.0,123826.0,25.0,351.0,351.8891871029856,0.07104509293342787,1.4996913321424945,94.07401609588293
266.0,681.0,291.0,681.0,266.0,681.0,625.0,119025.0,119650.0,25.0,345.0,345.90461112855957,0.07227426057847045,1.4984589962563017,94.14462374110428
266.0,681.0,291.0,681.0,266.0,681.0,625.0,119025.0,119650.0,25.0,345.0,345.90461112855957,0.07227426057847045,1.4984589962563017,94.14462374110428
267.0,681.0,291.0,681.0,267.0,681.0,576.0,119025.0,119601.0,24.0,345.0,345.83377510011945,0.06939750171322034,1.5013430007995745,93.97938245267821
267.0,681.0,291.0,681.0,267.0,681.0,576.0,119716.0,120292.0,24.0,346.0,346.8313711301214,0.06919789268715221,1.5015430908374225,93.9679181379869
267.0,682.0,291.0,682.0,267.0,682.0,576.0,119025.0,119601.0,24.0,345.0,345.83377510011945,0.06939750171322034,1.5013430007995745,93.97938245267821
267.0,681.0,291.0,681.0,267.0,681.0,576.0,119716.0,120292.0,24.0,346.0,346.8313711301214,0.06919789268715221,1.5015430908374225,93.9679181379869
267.0,680.0,291.0,680.0,267.0,680.0,576.0,115600.0,116176.0,24.0,340.0,340.84600628436294,0.0704130298067132,1.5003249822161009,94.03771062097712
267.0,680.0,291.0,680.0,267.0,680.0,576.0,115600.0,116176.0,24.0,340.0,340.84600628436294,0.0704130298067132,1.5003249822161009,94.03771062097712
267.0,681.0,291.0,681.0,267.0,681.0,576.0,119025.0,119601.0,24.0,345.0,345.83377510011945,0.06939750171322034,1.5013430007995745,93.97938245267821
267.0,679.0,291.0,679.0,267.0,679.0,576.0,120409.0,120985.0,24.0,347.0,347.82898096622137,0.06899942590560247,1.5017420331249551,93.9565195845446
263.0,686.0,287.0,686.0,263.0,686.0,576.0,116964.0,117540.0,24.0,342.0,342.8410710518797,0.07000328148073091,1.5007357441564413,94.01417569541101
269.0,679.0,287.0,679.0,269.0,679.0,324.0,121801.0,122125.0,18.0,349.0,349.4638751001311,0.05150746982028543,1.519266054688213,92.95246710887368
263.0,686.0,293.0,686.0,263.0,686.0,900.0,116964.0,117864.0,30.0,342.0,343.3132680220792,0.08738374771484402,1.4833009859925053,95.0131137550358
268.0,680.0,292.0,680.0,268.0,680.0,576.0,125316.0,125892.0,24.0,354.0,354.81262660734046,0.06764133573679162,1.503103304100928,93.8785245028477
268.0,685.0,292.0,685.0,268.0,685.0,576.0,117649.0,118225.0,24.0,343.0,343.8386249390839,0.0698001860734871,1.5009393375775606,94.00251065164426
268.0,681.0,292.0,681.0,268.0,681.0,576.0,120409.0,120985.0,24.0,347.0,347.82898096622137,0.06899942590560247,1.5017420331249551,93.9565195845446
268.0,681.0,292.0,681.0,268.0,681.0,576.0,120409.0,120985.0,24.0,347.0,347.82898096622137,0.06899942590560247,1.5017420331249551,93.9565195845446
267.0,681.0,291.0,681.0,267.0,681.0,576.0,120409.0,120985.0,24.0,347.0,347.82898096622137,0.06899942590560247,1.5017420331249551,93.9565195845446
267.0,681.0,291.0,681.0,267.0,681.0,576.0,120409.0,120985.0,24.0,347.0,347.82898096622137,0.06899942590560247,1.5017420331249551,93.9565195845446
267.0,685.0,285.0,685.0,267.0,685.0,324.0,113569.0,113893.0,18.0,337.0,337.4803697994892,0.05333643557014747,1.5174345704340109,93.05740342688412
261.0,686.0,285.0,686.0,261.0,686.0,576.0,116964.0,117540.0,24.0,342.0,342.8410710518797,0.07000328148073091,1.5007357441564413,94.01417569541101
268.0,680.0,292.0,680.0,268.0,680.0,576.0,120409.0,120985.0,24.0,347.0,347.82898096622137,0.06899942590560247,1.5017420331249551,93.9565195845446
268.0,680.0,292.0,680.0,268.0,680.0,576.0,120409.0,120985.0,24.0,347.0,347.82898096622137,0.06899942590560247,1.5017420331249551,93.9565195845446
268.0,680.0,286.0,680.0,268.0,680.0,324.0,120409.0,120733.0,18.0,347.0,347.4665451521916,0.05180354843116173,1.5189695802719365,92.96945384165993
268.0,681.0,286.0,681.0,268.0,681.0,324.0,119716.0,120040.0,18.0,346.0,346.4678917302439,0.051952866137490755,1.5188200612259855,92.97802065194975
268.0,681.0,286.0,681.0,268.0,681.0,324.0,119716.0,120040.0,18.0,346.0,346.4678917302439,0.051952866137490755,1.5188200612259855,92.97802065194975
268.0,679.0,292.0,679.0,268.0,679.0,576.0,120409.0,120985.0,24.0,347.0,347.82898096622137,0.06899942590560247,1.5017420331249551,93.9565195845446
268.0,680.0,292.0,680.0,268.0,680.0,576.0,119716.0,120292.0,24.0,346.0,346.8313711301214,0.06919789268715221,1.5015430908374225,93.9679181379869
268.0,680.0,286.0,680.0,268.0,680.0,324.0,119716.0,120040.0,18.0,346.0,346.4678917302439,0.051952866137490755,1.5188200612259855,92.97802065194975
268.0,681.0,292.0,681.0,268.0,681.0,576.0,123201.0,123777.0,24.0,351.0,351.81955602268613,0.06821678780827188,1.502526519738069,93.91157181252866
268.0,680.0,291.0,680.0,268.0,680.0,529.0,119716.0,120245.0,23.0,346.0,346.7636082405419,0.06632760605041758,1.5044199911387226,93.80308389264249
268.0,681.0,292.0,681.0,268.0,681.0,576.0,119025.0,119601.0,24.0,345.0,345.83377510011945,0.06939750171322034,1.5013430007995745,93.97938245267821
267.0,681.0,291.0,681.0,267.0,681.0,576.0,119025.0,119601.0,24.0,345.0,345.83377510011945,0.06939750171322034,1.5013430007995745,93.97938245267821
268.0,682.0,286.0,682.0,268.0,682.0,324.0,119025.0,119349.0,18.0,345.0,345.469246098694,0.052103045939023304,1.5186696777492505,92.98663699047516
268.0,682.0,292.0,682.0,268.0,682.0,576.0,119025.0,119601.0,24.0,345.0,345.83377510011945,0.06939750171322034,1.5013430007995745,93.97938245267821
268.0,683.0,291.0,683.0,268.0,683.0,529.0,118336.0,118865.0,23.0,344.0,344.7680379617577,0.06671152040651518,1.5040352245688333,93.82512939319487
268.0,683.0,285.0,683.0,268.0,683.0,289.0,118336.0,118625.0,17.0,344.0,344.41980198589044,0.04935836993686102,1.5214178933103795,92.82917583763029
267.0,683.0,291.0,683.0,267.0,683.0,576.0,118336.0,118912.0,24.0,344.0,344.8361929960369,0.06959826284903867,1.5011417530663285,93.99091309842977
267.0,682.0,291.0,682.0,267.0,682.0,576.0,119025.0,119601.0,24.0,345.0,345.83377510011945,0.06939750171322034,1.5013430007995745,93.97938245267821
267.0,683.0,291.0,683.0,267.0,683.0,576.0,118336.0,118912.0,24.0,344.0,344.8361929960369,0.06959826284903867,1.5011417530663285,93.99091309842977
267.0,682.0,291.0,682.0,267.0,682.0,576.0,119025.0,119601.0,24.0,345.0,345.83377510011945,0.06939750171322034,1.5013430007995745,93.97938245267821
267.0,682.0,285.0,682.0,267.0,682.0,324.0,119025.0,119349.0,18.0,345.0,345.469246098694,0.052103045939023304,1.5186696777492505,92.98663699047516
267.0,683.0,291.0,683.0,267.0,683.0,576.0,118336.0,118912.0,24.0,344.0,344.8361929960369,0.06959826284903867,1.5011417530663285,93.99091309842977
267.0,682.0,290.0,682.0,267.0,682.0,529.0,119025.0,119554.0,23.0,345.0,345.7658167025769,0.06651901052377393,1.5042281630190728,93.81407483429035
267.0,682.0,290.0,682.0,267.0,682.0,529.0,119025.0,119554.0,23.0,345.0,345.7658167025769,0.06651901052377393,1.5042281630190728,93.81407483429035
266.0,682.0,290.0,682.0,266.0,682.0,576.0,119025.0,119601.0,24.0,345.0,345.83377510011945,0.06939750171322034,1.5013430007995745,93.97938245267821
266.0,683.0,290.0,683.0,266.0,683.0,576.0,119025.0,119601.0,24.0,345.0,345.83377510011945,0.06939750171322034,1.5013430007995745,93.97938245267821
266.0,683.0,289.0,683.0,266.0,683.0,529.0,119025.0,119554.0,23.0,345.0,345.7658167025769,0.06651901052377393,1.5042281630190728,93.81407483429035
265.0,684.0,289.0,684.0,265.0,684.0,576.0,114244.0,114820.0,24.0,338.0,338.85099970340946,0.07082759095002462,1.499909383431412,94.06152267731058
265.0,684.0,288.0,684.0,265.0,684.0,529.0,118336.0,118865.0,23.0,344.0,344.7680379617577,0.06671152040651518,1.5040352245688333,93.82512939319487
265.0,685.0,288.0,685.0,265.0,685.0,529.0,113569.0,114098.0,23.0,337.0,337.78395462188547,0.06809086010537754,1.5026527409274122,93.90433987109418
264.0,684.0,288.0,684.0,264.0,684.0,576.0,118336.0,118912.0,24.0,344.0,344.8361929960369,0.06959826284903867,1.5011417530663285,93.99091309842977
270.0,683.0,288.0,683.0,270.0,683.0,324.0,114921.0,115245.0,18.0,339.0,339.4775397577872,0.05302265361308664,1.5177487970334256,93.03939956892691
270.0,684.0,287.0,684.0,270.0,684.0,289.0,118336.0,118625.0,17.0,344.0,344.41980198589044,0.04935836993686102,1.5214178933103795,92.82917583763029
269.0,685.0,287.0,685.0,269.0,685.0,324.0,117649.0,117973.0,18.0,343.0,343.4719784785944,0.05240602182376221,1.5183662873709778,93.00401997869507
269.0,681.0,287.0,681.0,269.0,681.0,324.0,121104.0,121428.0,18.0,348.0,348.4652062975585,0.0516550854280401,1.5191182423124667,92.96093613416375
269.0,681.0,287.0,681.0,269.0,681.0,324.0,121104.0,121428.0,18.0,348.0,348.4652062975585,0.0516550854280401,1.5191182423124667,92.96093613416375
269.0,682.0,286.0,682.0,269.0,682.0,289.0,120409.0,120698.0,17.0,347.0,347.41617694056794,0.048932666721815225,1.52184411155847,92.80475533086324
269.0,683.0,286.0,683.0,269.0,683.0,289.0,119716.0,120005.0,17.0,346.0,346.41737831696605,0.049073750521965116,1.5217028580592307,92.81284856021111
269.0,683.0,286.0,683.0,269.0,683.0,289.0,119716.0,120005.0,17.0,346.0,346.41737831696605,0.049073750521965116,1.5217028580592307,92.81284856021111
268.0,682.0,286.0,682.0,268.0,682.0,324.0,120409.0,120733.0,18.0,347.0,347.4665451521916,0.05180354843116173,1.5189695802719365,92.96945384165993
268.0,682.0,286.0,682.0,268.0,682.0,324.0,120409.0,120733.0,18.0,347.0,347.4665451521916,0.05180354843116173,1.5189695802719365,92.96945384165993
268.0,681.0,286.0,681.0,268.0,681.0,324.0,121104.0,121428.0,18.0,348.0,348.4652062975585,0.0516550854280401,1.5191182423124667,92.96093613416375
274.0,682.0,286.0,682.0,274.0,682.0,144.0,121104.0,121248.0,12.0,348.0,348.2068350851258,0.034462275839778886,1.5363272257953886,91.97493401088197
271.0,683.0,288.0,683.0,271.0,683.0,289.0,117649.0,117938.0,17.0,343.0,343.4210244000795,0.0495019197782,1.5212741677764143,92.83741070413475
271.0,683.0,282.0,683.0,271.0,683.0,121.0,117649.0,117770.0,11.0,343.0,343.17633951075356,0.03205349184527714,1.5387373436434142,91.83684443006095
271.0,682.0,282.0,682.0,271.0,682.0,121.0,118336.0,118457.0,11.0,344.0,344.17582715815473,0.031960408407605306,1.5388304747972092,91.83150840800731
269.0,681.0,287.0,681.0,269.0,681.0,324.0,125316.0,125640.0,18.0,354.0,354.4573317058063,0.050781852679914946,1.519992622736675,92.91083782616775
275.0,681.0,287.0,681.0,275.0,681.0,144.0,125316.0,125460.0,12.0,354.0,354.2033314354906,0.03387884566575711,1.536910996890779,91.94148639091438
275.0,681.0,287.0,681.0,275.0,681.0,144.0,121104.0,121248.0,12.0,348.0,348.2068350851258,0.034462275839778886,1.5363272257953886,91.97493401088197
275.0,681.0,287.0,681.0,275.0,681.0,144.0,121104.0,121248.0,12.0,348.0,348.2068350851258,0.034462275839778886,1.5363272257953886,91.97493401088197
275.0,682.0,287.0,682.0,275.0,682.0,144.0,120409.0,120553.0,12.0,347.0,347.2074307960589,0.034561472294780765,1.536227970212588,91.98062093686956
275.0,683.0,287.0,683.0,275.0,683.0,144.0,115600.0,115744.0,12.0,340.0,340.2116987994387,0.0352721556676222,1.5355168532013053,92.02136494035602
275.0,682.0,287.0,682.0,275.0,682.0,144.0,120409.0,120553.0,12.0,347.0,347.2074307960589,0.034561472294780765,1.536227970212588,91.98062093686956
270.0,682.0,287.0,682.0,270.0,682.0,289.0,120409.0,120698.0,17.0,347.0,347.41617694056794,0.048932666721815225,1.52184411155847,92.80475533086324
270.0,682.0,288.0,682.0,270.0,682.0,324.0,120409.0,120733.0,18.0,347.0,347.4665451521916,0.05180354843116173,1.5189695802719365,92.96945384165993
270.0,680.0,288.0,680.0,270.0,680.0,324.0,121801.0,122125.0,18.0,349.0,349.4638751001311,0.05150746982028543,1.519266054688213,92.95246710887368
270.0,686.0,288.0,686.0,270.0,686.0,324.0,117649.0,117973.0,18.0,343.0,343.4719784785944,0.05240602182376221,1.5183662873709778,93.00401997869507
271.0,685.0,288.0,685.0,271.0,685.0,289.0,117649.0,117938.0,17.0,343.0,343.4210244000795,0.0495019197782,1.5212741677764143,92.83741070413475
271.0,685.0,288.0,685.0,271.0,685.0,289.0,117649.0,117938.0,17.0,343.0,343.4210244000795,0.0495019197782,1.5212741677764143,92.83741070413475
272.0,683.0,290.0,683.0,272.0,683.0,324.0,123201.0,123525.0,18.0,351.0,351.4612354157994,0.0512147519731584,1.519559159391478,92.93567344642116
272.0,683.0,290.0,683.0,272.0,683.0,324.0,123201.0,123525.0,18.0,351.0,351.4612354157994,0.0512147519731584,1.519559159391478,92.93567344642116
273.0,684.0,290.0,684.0,273.0,684.0,289.0,121801.0,122090.0,17.0,349.0,349.4137948049561,0.048652915977428574,1.5221241959059635,92.7887076798442
274.0,682.0,291.0,682.0,274.0,682.0,289.0,119025.0,119314.0,17.0,345.0,345.418586645247,0.04921564923621032,1.5215607876768473,92.8209885935155
274.0,683.0,291.0,683.0,274.0,683.0,289.0,118336.0,118625.0,17.0,344.0,344.41980198589044,0.04935836993686102,1.5214178933103795,92.82917583763029
274.0,681.0,292.0,681.0,274.0,681.0,324.0,119716.0,120040.0,18.0,346.0,346.4678917302439,0.051952866137490755,1.5188200612259855,92.97802065194975
271.0,686.0,289.0,686.0,271.0,686.0,324.0,114244.0,114568.0,18.0,338.0,338.47895060106765,0.05317908238617431,1.5175921472514058,93.04837494029829
272.0,686.0,290.0,686.0,272.0,686.0,324.0,118336.0,118660.0,18.0,344.0,344.4706083252967,0.0522540953131244,1.518518422330418,92.99530328760275
278.0,681.0,290.0,681.0,278.0,681.0,144.0,117649.0,117793.0,12.0,343.0,343.20984834354624,0.03496403164978016,1.5358251673979697,92.00369983812318
274.0,684.0,292.0,684.0,274.0,684.0,324.0,121801.0,122125.0,18.0,349.0,349.4638751001311,0.05150746982028543,1.519266054688213,92.95246710887368
274.0,685.0,292.0,685.0,274.0,685.0,324.0,121104.0,121428.0,18.0,348.0,348.4652062975585,0.0516550854280401,1.5191182423124667,92.96093613416375
278.0,684.0,290.0,684.0,278.0,684.0,144.0,119716.0,119860.0,12.0,346.0,346.2080299473136,0.03466124110935895,1.536128141585397,91.98634069588219
278.0,683.0,290.0,683.0,278.0,683.0,144.0,120409.0,120553.0,12.0,347.0,347.2074307960589,0.034561472294780765,1.536227970212588,91.98062093686956
278.0,682.0,290.0,682.0,278.0,682.0,144.0,121104.0,121248.0,12.0,348.0,348.2068350851258,0.034462275839778886,1.5363272257953886,91.97493401088197
279.0,682.0,291.0,682.0,279.0,682.0,144.0,121104.0,121248.0,12.0,348.0,348.2068350851258,0.034462275839778886,1.5363272257953886,91.97493401088197
273.0,687.0,291.0,687.0,273.0,687.0,324.0,117649.0,117973.0,18.0,343.0,343.4719784785944,0.05240602182376221,1.5183662873709778,93.00401997869507
279.0,686.0,291.0,686.0,279.0,686.0,144.0,117649.0,117793.0,12.0,343.0,343.20984834354624,0.03496403164978016,1.5358251673979697,92.00369983812318
279.0,686.0,291.0,686.0,279.0,686.0,144.0,118336.0,118480.0,12.0,344.0,344.20923869065456,0.03486251573504266,1.5359267452401069,91.99787985647667
279.0,687.0,291.0,687.0,279.0,687.0,144.0,117649.0,117793.0,12.0,343.0,343.20984834354624,0.03496403164978016,1.5358251673979697,92.00369983812318
279.0,686.0,291.0,686.0,279.0,686.0,144.0,118336.0,118480.0,12.0,344.0,344.20923869065456,0.03486251573504266,1.5359267452401069,91.99787985647667
279.0,686.0,291.0,686.0,279.0,686.0,144.0,118336.0,118480.0,12.0,344.0,344.20923869065456,0.03486251573504266,1.5359267452401069,91.99787985647667
279.0,684.0,291.0,684.0,279.0,684.0,144.0,119716.0,119860.0,12.0,346.0,346.2080299473136,0.03466124110935895,1.536128141585397,91.98634069588219
279.0,683.0,291.0,683.0,279.0,683.0,144.0,120409.0,120553.0,12.0,347.0,347.2074307960589,0.034561472294780765,1.536227970212588,91.98062093686956
279.0,684.0,292.0,684.0,279.0,684.0,169.0,115600.0,115769.0,13.0,340.0,340.24843864447047,0.03820737591564337,1.5325796488900507,92.18965435095853
280.0,683.0,298.0,683.0,280.0,683.0,324.0,120409.0,120733.0,18.0,347.0,347.4665451521916,0.05180354843116173,1.5189695802719365,92.96945384165993
280.0,683.0,298.0,683.0,280.0,683.0,324.0,115600.0,115924.0,18.0,340.0,340.47613719613304,0.05286714114014694,1.5179045279291765,93.03047684586059
280.0,681.0,293.0,681.0,280.0,681.0,169.0,116964.0,117133.0,13.0,342.0,342.2469868384527,0.037984264288457435,1.532802922594144,92.17686171003774
280.0,681.0,292.0,681.0,280.0,681.0,144.0,116964.0,117108.0,12.0,342.0,342.21046155838076,0.035066140133044446,1.5357229962616712,92.00955381302114
280.0,682.0,292.0,682.0,280.0,682.0,144.0,116281.0,116425.0,12.0,341.0,341.2110783664563,0.035168846385204865,1.5356202266201853,92.01544207974035
280.0,683.0,298.0,683.0,280.0,683.0,324.0,120409.0,120733.0,18.0,347.0,347.4665451521916,0.05180354843116173,1.5189695802719365,92.96945384165993
280.0,683.0,298.0,683.0,280.0,683.0,324.0,120409.0,120733.0,18.0,347.0,347.4665451521916,0.05180354843116173,1.5189695802719365,92.96945384165993
280.0,682.0,298.0,682.0,280.0,682.0,324.0,121104.0,121428.0,18.0,348.0,348.4652062975585,0.0516550854280401,1.5191182423124667,92.96093613416375
280.0,683.0,292.0,683.0,280.0,683.0,144.0,116281.0,116425.0,12.0,341.0,341.2110783664563,0.035168846385204865,1.5356202266201853,92.01544207974035
281.0,685.0,293.0,685.0,281.0,685.0,144.0,114921.0,115065.0,12.0,339.0,339.21232288936676,0.03537607330354496,1.5354128706707453,92.02732270050019
275.0,686.0,293.0,686.0,275.0,686.0,324.0,114244.0,114568.0,18.0,338.0,338.47895060106765,0.05317908238617431,1.5175921472514058,93.04837494029829
275.0,685.0,293.0,685.0,275.0,685.0,324.0,119025.0,119349.0,18.0,345.0,345.469246098694,0.052103045939023304,1.5186696777492505,92.98663699047516
275.0,686.0,293.0,686.0,275.0,686.0,324.0,114244.0,114568.0,18.0,338.0,338.47895060106765,0.05317908238617431,1.5175921472514058,93.04837494029829
275.0,686.0,293.0,686.0,275.0,686.0,324.0,114244.0,114568.0,18.0,338.0,338.47895060106765,0.05317908238617431,1.5175921472514058,93.04837494029829
275.0,687.0,293.0,687.0,275.0,687.0,324.0,114244.0,114568.0,18.0,338.0,338.47895060106765,0.05317908238617431,1.5175921472514058,93.04837494029829
281.0,684.0,299.0,684.0,281.0,684.0,324.0,116281.0,116605.0,18.0,341.0,341.4747428434496,0.05271253695109208,1.5180593479926199,93.02160630964134
281.0,683.0,299.0,683.0,281.0,683.0,324.0,116964.0,117288.0,18.0,342.0,342.47335662792807,0.05255883312276367,1.5182132651839548,93.01278750418334
276.0,684.0,294.0,684.0,276.0,684.0,324.0,116964.0,117288.0,18.0,342.0,342.47335662792807,0.05255883312276367,1.5182132651839548,93.01278750418334
276.0,679.0,300.0,679.0,276.0,679.0,576.0,120409.0,120985.0,24.0,347.0,347.82898096622137,0.06899942590560247,1.5017420331249551,93.9565195845446
276.0,680.0,300.0,680.0,276.0,680.0,576.0,119716.0,120292.0,24.0,346.0,346.8313711301214,0.06919789268715221,1.5015430908374225,93.9679181379869
276.0,680.0,300.0,680.0,276.0,680.0,576.0,119025.0,119601.0,24.0,345.0,345.83377510011945,0.06939750171322034,1.5013430007995745,93.97938245267821
276.0,680.0,300.0,680.0,276.0,680.0,576.0,119025.0,119601.0,24.0,345.0,345.83377510011945,0.06939750171322034,1.5013430007995745,93.97938245267821
282.0,678.0,300.0,678.0,282.0,678.0,324.0,116281.0,116605.0,18.0,341.0,341.4747428434496,0.05271253695109208,1.5180593479926199,93.02160630964134
281.0,680.0,299.0,680.0,281.0,680.0,324.0,114921.0,115245.0,18.0,339.0,339.4775397577872,0.05302265361308664,1.5177487970334256,93.03939956892691
282.0,679.0,300.0,679.0,282.0,679.0,324.0,115600.0,115924.0,18.0,340.0,340.47613719613304,0.05286714114014694,1.5179045279291765,93.03047684586059
281.0,678.0,299.0,678.0,281.0,678.0,324.0,116281.0,116605.0,18.0,341.0,341.4747428434496,0.05271253695109208,1.5180593479926199,93.02160630964134
280.0,679.0,298.0,679.0,280.0,679.0,324.0,120409.0,120733.0,18.0,347.0,347.4665451521916,0.05180354843116173,1.5189695802719365,92.96945384165993
280.0,681.0,298.0,681.0,280.0,681.0,324.0,114921.0,115245.0,18.0,339.0,339.4775397577872,0.05302265361308664,1.5177487970334256,93.03939956892691
281.0,678.0,299.0,678.0,281.0,678.0,324.0,116964.0,117288.0,18.0,342.0,342.47335662792807,0.05255883312276367,1.5182132651839548,93.01278750418334
280.0,680.0,298.0,680.0,280.0,680.0,324.0,115600.0,115924.0,18.0,340.0,340.47613719613304,0.05286714114014694,1.5179045279291765,93.03047684586059
280.0,678.0,298.0,678.0,280.0,678.0,324.0,116964.0,117288.0,18.0,342.0,342.47335662792807,0.05255883312276367,1.5182132651839548,93.01278750418334
282.0,680.0,299.0,680.0,282.0,680.0,289.0,115600.0,115889.0,17.0,340.0,340.42473470651333,0.04993761694389224,1.5208379310729538,92.86240522611175
282.0,676.0,300.0,676.0,282.0,676.0,324.0,119025.0,119349.0,18.0,345.0,345.469246098694,0.052103045939023304,1.5186696777492505,92.98663699047516
278.0,675.0,301.0,675.0,278.0,675.0,529.0,114244.0,114773.0,23.0,338.0,338.7816405887427,0.06789033774094151,1.502853728384836,93.89282413804872
278.0,675.0,301.0,675.0,278.0,675.0,529.0,110889.0,111418.0,23.0,333.0,333.79334924470857,0.06890490793793011,1.5018367765852196,93.95109118413498
278.0,674.0,301.0,674.0,278.0,674.0,529.0,115600.0,116129.0,23.0,340.0,340.77705321808276,0.06749280734369453,1.5032521726984784,93.86999496050603
276.0,677.0,306.0,677.0,276.0,677.0,900.0,114921.0,115821.0,30.0,339.0,340.3248448174185,0.08815107229710117,1.482530688810088,95.05724853255914
276.0,677.0,305.0,677.0,276.0,677.0,841.0,110224.0,111065.0,29.0,332.0,333.2641594891356,0.08701805812078452,1.4836680739197996,94.99208116609164
281.0,678.0,305.0,678.0,281.0,678.0,576.0,105625.0,106201.0,24.0,325.0,325.8849490234245,0.07364562270187841,1.4970839694005564,94.22340697665564
280.0,677.0,310.0,677.0,280.0,677.0,900.0,111556.0,112456.0,30.0,334.0,335.3445988829998,0.08946021525298777,1.48121635278126,95.13255443987296
277.0,678.0,313.0,678.0,277.0,678.0,1296.0,108900.0,110196.0,36.0,330.0,331.95782864695326,0.10844751017541762,1.4621351109543088,96.22582906442577
277.0,680.0,312.0,680.0,277.0,680.0,1225.0,103684.0,104909.0,35.0,322.0,323.8965884352597,0.10805918076841921,1.4625257359344406,96.20344790169183
280.0,678.0,321.0,678.0,280.0,678.0,1681.0,107584.0,109265.0,41.0,328.0,330.55256768024054,0.12403473458920845,1.446441332248135,97.1250163489018
274.0,679.0,321.0,679.0,274.0,679.0,2209.0,108241.0,110450.0,47.0,329.0,332.34018715767735,0.1414213562373095,1.4288992721907328,98.13010235415597
274.0,682.0,321.0,682.0,274.0,682.0,2209.0,102400.0,104609.0,47.0,320.0,323.43314610596116,0.14531596580581185,1.4249640061037216,98.35557649220267
271.0,678.0,323.0,678.0,271.0,678.0,2704.0,106929.0,109633.0,52.0,327.0,331.1087434665536,0.15704810285462212,1.4130953766174938,99.03559887036805
271.0,684.0,329.0,684.0,271.0,684.0,3364.0,104976.0,108340.0,58.0,324.0,329.15042154006125,0.17621122807202833,1.3936602116181949,100.14915179896826
272.0,682.0,326.0,682.0,272.0,682.0,2916.0,102400.0,105316.0,54.0,320.0,324.5242671973854,0.16639741756863924,1.403621309701819,99.57842291946073
270.0,685.0,324.0,685.0,270.0,685.0,2916.0,104329.0,107245.0,54.0,323.0,327.48282397707516,0.16489414420030826,1.4051456413903118,99.49108514713205
270.0,686.0,330.0,686.0,270.0,686.0,3600.0,100489.0,104089.0,60.0,317.0,322.628269065189,0.18597254411043762,1.3837347455748297,100.7178391129535
273.0,691.0,333.0,691.0,273.0,691.0,3600.0,97344.0,100944.0,60.0,312.0,317.7168550769694,0.1888473936501245,1.380808038876181,100.88552705465872
266.0,695.0,332.0,695.0,266.0,695.0,4356.0,99856.0,104212.0,66.0,316.0,322.8188346425902,0.20444903740846498,1.3648955042390207,101.79724813072374
270.0,697.0,340.0,697.0,270.0,697.0,4900.0,95481.0,100381.0,70.0,309.0,316.8296072023573,0.2209389476510994,1.3480192219027958,102.76418788246062
266.0,702.0,342.0,702.0,266.0,702.0,5776.0,89401.0,95177.0,76.0,299.0,308.50769844527383,0.24634717507213727,1.3218868663032315,104.26146156705072
267.0,706.0,343.0,706.0,267.0,706.0,5776.0,88209.0,93985.0,76.0,297.0,306.5697310564107,0.24790444815967672,1.3202797455984636,104.35354280060201
270.0,711.0,346.0,711.0,270.0,711.0,5776.0,92416.0,98192.0,76.0,304.0,313.3560275469422,0.242535625036333,1.3258176636680323,104.03624346792648
270.0,714.0,351.0,714.0,270.0,714.0,6561.0,87025.0,93586.0,81.0,295.0,305.91828974417336,0.2647765848447208,1.302824095854422,105.35367785959421
271.0,721.0,350.0,721.0,271.0,721.0,6241.0,86436.0,92677.0,79.0,294.0,304.4289736539543,0.2595022380813189,1.3082895784838071,105.04052877192838
271.0,721.0,355.0,721.0,271.0,721.0,7056.0,90000.0,97056.0,84.0,300.0,311.53811965793204,0.2696299255199709,1.297787623708186,105.64224645720873
272.0,727.0,357.0,727.0,272.0,727.0,7225.0,86436.0,93661.0,85.0,294.0,306.04084694693944,0.2777407030726754,1.2893548468887253,106.12540897853958
273.0,732.0,362.0,732.0,273.0,732.0,7921.0,84681.0,92602.0,89.0,291.0,304.3057672802144,0.29246898866049414,1.2739886233619129,107.00582873368056
271.0,736.0,366.0,736.0,271.0,736.0,9025.0,81796.0,90821.0,95.0,286.0,301.3652269257354,0.31523212206367324,1.250095089956468,108.3748273554674
268.0,745.0,364.0,745.0,268.0,745.0,9216.0,82944.0,92160.0,96.0,288.0,303.5786553761644,0.31622776601683794,1.2490457723982544,108.43494882292201
268.0,746.0,365.0,746.0,268.0,746.0,9409.0,85264.0,94673.0,97.0,292.0,307.6897788357618,0.31525259099287967,1.250073521265583,108.37606315042474
266.0,752.0,369.0,752.0,266.0,752.0,10609.0,76729.0,87338.0,103.0,277.0,295.53003231482245,0.3485263382310874,1.2147979266499482,110.397205841715
267.0,763.0,371.0,763.0,267.0,763.0,10816.0,73441.0,84257.0,104.0,271.0,290.27056344038743,0.3582864165327545,1.2043645160905536,110.99499623269556
267.0,766.0,371.0,766.0,267.0,766.0,10816.0,72900.0,83716.0,104.0,270.0,289.3371735536241,0.3594422338570514,1.2031262151017876,111.06594565311872
268.0,770.0,376.0,770.0,268.0,770.0,11664.0,72361.0,84025.0,108.0,269.0,289.8706608127149,0.37257996272268024,1.1890087204028172,111.87481851666804
265.0,775.0,371.0,775.0,265.0,775.0,11236.0,75076.0,86312.0,106.0,274.0,293.7890399589474,0.3608031123789094,1.20166746125439,111.14952609192308
263.0,785.0,378.0,785.0,263.0,785.0,13225.0,74529.0,87754.0,115.0,273.0,296.23301639081353,0.3882079094393823,1.1721101346095535,112.84303616236178
266.0,793.0,380.0,793.0,266.0,793.0,12996.0,76176.0,89172.0,114.0,276.0,298.6168113151033,0.38176015441979294,1.1790963873574725,112.44275336529435
269.0,795.0,382.0,795.0,269.0,795.0,12769.0,77841.0,90610.0,113.0,279.0,301.01494979485653,0.3753966375324886,1.1859716545013421,112.04882957492566
270.0,804.0,385.0,804.0,270.0,804.0,13225.0,77284.0,90509.0,115.0,278.0,300.84713726409296,0.38225392817698456,1.178562092343865,112.47336621458894
268.0,808.0,387.0,808.0,268.0,808.0,14161.0,81796.0,95957.0,119.0,286.0,309.7692689728921,0.38415689327275937,1.1765018546828085,112.59140913736138
272.0,814.0,388.0,814.0,272.0,814.0,13456.0,83521.0,96977.0,116.0,289.0,311.4113035841827,0.3724977181781782,1.1890973444041806,111.86974073542636
270.0,819.0,391.0,819.0,270.0,819.0,14641.0,80089.0,94730.0,121.0,283.0,307.7823906593748,0.3931349020350929,1.1667577826235727,113.14970334162695
272.0,825.0,398.0,825.0,272.0,825.0,15876.0,82944.0,98820.0,126.0,288.0,314.3564855383137,0.4008188340197077,1.1583858851975093,113.62937773065681
273.0,833.0,404.0,833.0,273.0,833.0,17161.0,79524.0,96685.0,131.0,282.0,310.94211679989576,0.421300277196942,1.1359177566116838,114.91670667218186
270.0,835.0,407.0,835.0,270.0,835.0,18769.0,77284.0,96053.0,137.0,278.0,309.92418427738096,0.4420435930788335,1.112920659467232,116.2343432796113
277.0,842.0,412.0,842.0,277.0,842.0,18225.0,81225.0,99450.0,135.0,285.0,315.35694062442957,0.42808634473904467,1.1284221038181517,115.3461759419467
278.0,850.0,406.0,850.0,278.0,850.0,16384.0,77284.0,93668.0,128.0,278.0,306.0522831151566,0.4182291950158011,1.139301376164797,114.72283955231053
279.0,853.0,411.0,853.0,279.0,853.0,17424.0,75625.0,93049.0,132.0,275.0,305.039341724965,0.4327310675847713,1.1232763516377267,115.64100582430528
281.0,855.0,412.0,855.0,281.0,855.0,17161.0,77284.0,94445.0,131.0,278.0,307.31905245200795,0.42626709588875045,1.1304341735375174,115.23089283894096
280.0,862.0,417.0,862.0,280.0,862.0,18769.0,77841.0,96610.0,137.0,279.0,310.82149217838844,0.4407674612197415,1.1143428382843825,116.15285843567567
281.0,869.0,421.0,869.0,281.0,869.0,19600.0,73441.0,93041.0,140.0,271.0,305.026228380446,0.4589769238643441,1.0939530028186437,117.32110995282866
282.0,873.0,426.0,873.0,282.0,873.0,20736.0,73441.0,94177.0,144.0,271.0,306.88271375233893,0.4692346409456322,1.0823724476811796,117.9846268866239
281.0,877.0,428.0,877.0,281.0,877.0,21609.0,72900.0,94509.0,147.0,270.0,307.42316113136303,0.47816826636945015,1.0722284211566786,118.56583679374657
281.0,886.0,432.0,886.0,281.0,886.0,22801.0,69696.0,92497.0,151.0,264.0,304.13319450530224,0.4964929929651841,1.0512423822284072,119.76824825303378
282.0,893.0,433.0,893.0,282.0,893.0,22801.0,66564.0,89365.0,151.0,258.0,298.93979326948096,0.5051184332086569,1.041277140630645,120.33921453841376
284.0,894.0,436.0,894.0,284.0,894.0,23104.0,70756.0,93860.0,152.0,266.0,306.36579443534487,0.49613893835683387,1.0516502125483735,119.74488129694222
284.0,900.0,440.0,900.0,284.0,900.0,24336.0,68644.0,92980.0,156.0,262.0,304.92622058458664,0.5115991655323243,1.033751391892479,120.77040817878657
288.0,905.0,442.0,905.0,288.0,905.0,23716.0,72361.0,96077.0,154.0,269.0,309.9629010059107,0.4968336517055097,1.050849892591194,119.7907362527487
290.0,913.0,443.0,913.0,290.0,913.0,23409.0,69169.0,92578.0,153.0,263.0,304.26633070387527,0.5028489338470579,1.0439047498300995,120.18866362107525
291.0,914.0,444.0,914.0,291.0,914.0,23409.0,75076.0,98485.0,153.0,274.0,313.82319863260585,0.4875356591439174,1.0615313138764402,119.1787358939029
292.0,920.0,444.0,920.0,292.0,920.0,23104.0,71289.0,94393.0,152.0,267.0,307.23443817384793,0.4947362050408917,1.0532650678261246,119.65235690500268
295.0,925.0,445.0,925.0,295.0,925.0,22500.0,69696.0,92196.0,150.0,264.0,303.63794229311986,0.4940094076095274,1.0541011880326194,119.60445074600491
296.0,931.0,451.0,931.0,296.0,931.0,24025.0,68644.0,92669.0,155.0,262.0,304.4158340165636,0.5091719374609347,1.0365739302902979,120.60868864107792
300.0,932.0,455.0,932.0,300.0,932.0,24025.0,68644.0,92669.0,155.0,262.0,304.4158340165636,0.5091719374609347,1.0365739302902979,120.60868864107792
302.0,938.0,460.0,938.0,302.0,938.0,24964.0,67600.0,92564.0,158.0,260.0,304.2433236736675,0.519321173895245,1.0247399076496821,121.28672819304748
308.0,938.0,462.0,938.0,308.0,938.0,23716.0,68121.0,91837.0,154.0,261.0,303.0462010981164,0.5081733393851053,1.0377337962229392,120.54223321833658
310.0,943.0,470.0,943.0,310.0,943.0,25600.0,66564.0,92164.0,160.0,258.0,303.5852433831394,0.5270348394308223,1.0156886173739113,121.80532892499694
320.0,940.0,474.0,940.0,320.0,940.0,23716.0,68644.0,92360.0,154.0,262.0,303.90788077968625,0.5067324993511443,1.0394059265240418,120.44642720928746
321.0,947.0,479.0,947.0,321.0,947.0,24964.0,67600.0,92564.0,158.0,260.0,304.2433236736675,0.519321173895245,1.0247399076496821,121.28672819304748
328.0,947.0,477.0,947.0,328.0,947.0,22201.0,68644.0,90845.0,149.0,262.0,301.4050430898594,0.494351383349541,1.0537078228132837,119.62698891288008
334.0,947.0,483.0,947.0,334.0,947.0,22201.0,68644.0,90845.0,149.0,262.0,301.4050430898594,0.494351383349541,1.0537078228132837,119.62698891288008
341.0,946.0,486.0,946.0,341.0,946.0,21025.0,71824.0,92849.0,145.0,268.0,304.7113388110131,0.47586020449974575,1.0748545160005225,118.41537264259324
347.0,947.0,489.0,947.0,347.0,947.0,20164.0,70756.0,90920.0,142.0,266.0,301.5294347157504,0.47093246513018655,1.0804488327888249,118.09484190136433
354.0,947.0,496.0,947.0,354.0,947.0,20164.0,72900.0,93064.0,142.0,270.0,305.0639277266324,0.4654762070959963,1.0866237412598343,117.74104570709592
358.0,945.0,500.0,945.0,358.0,945.0,20164.0,76176.0,96340.0,142.0,276.0,310.3868553917836,0.4574936004321494,1.0956218508194093,117.22549200573596
368.0,945.0,505.0,945.0,368.0,945.0,18769.0,77284.0,96053.0,137.0,278.0,309.92418427738096,0.4420435930788335,1.112920659467232,116.2343432796113
374.0,946.0,505.0,946.0,374.0,946.0,17161.0,76176.0,93337.0,131.0,276.0,305.5110472634337,0.428789731741001,1.12764365153884,115.39077797210359
382.0,947.0,510.0,947.0,382.0,947.0,16384.0,75625.0,92009.0,128.0,275.0,303.3298534598927,0.42198286301194743,1.135164984218409,114.95983735325046
388.0,943.0,516.0,943.0,388.0,943.0,16384.0,77284.0,93668.0,128.0,278.0,306.0522831151566,0.4182291950158011,1.139301376164797,114.72283955231053
397.0,942.0,515.0,942.0,397.0,942.0,13924.0,75076.0,89000.0,118.0,274.0,298.328677803526,0.3955368986608546,1.1641439789485324,113.29946326068254
405.0,939.0,518.0,939.0,405.0,939.0,12769.0,76729.0,89498.0,113.0,277.0,299.16216338300535,0.3777215631888937,1.1834619986855643,112.19262226120019
411.0,935.0,523.0,935.0,411.0,935.0,12544.0,81796.0,94340.0,112.0,286.0,307.14817271147814,0.3646448520636586,1.197544961447029,111.38572793192836
420.0,934.0,523.0,934.0,420.0,934.0,10609.0,84681.0,95290.0,103.0,291.0,308.6907837950463,0.3336672340317952,1.230605239986031,109.4915135021166
428.0,935.0,527.0,935.0,428.0,935.0,9801.0,84681.0,94482.0,99.0,291.0,307.37924458232374,0.3220776996004535,1.2428730112934734,108.78862198216848
434.0,931.0,533.0,931.0,434.0,931.0,9801.0,84681.0,94482.0,99.0,291.0,307.37924458232374,0.3220776996004535,1.2428730112934734,108.78862198216848
440.0,932.0,534.0,932.0,440.0,932.0,8836.0,87025.0,95861.0,94.0,295.0,309.6142761566398,0.3036035714078107,1.2623238479781915,107.6741711321359
447.0,935.0,535.0,935.0,447.0,935.0,7744.0,82944.0,90688.0,88.0,288.0,301.14448359549937,0.2922185355990202,1.2742505177251962,106.99082329198616
455.0,930.0,543.0,930.0,455.0,930.0,7744.0,88209.0,95953.0,88.0,297.0,309.76281248723194,0.28408832969137393,1.2827408797442708,106.50436138175502
460.0,934.0,543.0,934.0,460.0,934.0,6889.0,85264.0,92153.0,83.0,292.0,303.5671260199299,0.2734156398560457,1.2938541330193274,105.86761887243433
468.0,932.0,547.0,932.0,468.0,932.0,6241.0,90000.0,96241.0,79.0,300.0,310.22733599732953,0.2546519627163998,1.3133085429163385,104.75296329241806
474.0,929.0,549.0,929.0,474.0,929.0,5625.0,91204.0,96829.0,75.0,302.0,311.1735849971845,0.2410230289973958,1.3273765088589917,103.94692821757025
481.0,929.0,546.0,929.0,481.0,929.0,4225.0,91204.0,95429.0,65.0,302.0,308.9158461458395,0.21041329155162028,1.3587986302645527,102.14657327768391
485.0,928.0,550.0,928.0,485.0,928.0,4225.0,91809.0,96034.0,65.0,303.0,309.8935301034857,0.20974945807450038,1.3594776160686413,102.10767025676034
490.0,928.0,551.0,928.0,490.0,928.0,3721.0,91809.0,95530.0,61.0,303.0,309.0792778560219,0.19736036793904885,1.3721317320932602,101.38264281508081
495.0,928.0,551.0,928.0,495.0,928.0,3136.0,91809.0,94945.0,56.0,303.0,308.13146544940844,0.1817406084066236,1.3880400775355186,100.47116176220324
499.0,929.0,550.0,929.0,499.0,929.0,2601.0,91204.0,93805.0,51.0,302.0,306.27601930285044,0.166516464841377,1.4035005780687053,99.58534033249188
504.0,929.0,555.0,929.0,504.0,929.0,2601.0,93636.0,96237.0,51.0,306.0,310.2208890452092,0.16439898730535726,1.4056476493802699,99.46232220802561
509.0,928.0,551.0,928.0,509.0,928.0,1764.0,94249.0,96013.0,42.0,307.0,309.8596456462183,0.1355452398856527,1.434832566325404,97.79014964162958
513.0,929.0,555.0,929.0,513.0,929.0,1764.0,93636.0,95400.0,42.0,306.0,308.86890422961,0.135980020730017,1.4343937223939491,97.81529354676688
517.0,929.0,554.0,929.0,517.0,929.0,1369.0,93636.0,95005.0,37.0,306.0,308.22881111278355,0.12004069271273081,1.4504654553955738,96.89445107631266
521.0,927.0,553.0,927.0,521.0,927.0,1024.0,94864.0,95888.0,32.0,308.0,309.6578757273905,0.10333985507338243,1.4672716522843523,95.93152692491975
520.0,929.0,552.0,929.0,520.0,929.0,1024.0,93636.0,94660.0,32.0,306.0,307.66865293688926,0.10400799592204156,1.466599891532263,95.97001598085701
525.0,930.0,553.0,930.0,525.0,930.0,784.0,93025.0,93809.0,28.0,305.0,306.28254929068356,0.09141885512199405,1.4792496529510508,95.24523803971304
530.0,932.0,557.0,932.0,530.0,932.0,729.0,91809.0,92538.0,27.0,303.0,304.20059171540083,0.08875722380336536,1.4819221519817887,95.09211512449896
534.0,928.0,557.0,928.0,534.0,928.0,529.0,94249.0,94778.0,23.0,307.0,307.86035795470644,0.07470919657471406,1.4960174573008125,94.2845136187706
535.0,932.0,558.0,932.0,535.0,932.0,529.0,91809.0,92338.0,23.0,303.0,303.87168344549644,0.07568984296006431,1.4950340262977002,94.34086006469126
540.0,931.0,558.0,931.0,540.0,931.0,324.0,92416.0,92740.0,18.0,304.0,304.53242848668845,0.05910700574466672,1.5116548504153005,93.3885569907235
541.0,929.0,560.0,929.0,541.0,929.0,361.0,93636.0,93997.0,19.0,306.0,306.5893018355337,0.061972155865348266,1.508784434375666,93.55301971524122
542.0,927.0,560.0,927.0,542.0,927.0,324.0,94864.0,95188.0,18.0,308.0,308.52552568628744,0.058342012253153476,1.5124211664132807,93.34465031826588
547.0,928.0,561.0,928.0,547.0,928.0,196.0,94249.0,94445.0,14.0,307.0,307.31905245200795,0.04555526215604966,1.525225293237279,92.61102789090053
548.0,932.0,561.0,932.0,548.0,932.0,169.0,91809.0,91978.0,13.0,303.0,303.27874966769434,0.04286485622301013,1.5279183330880375,92.45672807339153
552.0,932.0,561.0,932.0,552.0,932.0,81.0,91809.0,91890.0,9.0,303.0,303.1336338976591,0.02968987599389413,1.541102087187987,91.70135460532613
553.0,930.0,562.0,930.0,553.0,930.0,81.0,93025.0,93106.0,9.0,305.0,305.1327579923205,0.02949535821462509,1.5412966901953904,91.69020467432136
557.0,932.0,562.0,932.0,557.0,932.0,25.0,91809.0,91834.0,5.0,303.0,303.0412513173743,0.016499403887306134,1.5542961742095116,90.94538910446443
557.0,931.0,562.0,931.0,557.0,931.0,25.0,92416.0,92441.0,5.0,304.0,304.04111564063174,0.016445144234735223,1.554350441224881,90.94227983351699
562.0,930.0,562.0,930.0,562.0,930.0,0.0,96100.0,96100.0,0.0,310.0,310.0,nan,nan,nan
563.0,934.0,563.0,934.0,563.0,934.0,0.0,93636.0,93636.0,0.0,306.0,306.0,nan,nan,nan
563.0,934.0,563.0,934.0,563.0,934.0,0.0,93636.0,93636.0,0.0,306.0,306.0,nan,nan,nan
562.0,935.0,562.0,935.0,562.0,935.0,0.0,93025.0,93025.0,0.0,305.0,305.0,nan,nan,nan
567.0,935.0,562.0,935.0,567.0,935.0,25.0,93025.0,93050.0,5.0,305.0,305.04098085339285,0.01639124023930107,1.5544043524868913,89.06080905426442
567.0,935.0,562.0,935.0,567.0,935.0,25.0,93025.0,93050.0,5.0,305.0,305.04098085339285,0.01639124023930107,1.5544043524868913,89.06080905426442
567.0,935.0,562.0,935.0,567.0,935.0,25.0,93025.0,93050.0,5.0,305.0,305.04098085339285,0.01639124023930107,1.5544043524868913,89.06080905426442
567.0,935.0,562.0,935.0,567.0,935.0,25.0,93025.0,93050.0,5.0,305.0,305.04098085339285,0.01639124023930107,1.5544043524868913,89.06080905426442
571.0,936.0,562.0,936.0,571.0,936.0,81.0,92416.0,92497.0,9.0,304.0,304.13319450530224,0.029592297593951374,1.5411997084821354,88.30423868281918
571.0,936.0,562.0,936.0,571.0,936.0,81.0,92416.0,92497.0,9.0,304.0,304.13319450530224,0.029592297593951374,1.5411997084821354,88.30423868281918
571.0,935.0,562.0,935.0,571.0,935.0,81.0,93025.0,93106.0,9.0,305.0,305.1327579923205,0.02949535821462509,1.5412966901953904,88.30979532567864
571.0,936.0,562.0,936.0,571.0,936.0,81.0,92416.0,92497.0,9.0,304.0,304.13319450530224,0.029592297593951374,1.5411997084821354,88.30423868281918
571.0,935.0,562.0,935.0,571.0,935.0,81.0,93025.0,93106.0,9.0,305.0,305.1327579923205,0.02949535821462509,1.5412966901953904,88.30979532567864
571.0,936.0,562.0,936.0,571.0,936.0,81.0,92416.0,92497.0,9.0,304.0,304.13319450530224,0.029592297593951374,1.5411997084821354,88.30423868281918
571.0,936.0,562.0,936.0,571.0,936.0,81.0,92416.0,92497.0,9.0,304.0,304.13319450530224,0.029592297593951374,1.5411997084821354,88.30423868281918
571.0,936.0,562.0,936.0,571.0,936.0,81.0,92416.0,92497.0,9.0,304.0,304.13319450530224,0.029592297593951374,1.5411997084821354,88.30423868281918
571.0,936.0,562.0,936.0,571.0,936.0,81.0,92416.0,92497.0,9.0,304.0,304.13319450530224,0.029592297593951374,1.5411997084821354,88.30423868281918
571.0,936.0,562.0,936.0,571.0,936.0,81.0,92416.0,92497.0,9.0,304.0,304.13319450530224,0.029592297593951374,1.5411997084821354,88.30423868281918
571.0,936.0,562.0,936.0,571.0,936.0,81.0,89401.0,89482.0,9.0,299.0,299.13542083812143,0.03008670780205061,1.5407050780114657,88.27589844443123
571.0,936.0,562.0,936.0,571.0,936.0,81.0,92416.0,92497.0,9.0,304.0,304.13319450530224,0.029592297593951374,1.5411997084821354,88.30423868281918
571.0,937.0,562.0,937.0,571.0,937.0,81.0,88804.0,88885.0,9.0,298.0,298.1358750637031,0.030187578056739925,1.5406041619179338,88.27011637818691
571.0,936.0,562.0,936.0,571.0,936.0,81.0,89401.0,89482.0,9.0,299.0,299.13542083812143,0.03008670780205061,1.5407050780114657,88.27589844443123
571.0,936.0,562.0,936.0,571.0,936.0,81.0,92416.0,92497.0,9.0,304.0,304.13319450530224,0.029592297593951374,1.5411997084821354,88.30423868281918
571.0,936.0,562.0,936.0,571.0,936.0,81.0,89401.0,89482.0,9.0,299.0,299.13542083812143,0.03008670780205061,1.5407050780114657,88.27589844443123
571.0,936.0,562.0,936.0,571.0,936.0,81.0,92416.0,92497.0,9.0,304.0,304.13319450530224,0.029592297593951374,1.5411997084821354,88.30423868281918
571.0,937.0,562.0,937.0,571.0,937.0,81.0,88804.0,88885.0,9.0,298.0,298.1358750637031,0.030187578056739925,1.5406041619179338,88.27011637818691
571.0,936.0,562.0,936.0,571.0,936.0,81.0,92416.0,92497.0,9.0,304.0,304.13319450530224,0.029592297593951374,1.5411997084821354,88.30423868281918
571.0,936.0,562.0,936.0,571.0,936.0,81.0,92416.0,92497.0,9.0,304.0,304.13319450530224,0.029592297593951374,1.5411997084821354,88.30423868281918
571.0,936.0,567.0,936.0,571.0,936.0,16.0,92416.0,92432.0,4.0,304.0,304.0263146505578,0.013156755870285523,1.5576391913221408,89.24615166692924
576.0,937.0,566.0,937.0,576.0,937.0,100.0,89401.0,89501.0,10.0,299.0,299.16717734403954,0.03342612678562692,1.5373639723424994,88.08446719069224
576.0,937.0,567.0,937.0,576.0,937.0,81.0,89401.0,89482.0,9.0,299.0,299.13542083812143,0.03008670780205061,1.5407050780114657,88.27589844443123
576.0,936.0,566.0,936.0,576.0,936.0,100.0,90000.0,90100.0,10.0,300.0,300.1666203960727,0.03331483023263848,1.5374753309166493,88.09084756700362
571.0,937.0,567.0,937.0,571.0,937.0,16.0,89401.0,89417.0,4.0,299.0,299.02675465583343,0.013376729465575155,1.5574191983654646,89.23354699898908
576.0,936.0,567.0,936.0,576.0,936.0,81.0,89401.0,89482.0,9.0,299.0,299.13542083812143,0.03008670780205061,1.5407050780114657,88.27589844443123
571.0,936.0,562.0,936.0,571.0,936.0,81.0,90000.0,90081.0,9.0,300.0,300.13496963866106,0.029986509105671005,1.5408053219380187,88.28164199834454
576.0,936.0,562.0,936.0,576.0,936.0,196.0,89401.0,89597.0,14.0,299.0,299.3275797516828,0.04677150034625666,1.524007756959493,87.31921241897827
576.0,936.0,562.0,936.0,576.0,936.0,196.0,89401.0,89597.0,14.0,299.0,299.3275797516828,0.04677150034625666,1.524007756959493,87.31921241897827
576.0,936.0,562.0,936.0,576.0,936.0,196.0,89401.0,89597.0,14.0,299.0,299.3275797516828,0.04677150034625666,1.524007756959493,87.31921241897827
576.0,935.0,567.0,935.0,576.0,935.0,81.0,90000.0,90081.0,9.0,300.0,300.13496963866106,0.029986509105671005,1.5408053219380187,88.28164199834454
576.0,936.0,567.0,936.0,576.0,936.0,81.0,89401.0,89482.0,9.0,299.0,299.13542083812143,0.03008670780205061,1.5407050780114657,88.27589844443123
576.0,936.0,567.0,936.0,576.0,936.0,81.0,90000.0,90081.0,9.0,300.0,300.13496963866106,0.029986509105671005,1.5408053219380187,88.28164199834454
570.0,939.0,565.0,939.0,570.0,939.0,25.0,90601.0,90626.0,5.0,301.0,301.04152537482264,0.016609004335114797,1.5541865587410155,89.0483303918214
570.0,939.0,565.0,939.0,570.0,939.0,25.0,90601.0,90626.0,5.0,301.0,301.04152537482264,0.016609004335114797,1.5541865587410155,89.0483303918214
570.0,939.0,565.0,939.0,570.0,939.0,25.0,90601.0,90626.0,5.0,301.0,301.04152537482264,0.016609004335114797,1.5541865587410155,89.0483303918214
570.0,940.0,565.0,940.0,570.0,940.0,25.0,90000.0,90025.0,5.0,300.0,300.04166377354994,0.016664352333993333,1.554131203080956,89.04515874612783
570.0,940.0,565.0,940.0,570.0,940.0,25.0,90000.0,90025.0,5.0,300.0,300.04166377354994,0.016664352333993333,1.554131203080956,89.04515874612783
570.0,935.0,565.0,935.0,570.0,935.0,25.0,93025.0,93050.0,5.0,305.0,305.04098085339285,0.01639124023930107,1.5544043524868913,89.06080905426442
570.0,940.0,565.0,940.0,570.0,940.0,25.0,90000.0,90025.0,5.0,300.0,300.04166377354994,0.016664352333993333,1.554131203080956,89.04515874612783
570.0,935.0,565.0,935.0,570.0,935.0,25.0,93025.0,93050.0,5.0,305.0,305.04098085339285,0.01639124023930107,1.5544043524868913,89.06080905426442
570.0,939.0,565.0,939.0,570.0,939.0,25.0,88209.0,88234.0,5.0,297.0,297.0420845604205,0.01683263167035499,1.5539629001372435,89.03551569777346
570.0,939.0,566.0,939.0,570.0,939.0,16.0,90601.0,90617.0,4.0,301.0,301.0265768997814,0.013287863288335804,1.5575080724417734,89.2386391084697
570.0,939.0,566.0,939.0,570.0,939.0,16.0,90601.0,90617.0,4.0,301.0,301.0265768997814,0.013287863288335804,1.5575080724417734,89.2386391084697
570.0,939.0,566.0,939.0,570.0,939.0,16.0,90601.0,90617.0,4.0,301.0,301.0265768997814,0.013287863288335804,1.5575080724417734,89.2386391084697
570.0,940.0,565.0,940.0,570.0,940.0,25.0,90000.0,90025.0,5.0,300.0,300.04166377354994,0.016664352333993333,1.554131203080956,89.04515874612783
570.0,935.0,566.0,935.0,570.0,935.0,16.0,93025.0,93041.0,4.0,305.0,305.026228380446,0.013113626396124116,1.5576823245174212,89.24862301697571
570.0,934.0,566.0,934.0,570.0,934.0,16.0,93636.0,93652.0,4.0,306.0,306.0261426741186,0.013070778741473481,1.5577251758447148,89.25107821717617
570.0,939.0,566.0,939.0,570.0,939.0,16.0,90601.0,90617.0,4.0,301.0,301.0265768997814,0.013287863288335804,1.5575080724417734,89.2386391084697
570.0,939.0,566.0,939.0,570.0,939.0,16.0,90601.0,90617.0,4.0,301.0,301.0265768997814,0.013287863288335804,1.5575080724417734,89.2386391084697
570.0,938.0,566.0,938.0,570.0,938.0,16.0,91204.0,91220.0,4.0,302.0,302.026488904533,0.013243871471367376,1.5575520681301676,89.24115987573146
571.0,938.0,566.0,938.0,571.0,938.0,25.0,91204.0,91229.0,5.0,302.0,302.0413878924542,0.016554022728104783,1.5542415479080942,89.05148103901394
571.0,938.0,566.0,938.0,571.0,938.0,25.0,91204.0,91229.0,5.0,302.0,302.0413878924542,0.016554022728104783,1.5542415479080942,89.05148103901394
571.0,938.0,566.0,938.0,571.0,938.0,25.0,91204.0,91229.0,5.0,302.0,302.0413878924542,0.016554022728104783,1.5542415479080942,89.05148103901394
571.0,938.0,566.0,938.0,571.0,938.0,25.0,91204.0,91229.0,5.0,302.0,302.0413878924542,0.016554022728104783,1.5542415479080942,89.05148103901394
571.0,938.0,566.0,938.0,571.0,938.0,25.0,91204.0,91229.0,5.0,302.0,302.0413878924542,0.016554022728104783,1.5542415479080942,89.05148103901394
570.0,939.0,566.0,939.0,570.0,939.0,16.0,90601.0,90617.0,4.0,301.0,301.0265768997814,0.013287863288335804,1.5575080724417734,89.2386391084697
570.0,939.0,566.0,939.0,570.0,939.0,16.0,90601.0,90617.0,4.0,301.0,301.0265768997814,0.013287863288335804,1.5575080724417734,89.2386391084697
570.0,939.0,566.0,939.0,570.0,939.0,16.0,90601.0,90617.0,4.0,301.0,301.0265768997814,0.013287863288335804,1.5575080724417734,89.2386391084697
571.0,938.0,566.0,938.0,571.0,938.0,25.0,88804.0,88829.0,5.0,298.0,298.04194335697116,0.016776162253147684,1.5540193775292834,89.03875161397526
571.0,938.0,566.0,938.0,571.0,938.0,25.0,88804.0,88829.0,5.0,298.0,298.04194335697116,0.016776162253147684,1.5540193775292834,89.03875161397526
571.0,938.0,566.0,938.0,571.0,938.0,25.0,91204.0,91229.0,5.0,302.0,302.0413878924542,0.016554022728104783,1.5542415479080942,89.05148103901394
571.0,938.0,566.0,938.0,571.0,938.0,25.0,91204.0,91229.0,5.0,302.0,302.0413878924542,0.016554022728104783,1.5542415479080942,89.05148103901394
571.0,938.0,566.0,938.0,571.0,938.0,25.0,91204.0,91229.0,5.0,302.0,302.0413878924542,0.016554022728104783,1.5542415479080942,89.05148103901394
571.0,937.0,566.0,937.0,571.0,937.0,25.0,91809.0,91834.0,5.0,303.0,303.0412513173743,0.016499403887306134,1.5542961742095116,89.05461089553557
571.0,937.0,566.0,937.0,571.0,937.0,25.0,91809.0,91834.0,5.0,303.0,303.0412513173743,0.016499403887306134,1.5542961742095116,89.05461089553557
571.0,937.0,566.0,937.0,571.0,937.0,25.0,91809.0,91834.0,5.0,303.0,303.0412513173743,0.016499403887306134,1.5542961742095116,89.05461089553557
571.0,938.0,566.0,938.0,571.0,938.0,25.0,91204.0,91229.0,5.0,302.0,302.0413878924542,0.016554022728104783,1.5542415479080942,89.05148103901394
571.0,937.0,566.0,937.0,571.0,937.0,25.0,91809.0,91834.0,5.0,303.0,303.0412513173743,0.016499403887306134,1.5542961742095116,89.05461089553557
571.0,938.0,566.0,938.0,571.0,938.0,25.0,91204.0,91229.0,5.0,302.0,302.0413878924542,0.016554022728104783,1.5542415479080942,89.05148103901394
571.0,937.0,566.0,937.0,571.0,937.0,25.0,91809.0,91834.0,5.0,303.0,303.0412513173743,0.016499403887306134,1.5542961742095116,89.05461089553557
571.0,937.0,566.0,937.0,571.0,937.0,25.0,91809.0,91834.0,5.0,303.0,303.0412513173743,0.016499403887306134,1.5542961742095116,89.05461089553557
571.0,937.0,566.0,937.0,571.0,937.0,25.0,91809.0,91834.0,5.0,303.0,303.0412513173743,0.016499403887306134,1.5542961742095116,89.05461089553557
571.0,937.0,566.0,937.0,571.0,937.0,25.0,91809.0,91834.0,5.0,303.0,303.0412513173743,0.016499403887306134,1.5542961742095116,89.05461089553557
571.0,937.0,566.0,937.0,571.0,937.0,25.0,91809.0,91834.0,5.0,303.0,303.0412513173743,0.016499403887306134,1.5542961742095116,89.05461089553557
571.0,937.0,566.0,937.0,571.0,937.0,25.0,91809.0,91834.0,5.0,303.0,303.0412513173743,0.016499403887306134,1.5542961742095116,89.05461089553557
570.0,938.0,566.0,938.0,570.0,938.0,16.0,91204.0,91220.0,4.0,302.0,302.026488904533,0.013243871471367376,1.5575520681301676,89.24115987573146
570.0,938.0,566.0,938.0,570.0,938.0,16.0,91204.0,91220.0,4.0,302.0,302.026488904533,0.013243871471367376,1.5575520681301676,89.24115987573146
571.0,937.0,566.0,937.0,571.0,937.0,25.0,91809.0,91834.0,5.0,303.0,303.0412513173743,0.016499403887306134,1.5542961742095116,89.05461089553557
571.0,937.0,566.0,937.0,571.0,937.0,25.0,91809.0,91834.0,5.0,303.0,303.0412513173743,0.016499403887306134,1.5542961742095116,89.05461089553557
566.0,937.0,566.0,937.0,566.0,937.0,0.0,91809.0,91809.0,0.0,303.0,303.0,nan,nan,nan
566.0,937.0,566.0,937.0,566.0,937.0,0.0,91809.0,91809.0,0.0,303.0,303.0,nan,nan,nan
566.0,937.0,566.0,937.0,566.0,937.0,0.0,91809.0,91809.0,0.0,303.0,303.0,nan,nan,nan
566.0,939.0,566.0,939.0,566.0,939.0,0.0,90601.0,90601.0,0.0,301.0,301.0,nan,nan,nan
561.0,938.0,566.0,938.0,561.0,938.0,25.0,91204.0,91229.0,5.0,302.0,302.0413878924542,0.016554022728104783,1.5542415479080942,90.94851896098606
561.0,938.0,566.0,938.0,561.0,938.0,25.0,91204.0,91229.0,5.0,302.0,302.0413878924542,0.016554022728104783,1.5542415479080942,90.94851896098606
557.0,939.0,561.0,939.0,557.0,939.0,16.0,90601.0,90617.0,4.0,301.0,301.0265768997814,0.013287863288335804,1.5575080724417734,90.7613608915303
557.0,939.0,561.0,939.0,557.0,939.0,16.0,90601.0,90617.0,4.0,301.0,301.0265768997814,0.013287863288335804,1.5575080724417734,90.7613608915303
552.0,939.0,561.0,939.0,552.0,939.0,81.0,87616.0,87697.0,9.0,296.0,296.13679271579883,0.03039136041645882,1.5404002860132278,91.74156485069716
548.0,940.0,561.0,940.0,548.0,940.0,169.0,90000.0,90169.0,13.0,300.0,300.2815345638156,0.04329270535693645,1.527490086400187,92.48126480119582
542.0,941.0,560.0,941.0,542.0,941.0,324.0,86436.0,86760.0,18.0,294.0,294.55050500720586,0.06111006327950328,1.5096481641455954,93.50353164478446
537.0,942.0,560.0,942.0,537.0,942.0,529.0,85849.0,86378.0,23.0,293.0,293.901343991483,0.07825755298576151,1.4924586748004876,94.48841683624423
533.0,942.0,560.0,942.0,533.0,942.0,729.0,85849.0,86578.0,27.0,293.0,294.24139749532185,0.09176139125844546,1.4789056709848352,95.26494675460582
525.0,941.0,556.0,941.0,525.0,941.0,961.0,86436.0,87397.0,31.0,294.0,295.62983611266304,0.1048608638682398,1.4657423342421503,96.01915039427114
521.0,945.0,556.0,945.0,521.0,945.0,1225.0,83521.0,84746.0,35.0,289.0,291.1116624252625,0.12022877994104958,1.4502759960257312,96.90530629859386
514.0,945.0,555.0,945.0,514.0,945.0,1681.0,81796.0,83477.0,41.0,286.0,288.9238654040195,0.1419058960140494,1.428409795969422,98.15814727580909
508.0,946.0,554.0,946.0,508.0,946.0,2116.0,81796.0,83912.0,46.0,286.0,289.67568071897233,0.15879828049710085,1.4113229573462371,99.13715101413871
502.0,943.0,552.0,943.0,502.0,943.0,2500.0,84100.0,86600.0,50.0,290.0,294.27877939124323,0.1699069165076462,1.4000611153196139,99.78240703180728
492.0,949.0,551.0,949.0,492.0,949.0,3481.0,80656.0,84137.0,59.0,284.0,290.0637860885085,0.20340353684136586,1.365963446335,101.73605955585978
485.0,947.0,552.0,947.0,485.0,947.0,4489.0,84681.0,89170.0,67.0,291.0,298.6134625230417,0.22437032622007164,1.3444994867309685,102.96585385281007
480.0,952.0,551.0,952.0,480.0,952.0,5041.0,81796.0,86837.0,71.0,286.0,294.6811836544709,0.24093835622450607,1.3274637527162576,103.94192951276047
468.0,953.0,548.0,953.0,468.0,953.0,6400.0,78961.0,85361.0,80.0,281.0,292.1660486778024,0.27381689406431736,1.2934369590030284,105.89152118289078
458.0,953.0,543.0,953.0,458.0,953.0,7225.0,80089.0,87314.0,85.0,283.0,295.4894245146516,0.28765834899037257,1.2790153832197926,106.71781660919827
450.0,957.0,543.0,957.0,450.0,957.0,8649.0,75625.0,84274.0,93.0,275.0,290.29984498790213,0.32035842114857366,1.244688501498957,108.68460205564692
436.0,954.0,535.0,954.0,436.0,954.0,9801.0,75076.0,84877.0,99.0,274.0,291.3365751154496,0.33981315240205834,1.2240781062513186,109.86549071743309
425.0,960.0,538.0,960.0,425.0,960.0,12769.0,73441.0,86210.0,113.0,271.0,293.6153946917634,0.38485720450260136,1.1757432212483652,112.6348756313525
419.0,960.0,535.0,960.0,419.0,960.0,13456.0,74529.0,87985.0,116.0,273.0,296.6226559115133,0.39106925141484955,1.1690032468379954,113.02104771909286
406.0,963.0,526.0,963.0,406.0,963.0,14400.0,72361.0,86761.0,120.0,269.0,294.5522025040723,0.40739807402506506,1.151193163204951,114.04149034404134
397.0,962.0,523.0,962.0,397.0,962.0,15876.0,70756.0,86632.0,126.0,266.0,294.3331445828009,0.4280863447390447,1.1284221038181517,115.3461759419467
387.0,965.0,520.0,965.0,387.0,965.0,17689.0,69169.0,86858.0,133.0,263.0,294.7168132292421,0.45128066682964385,1.1025963971926511,116.82587993453092
378.0,959.0,517.0,959.0,378.0,959.0,19321.0,72900.0,92221.0,139.0,270.0,303.67910695337605,0.4577199972513773,1.0953672305274305,117.24008067384473
370.0,963.0,512.0,963.0,370.0,963.0,20164.0,71289.0,91453.0,142.0,267.0,302.4119706625384,0.4695581318718955,1.0820060881264266,118.00561774289554
359.0,959.0,505.0,959.0,359.0,959.0,21316.0,70756.0,92072.0,146.0,266.0,303.43368303469543,0.48115950259650625,1.0688194165455005,118.76115837030771
353.0,957.0,498.0,957.0,353.0,957.0,21025.0,71824.0,92849.0,145.0,268.0,304.7113388110131,0.47586020449974575,1.0748545160005225,118.41537264259324
345.0,949.0,492.0,949.0,345.0,949.0,21609.0,73984.0,95593.0,147.0,272.0,309.1811766586058,0.4754493840429221,1.075321552724481,118.3886134094328
339.0,944.0,482.0,944.0,339.0,944.0,20449.0,75076.0,95525.0,143.0,274.0,309.0711892105118,0.46267657741013546,1.0897843272188157,117.55995747085798
330.0,938.0,479.0,938.0,330.0,938.0,22201.0,73441.0,95642.0,149.0,271.0,309.2604080706096,0.48179461745384705,1.0680947789911766,118.80267704384715
323.0,929.0,464.0,929.0,323.0,929.0,19881.0,79524.0,99405.0,141.0,282.0,315.28558482747036,0.4472135954999579,1.1071487177940904,116.56505117707799
320.0,925.0,453.0,925.0,320.0,925.0,17689.0,78961.0,96650.0,133.0,281.0,310.8858311341963,0.4278097831437983,1.1287281013606205,115.32864357422186
315.0,916.0,451.0,916.0,315.0,916.0,18496.0,81225.0,99721.0,136.0,285.0,315.7863201596928,0.4306709674162736,1.1255602348426872,115.51014895576023
310.0,907.0,442.0,907.0,310.0,907.0,17424.0,80089.0,97513.0,132.0,283.0,312.27071588607214,0.4227101463083028,1.1343626279965466,115.00580897842924
310.0,897.0,434.0,897.0,310.0,897.0,15376.0,79524.0,94900.0,124.0,282.0,308.05843601498725,0.4025210333599412,1.1565271512786075,113.7358753394477
302.0,881.0,428.0,881.0,302.0,881.0,15876.0,76729.0,92605.0,126.0,277.0,304.31069649291004,0.4140505130188074,1.1438968728370862,114.45953698822194
301.0,871.0,415.0,871.0,301.0,871.0,12996.0,76176.0,89172.0,114.0,276.0,298.6168113151033,0.38176015441979294,1.1790963873574725,112.44275336529435
300.0,860.0,411.0,860.0,300.0,860.0,12321.0,77841.0,90162.0,111.0,279.0,300.26987860922713,0.36966744887673536,1.1921452351234192,111.69510946079689
298.0,849.0,399.0,849.0,298.0,849.0,10201.0,75076.0,85277.0,101.0,274.0,292.02225942554446,0.34586404542819277,1.2176368200790184,110.23454922974187
294.0,841.0,400.0,841.0,294.0,841.0,11236.0,72900.0,84136.0,106.0,270.0,290.06206232459976,0.36543903449661946,1.1966919108749792,111.43460412941803
299.0,823.0,391.0,823.0,299.0,823.0,8464.0,76176.0,84640.0,92.0,276.0,290.9295447354909,0.31622776601683794,1.2490457723982544,108.43494882292201
290.0,814.0,375.0,814.0,290.0,814.0,7225.0,84100.0,91325.0,85.0,290.0,302.2002647252315,0.2812704352767006,1.2856785916223004,106.33604288971847
291.0,807.0,371.0,807.0,291.0,807.0,6400.0,81225.0,87625.0,80.0,285.0,296.0152023123137,0.2702563901282179,1.2971370057128062,105.67952412241925
292.0,796.0,366.0,796.0,292.0,796.0,5476.0,86436.0,91912.0,74.0,294.0,303.16991935216794,0.24408754060471347,1.3242176650333637,104.1279166369197
289.0,786.0,358.0,786.0,289.0,786.0,4761.0,89401.0,94162.0,69.0,299.0,306.8582734749057,0.22485950669875843,1.3439974787410107,102.9946167919165
290.0,775.0,349.0,775.0,290.0,775.0,3481.0,97344.0,100825.0,59.0,312.0,317.52952618614853,0.18580949213967535,1.3839006898941062,100.70833120382478
293.0,766.0,346.0,766.0,293.0,766.0,2809.0,100489.0,103298.0,53.0,317.0,321.4000622277475,0.16490351505421813,1.4051361404734737,99.49162950956838
292.0,751.0,322.0,751.0,292.0,751.0,900.0,114921.0,115821.0,30.0,339.0,340.3248448174185,0.08815107229710117,1.482530688810088,95.05724853255914
290.0,744.0,321.0,744.0,290.0,744.0,961.0,112896.0,113857.0,31.0,336.0,337.42702914852566,0.0918717154290408,1.478794878821316,95.27129467797857
290.0,736.0,326.0,736.0,290.0,736.0,1296.0,109561.0,110857.0,36.0,331.0,332.9519484850629,0.10812371023446661,1.4624608261591197,96.20716695786686
289.0,728.0,324.0,728.0,289.0,728.0,1225.0,111556.0,112781.0,35.0,334.0,335.828825445345,0.10421976122385043,1.4663869690779683,95.98221553885166
291.0,722.0,320.0,722.0,291.0,722.0,841.0,110889.0,111730.0,29.0,333.0,334.26037755019667,0.08675871251190999,1.4839284040843899,94.97716534638067
288.0,711.0,324.0,711.0,288.0,711.0,1296.0,112225.0,113521.0,36.0,335.0,336.92877585626314,0.10684750778116359,1.4637444652861462,96.13361985347038
288.0,709.0,318.0,709.0,288.0,709.0,900.0,112896.0,113796.0,30.0,336.0,337.33662712489433,0.08893193797450552,1.4817467441603989,95.10216525235819
289.0,705.0,319.0,705.0,289.0,705.0,900.0,113569.0,114469.0,30.0,337.0,338.3326765182459,0.08867012287647638,1.4820095976923537,95.08710485434706
290.0,702.0,320.0,702.0,290.0,702.0,900.0,110889.0,111789.0,30.0,333.0,334.34862045475825,0.08972670489621294,1.480948787100269,95.1478848241363
291.0,693.0,315.0,693.0,291.0,693.0,576.0,116964.0,117540.0,24.0,342.0,342.8410710518797,0.07000328148073091,1.5007357441564413,94.01417569541101
288.0,688.0,323.0,688.0,288.0,688.0,1225.0,114244.0,115469.0,35.0,338.0,339.8072983324519,0.10299955348739331,1.4676137795423485,95.91192447698019
286.0,686.0,315.0,686.0,286.0,686.0,841.0,118336.0,119177.0,29.0,344.0,345.2202195700594,0.08400434956016446,1.48669286282431,94.8187735279452
290.0,683.0,314.0,683.0,290.0,683.0,576.0,119025.0,119601.0,24.0,345.0,345.83377510011945,0.06939750171322034,1.5013430007995745,93.97938245267821
288.0,683.0,312.0,683.0,288.0,683.0,576.0,107584.0,108160.0,24.0,328.0,328.87687665751145,0.072975638311578,1.4977557614917774,94.1849161251184
288.0,682.0,317.0,682.0,288.0,682.0,841.0,112225.0,113066.0,29.0,335.0,336.2528810285497,0.08624461420610918,1.4844444366376102,94.94759885898978
290.0,675.0,314.0,675.0,290.0,675.0,576.0,112896.0,113472.0,24.0,336.0,336.8560523428368,0.07124704998790965,1.4994888620096063,94.08561677997487
290.0,680.0,313.0,680.0,290.0,680.0,529.0,110224.0,110753.0,23.0,332.0,332.7957331457241,0.06911146300643461,1.501629727931744,93.96295419813299
294.0,675.0,311.0,675.0,294.0,675.0,289.0,110889.0,111178.0,17.0,333.0,333.4336515710434,0.050984655927501295,1.5197895564383188,92.92247266802491
292.0,675.0,310.0,675.0,292.0,675.0,324.0,110889.0,111213.0,18.0,333.0,333.4861316456803,0.053975258015000444,1.5167948264189284,93.0940580589171
290.0,679.0,308.0,679.0,290.0,679.0,324.0,114244.0,114568.0,18.0,338.0,338.47895060106765,0.05317908238617431,1.5175921472514058,93.04837494029829
289.0,683.0,312.0,683.0,289.0,683.0,529.0,107584.0,108113.0,23.0,328.0,328.80541358073776,0.06995018649336313,1.5007889696194525,94.01112610101784
288.0,677.0,311.0,677.0,288.0,677.0,529.0,114921.0,115450.0,23.0,339.0,339.7793401606401,0.06769099024421589,1.503053535524848,93.88137603220946
292.0,681.0,310.0,681.0,292.0,681.0,324.0,108900.0,109224.0,18.0,330.0,330.4905444940899,0.05446449315986979,1.5163048705541655,93.1221304621157
292.0,679.0,310.0,679.0,292.0,679.0,324.0,111556.0,111880.0,18.0,334.0,334.4846782739084,0.053814124141315256,1.5169561948215942,93.08481233049758
292.0,682.0,315.0,682.0,292.0,682.0,529.0,109561.0,110090.0,23.0,331.0,331.79813139919884,0.06931925717305452,1.5014214342225096,93.97488854857126
291.0,681.0,309.0,681.0,291.0,681.0,324.0,110224.0,110548.0,18.0,332.0,332.48759375351136,0.05413735832003477,1.5166324887580167,93.10335932174337
287.0,683.0,316.0,683.0,287.0,683.0,841.0,106276.0,107117.0,29.0,326.0,327.28733553255614,0.08860715601112923,1.4820728133842105,95.08348286200467
287.0,678.0,311.0,678.0,287.0,678.0,576.0,108900.0,109476.0,24.0,330.0,330.8715762950937,0.07253569577882138,1.498196873064402,94.15964229371264
287.0,678.0,311.0,678.0,287.0,678.0,576.0,112896.0,113472.0,24.0,336.0,336.8560523428368,0.07124704998790965,1.4994888620096063,94.08561677997487
286.0,679.0,310.0,679.0,286.0,679.0,576.0,109561.0,110137.0,24.0,331.0,331.86895003901765,0.07231770250630055,1.4984154403523264,94.14711931057495
284.0,677.0,308.0,677.0,284.0,677.0,576.0,114921.0,115497.0,24.0,339.0,339.84849565652047,0.07061970350534205,1.500117792744291,94.04958170327137
288.0,681.0,306.0,681.0,288.0,681.0,324.0,115600.0,115924.0,18.0,340.0,340.47613719613304,0.05286714114014694,1.5179045279291765,93.03047684586059
285.0,679.0,303.0,679.0,285.0,679.0,324.0,112225.0,112549.0,18.0,335.0,335.4832335601885,0.05365394809446013,1.5171166026124725,93.07562164107924
285.0,684.0,309.0,684.0,285.0,684.0,576.0,108900.0,109476.0,24.0,330.0,330.8715762950937,0.07253569577882138,1.498196873064402,94.15964229371264
284.0,678.0,308.0,678.0,284.0,678.0,576.0,112896.0,113472.0,24.0,336.0,336.8560523428368,0.07124704998790965,1.4994888620096063,94.08561677997487
284.0,679.0,308.0,679.0,284.0,679.0,576.0,112225.0,112801.0,24.0,335.0,335.85860119996926,0.07145864335244602,1.4992767279440569,94.09777116662181
283.0,680.0,308.0,680.0,283.0,680.0,625.0,111556.0,112181.0,25.0,334.0,334.93432191998477,0.0746414994339471,1.4960853439881288,94.28062399810226
284.0,678.0,308.0,678.0,284.0,678.0,576.0,120409.0,120985.0,24.0,347.0,347.82898096622137,0.06899942590560247,1.5017420331249551,93.9565195845446
283.0,681.0,307.0,681.0,283.0,681.0,576.0,114244.0,114820.0,24.0,338.0,338.85099970340946,0.07082759095002462,1.499909383431412,94.06152267731058
281.0,684.0,306.0,684.0,281.0,684.0,625.0,112225.0,112850.0,25.0,335.0,335.9315406448165,0.07441992482162528,1.4963075365810148,94.26789330029081
280.0,681.0,304.0,681.0,280.0,681.0,576.0,114244.0,114820.0,24.0,338.0,338.85099970340946,0.07082759095002462,1.499909383431412,94.06152267731058
280.0,680.0,304.0,680.0,280.0,680.0,576.0,114921.0,115497.0,24.0,339.0,339.84849565652047,0.07061970350534205,1.500117792744291,94.04958170327137
282.0,680.0,300.0,680.0,282.0,680.0,324.0,120409.0,120733.0,18.0,347.0,347.4665451521916,0.05180354843116173,1.5189695802719365,92.96945384165993
280.0,677.0,299.0,677.0,280.0,677.0,361.0,121104.0,121465.0,19.0,348.0,348.5182922028627,0.054516507239570175,1.5162527790815865,93.1251150836431
281.0,677.0,299.0,677.0,281.0,677.0,324.0,121104.0,121428.0,18.0,348.0,348.4652062975585,0.0516550854280401,1.5191182423124667,92.96093613416375
281.0,677.0,299.0,677.0,281.0,677.0,324.0,121104.0,121428.0,18.0,348.0,348.4652062975585,0.0516550854280401,1.5191182423124667,92.96093613416375
280.0,678.0,298.0,678.0,280.0,678.0,324.0,115600.0,115924.0,18.0,340.0,340.47613719613304,0.05286714114014694,1.5179045279291765,93.03047684586059
276.0,680.0,300.0,680.0,276.0,680.0,576.0,115600.0,116176.0,24.0,340.0,340.84600628436294,0.0704130298067132,1.5003249822161009,94.03771062097712
276.0,678.0,294.0,678.0,276.0,678.0,324.0,117649.0,117973.0,18.0,343.0,343.4719784785944,0.05240602182376221,1.5183662873709778,93.00401997869507
276.0,678.0,294.0,678.0,276.0,678.0,324.0,117649.0,117973.0,18.0,343.0,343.4719784785944,0.05240602182376221,1.5183662873709778,93.00401997869507
276.0,677.0,294.0,677.0,276.0,677.0,324.0,118336.0,118660.0,18.0,344.0,344.4706083252967,0.0522540953131244,1.518518422330418,92.99530328760275
276.0,680.0,293.0,680.0,276.0,680.0,289.0,116281.0,116570.0,17.0,341.0,341.42349069740357,0.04979153591709582,1.5209841940527504,92.8540249746704
276.0,681.0,294.0,681.0,276.0,681.0,324.0,119716.0,120040.0,18.0,346.0,346.4678917302439,0.051952866137490755,1.5188200612259855,92.97802065194975
274.0,683.0,292.0,683.0,274.0,683.0,324.0,114244.0,114568.0,18.0,338.0,338.47895060106765,0.05317908238617431,1.5175921472514058,93.04837494029829
274.0,682.0,292.0,682.0,274.0,682.0,324.0,114921.0,115245.0,18.0,339.0,339.4775397577872,0.05302265361308664,1.5177487970334256,93.03939956892691
273.0,682.0,291.0,682.0,273.0,682.0,324.0,114921.0,115245.0,18.0,339.0,339.4775397577872,0.05302265361308664,1.5177487970334256,93.03939956892691
273.0,683.0,291.0,683.0,273.0,683.0,324.0,114921.0,115245.0,18.0,339.0,339.4775397577872,0.05302265361308664,1.5177487970334256,93.03939956892691
273.0,684.0,290.0,684.0,273.0,684.0,289.0,118336.0,118625.0,17.0,344.0,344.41980198589044,0.04935836993686102,1.5214178933103795,92.82917583763029
272.0,683.0,290.0,683.0,272.0,683.0,324.0,114921.0,115245.0,18.0,339.0,339.4775397577872,0.05302265361308664,1.5177487970334256,93.03939956892691
272.0,683.0,290.0,683.0,272.0,683.0,324.0,114921.0,115245.0,18.0,339.0,339.4775397577872,0.05302265361308664,1.5177487970334256,93.03939956892691
271.0,683.0,289.0,683.0,271.0,683.0,324.0,119025.0,119349.0,18.0,345.0,345.469246098694,0.052103045939023304,1.5186696777492505,92.98663699047516
271.0,680.0,289.0,680.0,271.0,680.0,324.0,112896.0,113220.0,18.0,336.0,336.48179742743883,0.0534947213716119,1.5172760583355815,93.06648550112588
272.0,681.0,290.0,681.0,272.0,681.0,324.0,116964.0,117288.0,18.0,342.0,342.47335662792807,0.05255883312276367,1.5182132651839548,93.01278750418334
268.0,682.0,291.0,682.0,268.0,682.0,529.0,117649.0,118178.0,23.0,343.0,343.77027212951384,0.0669051452806683,1.5038411661343678,93.83624812246866
268.0,681.0,291.0,681.0,268.0,681.0,529.0,117649.0,118178.0,23.0,343.0,343.77027212951384,0.0669051452806683,1.5038411661343678,93.83624812246866
267.0,683.0,285.0,683.0,267.0,683.0,324.0,116281.0,116605.0,18.0,341.0,341.4747428434496,0.05271253695109208,1.5180593479926199,93.02160630964134
268.0,679.0,285.0,679.0,268.0,679.0,289.0,116281.0,116570.0,17.0,341.0,341.42349069740357,0.04979153591709582,1.5209841940527504,92.8540249746704
268.0,684.0,285.0,684.0,268.0,684.0,289.0,112896.0,113185.0,17.0,336.0,336.42978465052704,0.05053060334018607,1.5202441950584118,92.89642379388992
268.0,683.0,285.0,683.0,268.0,683.0,289.0,113569.0,113858.0,17.0,337.0,337.4285109471338,0.050381042053270514,1.5203939470855514,92.8878436347613
268.0,682.0,285.0,682.0,268.0,682.0,289.0,114244.0,114533.0,17.0,338.0,338.42724476613876,0.050232362384852916,1.520542815248557,92.87931411731721
267.0,686.0,285.0,686.0,267.0,686.0,324.0,114921.0,115245.0,18.0,339.0,339.4775397577872,0.05302265361308664,1.5177487970334256,93.03939956892691
266.0,681.0,284.0,681.0,266.0,681.0,324.0,117649.0,117973.0,18.0,343.0,343.4719784785944,0.05240602182376221,1.5183662873709778,93.00401997869507
268.0,680.0,285.0,680.0,268.0,680.0,289.0,115600.0,115889.0,17.0,340.0,340.42473470651333,0.04993761694389224,1.5208379310729538,92.86240522611175
268.0,681.0,285.0,681.0,268.0,681.0,289.0,114921.0,115210.0,17.0,339.0,339.42598604113977,0.05008455657234073,1.5206908073429575,92.87083479490676
268.0,683.0,285.0,683.0,268.0,683.0,289.0,114244.0,114533.0,17.0,338.0,338.42724476613876,0.050232362384852916,1.520542815248557,92.87931411731721
268.0,684.0,285.0,684.0,268.0,684.0,289.0,113569.0,113858.0,17.0,337.0,337.4285109471338,0.050381042053270514,1.5203939470855514,92.8878436347613
268.0,684.0,285.0,684.0,268.0,684.0,289.0,113569.0,113858.0,17.0,337.0,337.4285109471338,0.050381042053270514,1.5203939470855514,92.8878436347613
267.0,682.0,285.0,682.0,267.0,682.0,324.0,114921.0,115245.0,18.0,339.0,339.4775397577872,0.05302265361308664,1.5177487970334256,93.03939956892691
267.0,682.0,285.0,682.0,267.0,682.0,324.0,114921.0,115245.0,18.0,339.0,339.4775397577872,0.05302265361308664,1.5177487970334256,93.03939956892691
267.0,679.0,284.0,679.0,267.0,679.0,289.0,116281.0,116570.0,17.0,341.0,341.42349069740357,0.04979153591709582,1.5209841940527504,92.8540249746704
267.0,683.0,284.0,683.0,267.0,683.0,289.0,109561.0,109850.0,17.0,331.0,331.436268383531,0.05129191226690968,1.5194818975512545,92.94010022378338
265.0,681.0,283.0,681.0,265.0,681.0,324.0,113569.0,113893.0,18.0,337.0,337.4803697994892,0.05333643557014747,1.5174345704340109,93.05740342688412
265.0,680.0,283.0,680.0,265.0,680.0,324.0,110224.0,110548.0,18.0,332.0,332.48759375351136,0.05413735832003477,1.5166324887580167,93.10335932174337
265.0,679.0,283.0,679.0,265.0,679.0,324.0,110889.0,111213.0,18.0,333.0,333.4861316456803,0.053975258015000444,1.5167948264189284,93.0940580589171
270.0,678.0,283.0,678.0,270.0,678.0,169.0,111556.0,111725.0,13.0,334.0,334.2528982671654,0.038892706891681804,1.531893808095089,92.22895013392774
268.0,678.0,280.0,678.0,268.0,678.0,144.0,114244.0,114388.0,12.0,338.0,338.21295066865787,0.03548060467902135,1.535308273631223,92.03331566941439
268.0,676.0,280.0,676.0,268.0,676.0,144.0,114921.0,115065.0,12.0,339.0,339.21232288936676,0.03537607330354496,1.5354128706707453,92.02732270050019
267.0,680.0,285.0,680.0,267.0,680.0,324.0,112225.0,112549.0,18.0,335.0,335.4832335601885,0.05365394809446013,1.5171166026124725,93.07562164107924
267.0,680.0,285.0,680.0,267.0,680.0,324.0,111556.0,111880.0,18.0,334.0,334.4846782739084,0.053814124141315256,1.5169561948215942,93.08481233049758
266.0,684.0,285.0,684.0,266.0,684.0,361.0,108900.0,109261.0,19.0,330.0,330.5465171500072,0.05748056329202676,1.5132840635731586,93.29520995285105
267.0,680.0,285.0,680.0,267.0,680.0,324.0,111556.0,111880.0,18.0,334.0,334.4846782739084,0.053814124141315256,1.5169561948215942,93.08481233049758
267.0,679.0,285.0,679.0,267.0,679.0,324.0,116281.0,116605.0,18.0,341.0,341.4747428434496,0.05271253695109208,1.5180593479926199,93.02160630964134
267.0,680.0,285.0,680.0,267.0,680.0,324.0,115600.0,115924.0,18.0,340.0,340.47613719613304,0.05286714114014694,1.5179045279291765,93.03047684586059
266.0,679.0,284.0,679.0,266.0,679.0,324.0,116281.0,116605.0,18.0,341.0,341.4747428434496,0.05271253695109208,1.5180593479926199,93.02160630964134
266.0,680.0,285.0,680.0,266.0,680.0,361.0,115600.0,115961.0,19.0,340.0,340.5304685340212,0.05579530102488252,1.5149720356020806,93.19849627965769
266.0,681.0,284.0,681.0,266.0,681.0,324.0,114921.0,115245.0,18.0,339.0,339.4775397577872,0.05302265361308664,1.5177487970334256,93.03939956892691
266.0,681.0,284.0,681.0,266.0,681.0,324.0,114921.0,115245.0,18.0,339.0,339.4775397577872,0.05302265361308664,1.5177487970334256,93.03939956892691
266.0,681.0,284.0,681.0,266.0,681.0,324.0,110889.0,111213.0,18.0,333.0,333.4861316456803,0.053975258015000444,1.5167948264189284,93.0940580589171
266.0,681.0,284.0,681.0,266.0,681.0,324.0,114921.0,115245.0,18.0,339.0,339.4775397577872,0.05302265361308664,1.5177487970334256,93.03939956892691
266.0,681.0,284.0,681.0,266.0,681.0,324.0,114921.0,115245.0,18.0,339.0,339.4775397577872,0.05302265361308664,1.5177487970334256,93.03939956892691
272.0,683.0,284.0,683.0,272.0,683.0,144.0,110224.0,110368.0,12.0,332.0,332.2167966855379,0.03612099123139365,1.534667476282121,92.0700306530411
272.0,683.0,284.0,683.0,272.0,683.0,144.0,114244.0,114388.0,12.0,338.0,338.21295066865787,0.03548060467902135,1.535308273631223,92.03331566941439
272.0,683.0,284.0,683.0,272.0,683.0,144.0,114244.0,114388.0,12.0,338.0,338.21295066865787,0.03548060467902135,1.535308273631223,92.03331566941439
271.0,682.0,283.0,682.0,271.0,682.0,144.0,114921.0,115065.0,12.0,339.0,339.21232288936676,0.03537607330354496,1.5354128706707453,92.02732270050019
271.0,682.0,283.0,682.0,271.0,682.0,144.0,110889.0,111033.0,12.0,333.0,333.2161460673837,0.036012660675732486,1.5347758773657074,92.06381972845695
271.0,681.0,283.0,681.0,271.0,681.0,144.0,110889.0,111033.0,12.0,333.0,333.2161460673837,0.036012660675732486,1.5347758773657074,92.06381972845695
271.0,682.0,283.0,682.0,271.0,682.0,144.0,114244.0,114388.0,12.0,338.0,338.21295066865787,0.03548060467902135,1.535308273631223,92.03331566941439
271.0,681.0,283.0,681.0,271.0,681.0,144.0,110889.0,111033.0,12.0,333.0,333.2161460673837,0.036012660675732486,1.5347758773657074,92.06381972845695
271.0,681.0,283.0,681.0,271.0,681.0,144.0,114921.0,115065.0,12.0,339.0,339.21232288936676,0.03537607330354496,1.5354128706707453,92.02732270050019
271.0,680.0,283.0,680.0,271.0,680.0,144.0,115600.0,115744.0,12.0,340.0,340.2116987994387,0.0352721556676222,1.5355168532013053,92.02136494035602
271.0,681.0,283.0,681.0,271.0,681.0,144.0,114244.0,114388.0,12.0,338.0,338.21295066865787,0.03548060467902135,1.535308273631223,92.03331566941439
271.0,680.0,283.0,680.0,271.0,680.0,144.0,110889.0,111033.0,12.0,333.0,333.2161460673837,0.036012660675732486,1.5347758773657074,92.06381972845695
271.0,680.0,283.0,680.0,271.0,680.0,144.0,110889.0,111033.0,12.0,333.0,333.2161460673837,0.036012660675732486,1.5347758773657074,92.06381972845695
271.0,680.0,283.0,680.0,271.0,680.0,144.0,114921.0,115065.0,12.0,339.0,339.21232288936676,0.03537607330354496,1.5354128706707453,92.02732270050019
271.0,680.0,283.0,680.0,271.0,680.0,144.0,114921.0,115065.0,12.0,339.0,339.21232288936676,0.03537607330354496,1.5354128706707453,92.02732270050019
271.0,679.0,283.0,679.0,271.0,679.0,144.0,111556.0,111700.0,12.0,334.0,334.21549934136806,0.03590497754786407,1.5348836301803326,92.05764594694827
271.0,679.0,283.0,679.0,271.0,679.0,144.0,111556.0,111700.0,12.0,334.0,334.21549934136806,0.03590497754786407,1.5348836301803326,92.05764594694827
272.0,679.0,284.0,679.0,272.0,679.0,144.0,111556.0,111700.0,12.0,334.0,334.21549934136806,0.03590497754786407,1.5348836301803326,92.05764594694827
272.0,684.0,284.0,684.0,272.0,684.0,144.0,108241.0,108385.0,12.0,329.0,329.21877224727024,0.036449926345594345,1.534338324408699,92.08888966620701
272.0,678.0,284.0,678.0,272.0,678.0,144.0,112225.0,112369.0,12.0,335.0,335.2148564726808,0.03579793606485926,1.5349907405214265,92.05150897646139
271.0,679.0,283.0,679.0,271.0,679.0,144.0,111556.0,111700.0,12.0,334.0,334.21549934136806,0.03590497754786407,1.5348836301803326,92.05764594694827
271.0,679.0,284.0,679.0,271.0,679.0,169.0,111556.0,111725.0,13.0,334.0,334.2528982671654,0.038892706891681804,1.531893808095089,92.22895013392774
272.0,682.0,284.0,682.0,272.0,682.0,144.0,114244.0,114388.0,12.0,338.0,338.21295066865787,0.03548060467902135,1.535308273631223,92.03331566941439
272.0,681.0,284.0,681.0,272.0,681.0,144.0,114921.0,115065.0,12.0,339.0,339.21232288936676,0.03537607330354496,1.5354128706707453,92.02732270050019
272.0,681.0,284.0,681.0,272.0,681.0,144.0,114921.0,115065.0,12.0,339.0,339.21232288936676,0.03537607330354496,1.5354128706707453,92.02732270050019
271.0,682.0,284.0,682.0,271.0,682.0,169.0,110224.0,110393.0,13.0,332.0,332.2544205875973,0.03912664270052236,1.5316596940858418,92.2423638785825
272.0,682.0,284.0,682.0,272.0,682.0,144.0,110224.0,110368.0,12.0,332.0,332.2167966855379,0.03612099123139365,1.534667476282121,92.0700306530411
272.0,682.0,284.0,682.0,272.0,682.0,144.0,110224.0,110368.0,12.0,332.0,332.2167966855379,0.03612099123139365,1.534667476282121,92.0700306530411
272.0,678.0,284.0,678.0,272.0,678.0,144.0,116964.0,117108.0,12.0,342.0,342.21046155838076,0.035066140133044446,1.5357229962616712,92.00955381302114
272.0,679.0,284.0,679.0,272.0,679.0,144.0,116281.0,116425.0,12.0,341.0,341.2110783664563,0.035168846385204865,1.5356202266201853,92.01544207974035
272.0,678.0,284.0,678.0,272.0,678.0,144.0,116964.0,117108.0,12.0,342.0,342.21046155838076,0.035066140133044446,1.5357229962616712,92.00955381302114
272.0,678.0,284.0,678.0,272.0,678.0,144.0,116964.0,117108.0,12.0,342.0,342.21046155838076,0.035066140133044446,1.5357229962616712,92.00955381302114
272.0,679.0,284.0,679.0,272.0,679.0,144.0,112225.0,112369.0,12.0,335.0,335.2148564726808,0.03579793606485926,1.5349907405214265,92.05150897646139
272.0,682.0,284.0,682.0,272.0,682.0,144.0,114921.0,115065.0,12.0,339.0,339.21232288936676,0.03537607330354496,1.5354128706707453,92.02732270050019
272.0,682.0,284.0,682.0,272.0,682.0,144.0,114921.0,115065.0,12.0,339.0,339.21232288936676,0.03537607330354496,1.5354128706707453,92.02732270050019
272.0,682.0,284.0,682.0,272.0,682.0,144.0,114921.0,115065.0,12.0,339.0,339.21232288936676,0.03537607330354496,1.5354128706707453,92.02732270050019
273.0,679.0,285.0,679.0,273.0,679.0,144.0,116281.0,116425.0,12.0,341.0,341.2110783664563,0.035168846385204865,1.5356202266201853,92.01544207974035
274.0,680.0,286.0,680.0,274.0,680.0,144.0,115600.0,115744.0,12.0,340.0,340.2116987994387,0.0352721556676222,1.5355168532013053,92.02136494035602
274.0,678.0,286.0,678.0,274.0,678.0,144.0,112896.0,113040.0,12.0,336.0,336.2142174269256,0.03569153051241249,1.5350972141155725,92.04540848888723
277.0,678.0,283.0,678.0,277.0,678.0,36.0,118336.0,118372.0,6.0,344.0,344.05232160239814,0.017439208002013894,1.5533562347191943,90.9992436702573
277.0,678.0,283.0,678.0,277.0,678.0,36.0,118336.0,118372.0,6.0,344.0,344.05232160239814,0.017439208002013894,1.5533562347191943,90.9992436702573
277.0,679.0,289.0,679.0,277.0,679.0,144.0,118336.0,118480.0,12.0,344.0,344.20923869065456,0.03486251573504266,1.5359267452401069,91.99787985647667
277.0,679.0,283.0,679.0,277.0,679.0,36.0,117649.0,117685.0,6.0,343.0,343.05247412021384,0.017490035643635837,1.5533053993242472,91.00215632383764
277.0,680.0,289.0,680.0,277.0,680.0,144.0,116964.0,117108.0,12.0,342.0,342.21046155838076,0.035066140133044446,1.5357229962616712,92.00955381302114
277.0,681.0,289.0,681.0,277.0,681.0,144.0,116281.0,116425.0,12.0,341.0,341.2110783664563,0.035168846385204865,1.5356202266201853,92.01544207974035
276.0,683.0,288.0,683.0,276.0,683.0,144.0,115600.0,115744.0,12.0,340.0,340.2116987994387,0.0352721556676222,1.5355168532013053,92.02136494035602
276.0,682.0,288.0,682.0,276.0,682.0,144.0,115600.0,115744.0,12.0,340.0,340.2116987994387,0.0352721556676222,1.5355168532013053,92.02136494035602
274.0,682.0,286.0,682.0,274.0,682.0,144.0,119025.0,119169.0,12.0,345.0,345.20863256876993,0.03476158724857336,1.5360277349388143,91.99209357296644
276.0,682.0,288.0,682.0,276.0,682.0,144.0,115600.0,115744.0,12.0,340.0,340.2116987994387,0.0352721556676222,1.5355168532013053,92.02136494035602
274.0,682.0,286.0,682.0,274.0,682.0,144.0,119025.0,119169.0,12.0,345.0,345.20863256876993,0.03476158724857336,1.5360277349388143,91.99209357296644
276.0,681.0,288.0,681.0,276.0,681.0,144.0,116281.0,116425.0,12.0,341.0,341.2110783664563,0.035168846385204865,1.5356202266201853,92.01544207974035
277.0,682.0,289.0,682.0,277.0,682.0,144.0,115600.0,115744.0,12.0,340.0,340.2116987994387,0.0352721556676222,1.5355168532013053,92.02136494035602
276.0,681.0,288.0,681.0,276.0,681.0,144.0,116964.0,117108.0,12.0,342.0,342.21046155838076,0.035066140133044446,1.5357229962616712,92.00955381302114
271.0,682.0,289.0,682.0,271.0,682.0,324.0,116281.0,116605.0,18.0,341.0,341.4747428434496,0.05271253695109208,1.5180593479926199,93.02160630964134
277.0,682.0,289.0,682.0,277.0,682.0,144.0,116281.0,116425.0,12.0,341.0,341.2110783664563,0.035168846385204865,1.5356202266201853,92.01544207974035
270.0,682.0,288.0,682.0,270.0,682.0,324.0,116281.0,116605.0,18.0,341.0,341.4747428434496,0.05271253695109208,1.5180593479926199,93.02160630964134
277.0,681.0,289.0,681.0,277.0,681.0,144.0,116281.0,116425.0,12.0,341.0,341.2110783664563,0.035168846385204865,1.5356202266201853,92.01544207974035
277.0,681.0,289.0,681.0,277.0,681.0,144.0,116281.0,116425.0,12.0,341.0,341.2110783664563,0.035168846385204865,1.5356202266201853,92.01544207974035
277.0,681.0,289.0,681.0,277.0,681.0,144.0,116281.0,116425.0,12.0,341.0,341.2110783664563,0.035168846385204865,1.5356202266201853,92.01544207974035
277.0,681.0,289.0,681.0,277.0,681.0,144.0,120409.0,120553.0,12.0,347.0,347.2074307960589,0.034561472294780765,1.536227970212588,91.98062093686956
277.0,681.0,289.0,681.0,277.0,681.0,144.0,116281.0,116425.0,12.0,341.0,341.2110783664563,0.035168846385204865,1.5356202266201853,92.01544207974035
276.0,681.0,288.0,681.0,276.0,681.0,144.0,120409.0,120553.0,12.0,347.0,347.2074307960589,0.034561472294780765,1.536227970212588,91.98062093686956
276.0,681.0,288.0,681.0,276.0,681.0,144.0,120409.0,120553.0,12.0,347.0,347.2074307960589,0.034561472294780765,1.536227970212588,91.98062093686956
277.0,680.0,289.0,680.0,277.0,680.0,144.0,121104.0,121248.0,12.0,348.0,348.2068350851258,0.034462275839778886,1.5363272257953886,91.97493401088197
276.0,681.0,288.0,681.0,276.0,681.0,144.0,120409.0,120553.0,12.0,347.0,347.2074307960589,0.034561472294780765,1.536227970212588,91.98062093686956
277.0,680.0,289.0,680.0,277.0,680.0,144.0,121104.0,121248.0,12.0,348.0,348.2068350851258,0.034462275839778886,1.5363272257953886,91.97493401088197
276.0,680.0,288.0,680.0,276.0,680.0,144.0,121104.0,121248.0,12.0,348.0,348.2068350851258,0.034462275839778886,1.5363272257953886,91.97493401088197
277.0,678.0,289.0,678.0,277.0,678.0,144.0,122500.0,122644.0,12.0,350.0,350.20565386641033,0.03426558043114155,1.5365240374440972,91.96365753405196
276.0,679.0,288.0,679.0,276.0,679.0,144.0,121801.0,121945.0,12.0,349.0,349.20624278497655,0.03436364683603033,1.5364259132518925,91.96927963613342
277.0,679.0,289.0,679.0,277.0,679.0,144.0,117649.0,117793.0,12.0,343.0,343.20984834354624,0.03496403164978016,1.5358251673979697,92.00369983812318
276.0,679.0,288.0,679.0,276.0,679.0,144.0,121801.0,121945.0,12.0,349.0,349.20624278497655,0.03436364683603033,1.5364259132518925,91.96927963613342
277.0,679.0,289.0,679.0,277.0,679.0,144.0,121801.0,121945.0,12.0,349.0,349.20624278497655,0.03436364683603033,1.5364259132518925,91.96927963613342
277.0,679.0,289.0,679.0,277.0,679.0,144.0,121801.0,121945.0,12.0,349.0,349.20624278497655,0.03436364683603033,1.5364259132518925,91.96927963613342
277.0,679.0,289.0,679.0,277.0,679.0,144.0,117649.0,117793.0,12.0,343.0,343.20984834354624,0.03496403164978016,1.5358251673979697,92.00369983812318
276.0,680.0,288.0,680.0,276.0,680.0,144.0,121104.0,121248.0,12.0,348.0,348.2068350851258,0.034462275839778886,1.5363272257953886,91.97493401088197
276.0,681.0,288.0,681.0,276.0,681.0,144.0,116281.0,116425.0,12.0,341.0,341.2110783664563,0.035168846385204865,1.5356202266201853,92.01544207974035
276.0,682.0,288.0,682.0,276.0,682.0,144.0,115600.0,115744.0,12.0,340.0,340.2116987994387,0.0352721556676222,1.5355168532013053,92.02136494035602
276.0,680.0,288.0,680.0,276.0,680.0,144.0,121104.0,121248.0,12.0,348.0,348.2068350851258,0.034462275839778886,1.5363272257953886,91.97493401088197
276.0,680.0,288.0,680.0,276.0,680.0,144.0,121104.0,121248.0,12.0,348.0,348.2068350851258,0.034462275839778886,1.5363272257953886,91.97493401088197
277.0,680.0,289.0,680.0,277.0,680.0,144.0,116964.0,117108.0,12.0,342.0,342.21046155838076,0.035066140133044446,1.5357229962616712,92.00955381302114
277.0,679.0,289.0,679.0,277.0,679.0,144.0,117649.0,117793.0,12.0,343.0,343.20984834354624,0.03496403164978016,1.5358251673979697,92.00369983812318
271.0,680.0,289.0,680.0,271.0,680.0,324.0,116964.0,117288.0,18.0,342.0,342.47335662792807,0.05255883312276367,1.5182132651839548,93.01278750418334
277.0,680.0,289.0,680.0,277.0,680.0,144.0,121104.0,121248.0,12.0,348.0,348.2068350851258,0.034462275839778886,1.5363272257953886,91.97493401088197
271.0,680.0,289.0,680.0,271.0,680.0,324.0,116964.0,117288.0,18.0,342.0,342.47335662792807,0.05255883312276367,1.5182132651839548,93.01278750418334
271.0,680.0,289.0,680.0,271.0,680.0,324.0,116964.0,117288.0,18.0,342.0,342.47335662792807,0.05255883312276367,1.5182132651839548,93.01278750418334
271.0,679.0,289.0,679.0,271.0,679.0,324.0,117649.0,117973.0,18.0,343.0,343.4719784785944,0.05240602182376221,1.5183662873709778,93.00401997869507
277.0,679.0,283.0,679.0,277.0,679.0,36.0,117649.0,117685.0,6.0,343.0,343.05247412021384,0.017490035643635837,1.5533053993242472,91.00215632383764
271.0,680.0,283.0,680.0,271.0,680.0,144.0,116964.0,117108.0,12.0,342.0,342.21046155838076,0.035066140133044446,1.5357229962616712,92.00955381302114
277.0,680.0,283.0,680.0,277.0,680.0,36.0,121104.0,121140.0,6.0,348.0,348.0517202945562,0.017238817250844786,1.5535566556003668,90.98776039963981
271.0,679.0,283.0,679.0,271.0,679.0,144.0,121801.0,121945.0,12.0,349.0,349.20624278497655,0.03436364683603033,1.5364259132518925,91.96927963613342
271.0,679.0,283.0,679.0,271.0,679.0,144.0,117649.0,117793.0,12.0,343.0,343.20984834354624,0.03496403164978016,1.5358251673979697,92.00369983812318
277.0,678.0,283.0,678.0,277.0,678.0,36.0,118336.0,118372.0,6.0,344.0,344.05232160239814,0.017439208002013894,1.5533562347191943,90.9992436702573
269.0,676.0,287.0,676.0,269.0,676.0,324.0,118336.0,118660.0,18.0,344.0,344.4706083252967,0.0522540953131244,1.518518422330418,92.99530328760275
269.0,681.0,287.0,681.0,269.0,681.0,324.0,114244.0,114568.0,18.0,338.0,338.47895060106765,0.05317908238617431,1.5175921472514058,93.04837494029829
273.0,681.0,286.0,681.0,273.0,681.0,169.0,110224.0,110393.0,13.0,332.0,332.2544205875973,0.03912664270052236,1.5316596940858418,92.2423638785825
273.0,680.0,286.0,680.0,273.0,680.0,169.0,110889.0,111058.0,13.0,333.0,333.253657144224,0.039009324342910115,1.531777102078077,92.2356368961463
273.0,680.0,285.0,680.0,273.0,680.0,144.0,114921.0,115065.0,12.0,339.0,339.21232288936676,0.03537607330354496,1.5354128706707453,92.02732270050019
269.0,680.0,287.0,680.0,269.0,680.0,324.0,110889.0,111213.0,18.0,333.0,333.4861316456803,0.053975258015000444,1.5167948264189284,93.0940580589171
274.0,678.0,293.0,678.0,274.0,678.0,361.0,116281.0,116642.0,19.0,341.0,341.528915320504,0.05563218558572021,1.515135404789198,93.18913591473337
268.0,678.0,292.0,678.0,268.0,678.0,576.0,112225.0,112801.0,24.0,335.0,335.85860119996926,0.07145864335244602,1.4992767279440569,94.09777116662181
268.0,680.0,286.0,680.0,268.0,680.0,324.0,114921.0,115245.0,18.0,339.0,339.4775397577872,0.05302265361308664,1.5177487970334256,93.03939956892691
268.0,677.0,286.0,677.0,268.0,677.0,324.0,112896.0,113220.0,18.0,336.0,336.48179742743883,0.0534947213716119,1.5172760583355815,93.06648550112588
267.0,678.0,291.0,678.0,267.0,678.0,576.0,112225.0,112801.0,24.0,335.0,335.85860119996926,0.07145864335244602,1.4992767279440569,94.09777116662181
267.0,675.0,291.0,675.0,267.0,675.0,576.0,110224.0,110800.0,24.0,332.0,332.86633954186476,0.07210101217513316,1.4986326978352391,94.13467137373641
272.0,681.0,290.0,681.0,272.0,681.0,324.0,109561.0,109885.0,18.0,331.0,331.48906467634794,0.05430043376415583,1.5164691730884228,93.11271662033946
266.0,679.0,290.0,679.0,266.0,679.0,576.0,110889.0,111465.0,24.0,333.0,333.86374466239965,0.07188561316913464,1.4988486572315145,94.12229781178364
266.0,679.0,289.0,679.0,266.0,679.0,529.0,110224.0,110753.0,23.0,332.0,332.7957331457241,0.06911146300643461,1.501629727931744,93.96295419813299
266.0,679.0,289.0,679.0,266.0,679.0,529.0,106276.0,106805.0,23.0,326.0,326.8103425535979,0.07037720966932964,1.5003608914375737,94.03565317414113
265.0,677.0,289.0,677.0,265.0,677.0,576.0,107584.0,108160.0,24.0,328.0,328.87687665751145,0.072975638311578,1.4977557614917774,94.1849161251184
264.0,677.0,294.0,677.0,264.0,677.0,900.0,107584.0,108484.0,30.0,328.0,329.3690938749415,0.09108322716942814,1.4795866870382102,95.22592740896677
264.0,676.0,300.0,676.0,264.0,676.0,1296.0,104976.0,106272.0,36.0,324.0,325.993864972947,0.11043152607484655,1.460139105621001,96.3401917459099
263.0,680.0,298.0,680.0,263.0,680.0,1225.0,103041.0,104266.0,35.0,321.0,322.9024620531717,0.1083918647676233,1.462191086325087,96.22262191192348
265.0,674.0,299.0,674.0,265.0,674.0,1156.0,103684.0,104840.0,34.0,322.0,323.7900554371613,0.10500631328561127,1.4655960773743437,96.02753029552126
266.0,674.0,305.0,674.0,266.0,674.0,1521.0,99856.0,101377.0,39.0,316.0,318.3975502418321,0.12248837960712443,1.4479995701766608,97.03573589212007
262.0,681.0,302.0,681.0,262.0,681.0,1600.0,99856.0,101456.0,40.0,316.0,318.5215848258953,0.1255801864161391,1.4448837011090985,97.21426203920676
263.0,683.0,303.0,683.0,263.0,683.0,1600.0,98596.0,100196.0,40.0,314.0,316.53751752359466,0.12636732704842296,1.4440902394014579,97.2597240462598
263.0,676.0,304.0,676.0,263.0,676.0,1681.0,105625.0,107306.0,41.0,325.0,327.5759453928203,0.12516181537943483,1.4453053993781404,97.19010050816267
260.0,682.0,307.0,682.0,260.0,682.0,2209.0,104329.0,106538.0,47.0,323.0,326.40159313336693,0.1439943952136162,1.4262996246674835,98.27905118545979
258.0,684.0,310.0,684.0,258.0,684.0,2704.0,99856.0,102560.0,52.0,316.0,320.24990241996954,0.16237319545474274,1.407701034584656,99.34467190209968
258.0,683.0,311.0,683.0,258.0,683.0,2809.0,96721.0,99530.0,53.0,311.0,315.48375552474965,0.16799597149413978,1.4019999323646295,99.67132099787986
254.0,685.0,313.0,685.0,254.0,685.0,3481.0,100489.0,103970.0,59.0,317.0,322.4437935516824,0.18297762642636595,1.386781963358599,100.5432463946863
256.0,690.0,321.0,690.0,256.0,690.0,4225.0,94249.0,98474.0,65.0,307.0,313.8056723515367,0.20713456042051592,1.3621512415183534,101.95448280249308
252.0,695.0,323.0,695.0,252.0,695.0,5041.0,87616.0,92657.0,71.0,296.0,304.39612349699854,0.2332486997019858,1.3353791252708844,103.48841207210667
253.0,697.0,324.0,697.0,253.0,697.0,5041.0,83521.0,88562.0,71.0,289.0,297.59368272864936,0.23858033325505407,1.3298926207377235,103.80276562613618
253.0,703.0,330.0,703.0,253.0,703.0,5929.0,80089.0,86018.0,77.0,283.0,293.28825411188905,0.26254034698104417,1.30514236369706,105.22085089643015
250.0,707.0,332.0,707.0,250.0,707.0,6724.0,78961.0,85685.0,82.0,281.0,292.72000273298715,0.28013118076798676,1.2868655682296712,106.26803413973536
253.0,708.0,333.0,708.0,253.0,708.0,6400.0,76729.0,83129.0,80.0,277.0,288.3210016630769,0.27746851439384757,1.2896381715258551,106.10917567259996
250.0,716.0,337.0,716.0,250.0,716.0,7569.0,76729.0,84298.0,87.0,277.0,290.34117861577954,0.299647471346566,1.266473201758058,107.43643067284289
250.0,718.0,337.0,718.0,250.0,718.0,7569.0,73984.0,81553.0,87.0,272.0,285.5748588373984,0.30464866674253127,1.2612267867340397,107.73702811129316
246.0,724.0,344.0,724.0,246.0,724.0,9604.0,74529.0,84133.0,98.0,273.0,290.05689097140925,0.3378647536067668,1.2261490111768705,109.74683660542611
249.0,727.0,347.0,727.0,249.0,727.0,9604.0,76729.0,86333.0,98.0,277.0,293.82477771624366,0.333532116527769,1.23074856806302,109.48330140821942
246.0,731.0,344.0,731.0,246.0,731.0,9604.0,79524.0,89128.0,98.0,282.0,298.54312921251426,0.32826077846273227,1.2363345926348281,109.16324577599843
248.0,741.0,344.0,741.0,248.0,741.0,9216.0,71289.0,80505.0,96.0,267.0,283.73403038761495,0.3383450334415382,1.2256386769522283,109.7760766026392
248.0,747.0,350.0,747.0,248.0,747.0,10404.0,70756.0,81160.0,102.0,266.0,284.8859420891105,0.3580380248039584,1.2046305571513436,110.9797532027351
243.0,747.0,351.0,747.0,243.0,747.0,11664.0,74529.0,86193.0,108.0,273.0,293.58644382872995,0.3678643965693598,1.1940849978768333,111.58396924176958
244.0,753.0,357.0,753.0,244.0,753.0,12769.0,73984.0,86753.0,113.0,272.0,294.5386222552146,0.3836508744924008,1.1770498658950612,112.56001040777346
246.0,757.0,356.0,757.0,246.0,757.0,12100.0,76729.0,88829.0,110.0,277.0,298.04194335697116,0.3690755695692491,1.1927821563607484,111.65861656201568
248.0,769.0,364.0,769.0,248.0,769.0,13456.0,73441.0,86897.0,116.0,271.0,294.7829710142701,0.3935098408190769,1.1663499747787944,113.17306900998507
249.0,773.0,369.0,773.0,249.0,773.0,14400.0,74529.0,88929.0,120.0,273.0,298.2096577912929,0.40240145436196445,1.156657776318685,113.72839107595253
249.0,781.0,372.0,781.0,249.0,781.0,15129.0,72361.0,87490.0,123.0,269.0,295.78708558691335,0.41583965627146346,1.1419304490460227,114.572204772184
248.0,790.0,373.0,790.0,248.0,790.0,15625.0,73441.0,89066.0,125.0,271.0,298.43927355493946,0.4188456784223771,1.1386225788353448,114.76173177443289
249.0,795.0,373.0,795.0,249.0,795.0,15376.0,69169.0,84545.0,124.0,263.0,290.766229125736,0.42645942884370763,1.1302215456842344,115.243075517541
248.0,801.0,375.0,801.0,248.0,801.0,16129.0,67081.0,83210.0,127.0,259.0,288.4614358974177,0.4402668232060094,1.1149005005062973,116.12090674396606
251.0,808.0,386.0,808.0,251.0,808.0,18225.0,67600.0,85825.0,135.0,260.0,292.95904150580503,0.4608152706470572,1.0918827282473107,117.4397279481993
252.0,816.0,386.0,816.0,252.0,816.0,17956.0,68644.0,86600.0,134.0,262.0,294.27877939124323,0.4553505362404918,1.098030429476895,117.08749061403674
253.0,824.0,390.0,824.0,253.0,824.0,18769.0,69169.0,87938.0,137.0,263.0,296.5434200922354,0.46198968082781333,1.0905589880133084,117.5155726767793
254.0,827.0,397.0,827.0,254.0,827.0,20449.0,73441.0,93890.0,143.0,271.0,306.41475160311717,0.4666877141255273,1.0852544066713121,117.81950279975953
252.0,837.0,399.0,837.0,252.0,837.0,21609.0,69696.0,91305.0,147.0,264.0,302.1671722738921,0.4864856724633059,1.0627335025471796,119.10985555689109
254.0,844.0,400.0,844.0,254.0,844.0,21316.0,68121.0,89437.0,146.0,261.0,299.06019460971396,0.48819603087109636,1.060774803770578,119.2220807301278
255.0,851.0,401.0,851.0,255.0,851.0,21316.0,69696.0,91012.0,146.0,264.0,301.6819517306264,0.4839533792540704,1.0656295650093657,118.94392340060156
256.0,859.0,406.0,859.0,256.0,859.0,22500.0,69696.0,92196.0,150.0,264.0,303.63794229311986,0.4940094076095274,1.0541011880326194,119.60445074600491
258.0,864.0,406.0,864.0,258.0,864.0,21904.0,71289.0,93193.0,148.0,267.0,305.2752856030111,0.4848083254026122,1.0646523241807737,118.99991517564774
260.0,869.0,408.0,869.0,260.0,869.0,21904.0,70225.0,92129.0,148.0,265.0,303.52759347380595,0.48759982018824993,1.061457826149023,119.18294643052991
254.0,878.0,411.0,878.0,254.0,878.0,24649.0,69696.0,94345.0,157.0,264.0,307.15631199765375,0.5111403994237281,1.0342852376670908,120.73982106899041
255.0,886.0,415.0,886.0,255.0,886.0,25600.0,65025.0,90625.0,160.0,255.0,301.0398644698074,0.5314910710639357,1.0104364498900535,122.10625595511783
254.0,893.0,417.0,893.0,254.0,893.0,26569.0,68644.0,95213.0,163.0,262.0,308.56603831270866,0.5282499684388846,1.0142581559045682,121.88728832994639
258.0,898.0,421.0,898.0,258.0,898.0,26569.0,65536.0,92105.0,163.0,256.0,303.48805577814755,0.5370886823933342,1.003814392572196,122.4856718911248
260.0,903.0,428.0,903.0,260.0,903.0,28224.0,63504.0,91728.0,168.0,252.0,302.8663071389751,0.5547001962252291,0.982793723247329,123.69006752597979
259.0,912.0,425.0,912.0,259.0,912.0,27556.0,62001.0,89557.0,166.0,249.0,299.2607558635111,0.5547001962252291,0.982793723247329,123.69006752597979
260.0,917.0,435.0,917.0,260.0,917.0,30625.0,62001.0,92626.0,175.0,249.0,304.3451987464235,0.5750049638397869,0.9581861116073761,125.09997981684609
261.0,923.0,439.0,923.0,261.0,923.0,31684.0,62500.0,94184.0,178.0,250.0,306.8941185490527,0.5800045984639788,0.9520619911677918,125.45086607126407
264.0,924.0,438.0,924.0,264.0,924.0,30276.0,64516.0,94792.0,174.0,254.0,307.8830946966722,0.5651495746183323,0.9701817793672727,124.41267868176286
262.0,933.0,443.0,933.0,262.0,933.0,32761.0,58564.0,91325.0,181.0,242.0,302.2002647252315,0.5989405739421506,0.9286188439658805,126.79405946443751
265.0,935.0,446.0,935.0,265.0,935.0,32761.0,60516.0,93277.0,181.0,246.0,305.41283535568704,0.5926404494074569,0.936463264989215,126.34460724707677
268.0,937.0,447.0,937.0,268.0,937.0,32041.0,62001.0,94042.0,179.0,249.0,306.6626811335217,0.5837032381584865,0.9475142496537378,125.7114324663358
267.0,942.0,451.0,942.0,267.0,942.0,33856.0,62001.0,95857.0,184.0,249.0,309.6078164387973,0.594300241242045,0.9344010415541786,126.46276394631731
270.0,947.0,451.0,947.0,270.0,947.0,32761.0,60516.0,93277.0,181.0,246.0,305.41283535568704,0.5926404494074569,0.936463264989215,126.34460724707677
273.0,953.0,455.0,953.0,273.0,953.0,33124.0,58081.0,91205.0,182.0,241.0,302.00165562460086,0.6026457027978439,0.9239839718254083,127.05961807666934
276.0,956.0,456.0,956.0,276.0,956.0,32400.0,56644.0,89044.0,180.0,238.0,298.40241285887754,0.6032122806095633,0.9232737919585624,127.10030838573476
276.0,958.0,459.0,958.0,276.0,958.0,33489.0,58081.0,91570.0,183.0,241.0,302.60535355475787,0.6047480583217286,0.9213468413656599,127.21071452203832
281.0,961.0,460.0,961.0,281.0,961.0,32041.0,56169.0,88210.0,179.0,237.0,297.00168349691216,0.6026901864408489,0.9239282273581044,127.06281199937706
283.0,962.0,462.0,962.0,283.0,962.0,32041.0,58564.0,90605.0,179.0,242.0,301.0066444449358,0.5946712582709951,0.9339396384923019,126.48920039441725
290.0,962.0,464.0,962.0,290.0,962.0,30276.0,61009.0,91285.0,174.0,247.0,302.1340761979688,0.5759032618551412,0.9570877248295361,125.1629127434893
294.0,966.0,468.0,966.0,294.0,966.0,30276.0,58564.0,88840.0,174.0,242.0,298.0603965641863,0.583774302140572,0.9474267261320147,125.71644719473866
301.0,962.0,474.0,962.0,301.0,962.0,29929.0,60516.0,90445.0,173.0,246.0,300.74075214376916,0.5752462836074086,0.9578911231423339,125.11688141089805
304.0,965.0,473.0,965.0,304.0,965.0,28561.0,58564.0,87125.0,169.0,242.0,295.16944286290885,0.5725524917512952,0.9611805479057298,124.92841125492964
314.0,965.0,479.0,965.0,314.0,965.0,27225.0,61009.0,88234.0,165.0,247.0,297.0420845604205,0.5554768451217148,0.9818600167026069,123.7435649702961
318.0,960.0,481.0,960.0,318.0,960.0,26569.0,64009.0,90578.0,163.0,253.0,300.96179159488,0.5415969885619626,0.9984606440586309,122.79241908552652
325.0,962.0,480.0,962.0,325.0,962.0,24025.0,65025.0,89050.0,155.0,255.0,298.41246622753545,0.5194152977570804,1.0246297633611088,121.2930389959202
327.0,962.0,482.0,962.0,327.0,962.0,24025.0,65025.0,89050.0,155.0,255.0,298.41246622753545,0.5194152977570804,1.0246297633611088,121.2930389959202
333.0,961.0,488.0,961.0,333.0,961.0,24025.0,65025.0,89050.0,155.0,255.0,298.41246622753545,0.5194152977570804,1.0246297633611088,121.2930389959202
340.0,959.0,489.0,959.0,340.0,959.0,22201.0,66049.0,88250.0,149.0,257.0,297.06901555025894,0.501566949767576,1.0453872464207064,120.10372282329095
347.0,960.0,496.0,960.0,347.0,960.0,22201.0,66564.0,88765.0,149.0,258.0,297.9345565724124,0.5001098285280171,1.0470707274927034,120.00726646297537
355.0,957.0,496.0,957.0,355.0,957.0,19881.0,70225.0,90106.0,141.0,265.0,300.17661467875877,0.46972346646954677,1.0818188160222453,118.01634764408567
363.0,958.0,503.0,958.0,363.0,958.0,19600.0,68121.0,87721.0,140.0,261.0,296.17731175766994,0.4726898193827451,1.0784556882712018,118.20904067018378
371.0,956.0,509.0,956.0,371.0,956.0,19044.0,69696.0,88740.0,138.0,264.0,297.89259809535383,0.4632542093436875,1.089132649240035,117.59729586864373
378.0,951.0,507.0,951.0,378.0,951.0,16641.0,73984.0,90625.0,129.0,272.0,301.0398644698074,0.4285146760452982,1.1279480953214989,115.37333462825823
383.0,954.0,514.0,954.0,383.0,954.0,17161.0,68644.0,85805.0,131.0,262.0,292.92490505247247,0.4472135954999579,1.1071487177940904,116.56505117707799
390.0,952.0,513.0,952.0,390.0,952.0,15129.0,69696.0,84825.0,123.0,264.0,291.247317584214,0.4223214861521759,1.1347914444368148,114.98123960621605
400.0,943.0,508.0,943.0,400.0,943.0,11664.0,76176.0,87840.0,108.0,276.0,296.37813684548325,0.3643993485805122,1.1978086049948355,111.37062226934319
407.0,944.0,510.0,944.0,407.0,944.0,10609.0,75625.0,86234.0,103.0,275.0,293.65626163935275,0.3507502255357902,1.2124242216686243,110.53320911895406
413.0,942.0,512.0,942.0,413.0,942.0,9801.0,76729.0,86530.0,99.0,277.0,294.15982050579237,0.33655174194006066,1.2275437104120233,109.66692622556174
419.0,938.0,513.0,938.0,419.0,938.0,8836.0,78961.0,87797.0,94.0,281.0,296.3055855025349,0.31724005418451967,1.2479785369443206,108.49609691017915
425.0,941.0,518.0,941.0,425.0,941.0,8649.0,77284.0,85933.0,93.0,278.0,293.1433096626972,0.3172509722531605,1.2479670241651362,108.49675654383688
431.0,940.0,524.0,940.0,431.0,940.0,8649.0,77841.0,86490.0,93.0,279.0,294.0918223956593,0.31622776601683794,1.2490457723982544,108.43494882292201
440.0,938.0,520.0,938.0,440.0,938.0,6400.0,76176.0,82576.0,80.0,276.0,287.36040089058895,0.2783960481404659,1.2886725946521813,106.16449915225691
445.0,937.0,524.0,937.0,445.0,937.0,6241.0,79524.0,85765.0,79.0,282.0,292.85662020859286,0.26975657898302147,1.29765609668014,105.64978240080765
450.0,933.0,524.0,933.0,450.0,933.0,5476.0,78961.0,84437.0,74.0,281.0,290.5804535752534,0.25466269010704734,1.3132974498007264,104.75359888112428
454.0,935.0,524.0,935.0,454.0,935.0,4900.0,78400.0,83300.0,70.0,280.0,288.61739379323626,0.24253562503633294,1.3258176636680326,104.03624346792647
459.0,935.0,525.0,935.0,459.0,935.0,4356.0,78400.0,82756.0,66.0,280.0,287.67342595380615,0.22942682238086917,1.3393075704480542,103.26332874340632
465.0,934.0,526.0,934.0,465.0,934.0,3721.0,78961.0,82682.0,61.0,281.0,287.544779121444,0.2121408713675054,1.357031151496705,102.24784235146058
470.0,932.0,526.0,932.0,470.0,932.0,3136.0,82369.0,85505.0,56.0,287.0,292.41238003887594,0.19151035941964856,1.378095568132511,101.04094018032373
474.0,933.0,526.0,933.0,474.0,933.0,2704.0,81796.0,84500.0,52.0,286.0,290.68883707497264,0.1788854381999832,1.3909428270024182,100.30484646876603
484.0,931.0,531.0,931.0,484.0,931.0,2209.0,82944.0,85153.0,47.0,288.0,291.8098696069069,0.16106377780612102,1.4090279181957899,99.26864707127663
484.0,932.0,531.0,932.0,484.0,932.0,2209.0,85264.0,87473.0,47.0,292.0,295.758347304011,0.15891351986657046,1.4112062358209834,99.14383866491409
488.0,931.0,531.0,931.0,488.0,931.0,1849.0,85849.0,87698.0,43.0,293.0,296.1384811198977,0.14520233857277934,1.425078851427446,98.34899633985646
492.0,931.0,530.0,931.0,492.0,931.0,1444.0,91204.0,92648.0,38.0,302.0,304.381339769704,0.12484339555358726,1.4456263365035598,97.17171216538709
496.0,931.0,530.0,931.0,496.0,931.0,1156.0,88804.0,89960.0,34.0,298.0,299.93332592427936,0.11335852691669074,1.4571936060392363,96.50895644050257
502.0,932.0,530.0,932.0,502.0,932.0,784.0,90601.0,91385.0,28.0,301.0,302.29952034364857,0.09262336892949784,1.478040006606753,95.31454566994475
506.0,927.0,530.0,927.0,506.0,927.0,576.0,90601.0,91177.0,24.0,301.0,301.95529470436514,0.07948196445271025,1.4912304372075111,94.55878966656108
510.0,930.0,529.0,930.0,510.0,930.0,361.0,91809.0,92170.0,19.0,303.0,303.5951251255527,0.06258335008555388,1.508172051422747,93.58810667388923
514.0,932.0,533.0,932.0,514.0,932.0,361.0,90601.0,90962.0,19.0,301.0,301.5990716166083,0.06299754139877703,1.5077570411805297,93.61188500922299
518.0,928.0,532.0,928.0,518.0,928.0,196.0,93025.0,93221.0,14.0,305.0,305.32114240582814,0.045853359153855834,1.5249268844047088,92.62812545757623
518.0,929.0,532.0,929.0,518.0,929.0,196.0,92416.0,92612.0,14.0,304.0,304.32219767871027,0.04600387387705636,1.5247762106790421,92.63675842614045
523.0,930.0,532.0,930.0,523.0,930.0,81.0,94864.0,94945.0,9.0,308.0,308.13146544940844,0.029208312065350215,1.5415838600750749,91.67375105221215
527.0,930.0,536.0,930.0,527.0,930.0,81.0,91809.0,91890.0,9.0,303.0,303.1336338976591,0.02968987599389413,1.541102087187987,91.70135460532613
527.0,931.0,531.0,931.0,527.0,931.0,16.0,91204.0,91220.0,4.0,302.0,302.026488904533,0.013243871471367376,1.5575520681301676,90.75884012426854
532.0,930.0,536.0,930.0,532.0,930.0,16.0,91809.0,91825.0,4.0,303.0,303.0264014900352,0.013200169953282229,1.557595773468747,90.75633599282575
533.0,929.0,533.0,929.0,533.0,929.0,0.0,95481.0,95481.0,0.0,309.0,309.0,nan,nan,nan
534.0,928.0,529.0,928.0,534.0,928.0,25.0,96100.0,96125.0,5.0,310.0,310.0403199585499,0.016126934718260075,1.5546686929512603,89.07595464722729
538.0,928.0,529.0,928.0,538.0,928.0,81.0,96100.0,96181.0,9.0,310.0,310.13061764359867,0.029020030554812157,1.5417722214336533,88.33704125865773
538.0,927.0,529.0,927.0,538.0,927.0,81.0,96721.0,96802.0,9.0,311.0,311.1301978272119,0.028926796764993566,1.5418654943811188,88.34238540489025
539.0,927.0,529.0,927.0,539.0,927.0,100.0,96100.0,96200.0,10.0,310.0,310.16124838541646,0.03224129401095805,1.5385494443596428,88.15238973400541
544.0,926.0,530.0,926.0,544.0,926.0,196.0,94249.0,94445.0,14.0,307.0,307.31905245200795,0.04555526215604966,1.525225293237279,87.38897210909947
544.0,925.0,531.0,925.0,544.0,925.0,169.0,94864.0,95033.0,13.0,308.0,308.27422856930485,0.04217024582409229,1.5286135721917913,87.58310619300602
545.0,929.0,531.0,929.0,545.0,929.0,196.0,95481.0,95677.0,14.0,309.0,309.3169895107606,0.045261012083893194,1.5255198471373854,87.40584880441469
549.0,930.0,531.0,930.0,549.0,930.0,324.0,91809.0,92133.0,18.0,303.0,303.5341825890455,0.05930139349204757,1.5114601210915253,86.60028584087674
550.0,930.0,531.0,930.0,550.0,930.0,361.0,94864.0,95225.0,19.0,308.0,308.58548248418947,0.061571269805194014,1.5091860874737493,86.4699933121073
550.0,930.0,531.0,930.0,550.0,930.0,361.0,91809.0,92170.0,19.0,303.0,303.5951251255527,0.06258335008555388,1.508172051422747,86.41189332611077
550.0,929.0,536.0,929.0,550.0,929.0,196.0,92416.0,92612.0,14.0,304.0,304.32219767871027,0.04600387387705636,1.5247762106790421,87.36324157385955
555.0,929.0,536.0,929.0,555.0,929.0,361.0,92416.0,92777.0,19.0,304.0,304.5931712957466,0.062378286155180526,1.5083775167989393,86.42366562500266
555.0,930.0,541.0,930.0,555.0,930.0,196.0,91809.0,92005.0,14.0,303.0,303.3232599059953,0.046155378932492094,1.5246245445190922,87.35455174299948
555.0,931.0,541.0,931.0,555.0,931.0,196.0,91204.0,91400.0,14.0,302.0,302.32432915661946,0.04630788411589358,1.5244718760942897,87.34580448659338
555.0,930.0,541.0,930.0,555.0,930.0,196.0,91809.0,92005.0,14.0,303.0,303.3232599059953,0.046155378932492094,1.5246245445190922,87.35455174299948
560.0,930.0,541.0,930.0,560.0,930.0,361.0,91809.0,92170.0,19.0,303.0,303.5951251255527,0.06258335008555388,1.508172051422747,86.41189332611077
560.0,930.0,546.0,930.0,560.0,930.0,196.0,91809.0,92005.0,14.0,303.0,303.3232599059953,0.046155378932492094,1.5246245445190922,87.35455174299948
560.0,930.0,541.0,930.0,560.0,930.0,361.0,91809.0,92170.0,19.0,303.0,303.5951251255527,0.06258335008555388,1.508172051422747,86.41189332611077
559.0,930.0,541.0,930.0,559.0,930.0,324.0,91809.0,92133.0,18.0,303.0,303.5341825890455,0.05930139349204757,1.5114601210915253,86.60028584087674
559.0,931.0,541.0,931.0,559.0,931.0,324.0,91204.0,91528.0,18.0,302.0,302.5359482772254,0.05949706176241213,1.5112641067196482,86.58905504464427
559.0,931.0,545.0,931.0,559.0,931.0,196.0,91204.0,91400.0,14.0,302.0,302.32432915661946,0.04630788411589358,1.5244718760942897,87.34580448659338
564.0,931.0,545.0,931.0,564.0,931.0,361.0,91204.0,91565.0,19.0,302.0,302.59709185648165,0.06278976405038117,1.5079652306957276,86.40004337133674
564.0,930.0,546.0,930.0,564.0,930.0,324.0,91809.0,92133.0,18.0,303.0,303.5341825890455,0.05930139349204757,1.5114601210915253,86.60028584087674
564.0,930.0,546.0,930.0,564.0,930.0,324.0,91809.0,92133.0,18.0,303.0,303.5341825890455,0.05930139349204757,1.5114601210915253,86.60028584087674
565.0,929.0,546.0,929.0,565.0,929.0,361.0,91809.0,92170.0,19.0,303.0,303.5951251255527,0.06258335008555388,1.508172051422747,86.41189332611077
564.0,929.0,546.0,929.0,564.0,929.0,324.0,91809.0,92133.0,18.0,303.0,303.5341825890455,0.05930139349204757,1.5114601210915253,86.60028584087674
564.0,929.0,546.0,929.0,564.0,929.0,324.0,91809.0,92133.0,18.0,303.0,303.5341825890455,0.05930139349204757,1.5114601210915253,86.60028584087674
564.0,929.0,546.0,929.0,564.0,929.0,324.0,91809.0,92133.0,18.0,303.0,303.5341825890455,0.05930139349204757,1.5114601210915253,86.60028584087674
564.0,928.0,546.0,928.0,564.0,928.0,324.0,92416.0,92740.0,18.0,304.0,304.53242848668845,0.05910700574466672,1.5116548504153005,86.6114430092765
565.0,929.0,546.0,929.0,565.0,929.0,361.0,91809.0,92170.0,19.0,303.0,303.5951251255527,0.06258335008555388,1.508172051422747,86.41189332611077
564.0,929.0,546.0,929.0,564.0,929.0,324.0,89401.0,89725.0,18.0,299.0,299.5413160150032,0.06009187727244421,1.5106682249954682,86.55491353675978
565.0,929.0,546.0,929.0,565.0,929.0,361.0,88804.0,89165.0,19.0,298.0,298.60509037858014,0.063629189897303,1.5071241228448957,86.35185144136874
564.0,929.0,546.0,929.0,564.0,929.0,324.0,88804.0,89128.0,18.0,298.0,298.54312921251426,0.06029279604417532,1.5104669412552034,86.543380827958
564.0,929.0,546.0,929.0,564.0,929.0,324.0,91809.0,92133.0,18.0,303.0,303.5341825890455,0.05930139349204757,1.5114601210915253,86.60028584087674
564.0,930.0,546.0,930.0,564.0,930.0,324.0,91204.0,91528.0,18.0,302.0,302.5359482772254,0.05949706176241213,1.5112641067196482,86.58905504464427
564.0,930.0,545.0,930.0,564.0,930.0,361.0,91204.0,91565.0,19.0,302.0,302.59709185648165,0.06278976405038117,1.5079652306957276,86.40004337133674
564.0,930.0,545.0,930.0,564.0,930.0,361.0,91204.0,91565.0,19.0,302.0,302.59709185648165,0.06278976405038117,1.5079652306957276,86.40004337133674
564.0,931.0,546.0,931.0,564.0,931.0,324.0,90601.0,90925.0,18.0,301.0,301.53772566629203,0.05969402322786096,1.5110667945524328,86.57774989021625
564.0,931.0,541.0,931.0,564.0,931.0,529.0,88209.0,88738.0,23.0,297.0,297.88924116187883,0.07720990496431306,1.4935095025119287,85.57179115661674
564.0,931.0,541.0,931.0,564.0,931.0,529.0,90601.0,91130.0,23.0,301.0,301.8774585821207,0.07618985567199359,1.494532565562687,85.63040835160098
564.0,931.0,545.0,931.0,564.0,931.0,361.0,90601.0,90962.0,19.0,301.0,301.5990716166083,0.06299754139877703,1.5077570411805297,86.38811499077701
564.0,931.0,545.0,931.0,564.0,931.0,361.0,90601.0,90962.0,19.0,301.0,301.5990716166083,0.06299754139877703,1.5077570411805297,86.38811499077701
564.0,931.0,545.0,931.0,564.0,931.0,361.0,90601.0,90962.0,19.0,301.0,301.5990716166083,0.06299754139877703,1.5077570411805297,86.38811499077701
564.0,931.0,541.0,931.0,564.0,931.0,529.0,90601.0,91130.0,23.0,301.0,301.8774585821207,0.07618985567199359,1.494532565562687,85.63040835160098
564.0,931.0,541.0,931.0,564.0,931.0,529.0,87616.0,88145.0,23.0,296.0,296.89223634174067,0.0774691864071704,1.4932494421385556,85.55689079480386
564.0,931.0,545.0,931.0,564.0,931.0,361.0,90601.0,90962.0,19.0,301.0,301.5990716166083,0.06299754139877703,1.5077570411805297,86.38811499077701
564.0,931.0,545.0,931.0,564.0,931.0,361.0,87616.0,87977.0,19.0,296.0,296.60917045836595,0.06405735861314836,1.5066950788490467,86.32726903118117
567.0,941.0,553.0,941.0,567.0,941.0,196.0,82369.0,82565.0,14.0,287.0,287.3412605248331,0.04872255371340959,1.522054475484965,87.20729763428672
567.0,941.0,553.0,941.0,567.0,941.0,196.0,82369.0,82565.0,14.0,287.0,287.3412605248331,0.04872255371340959,1.522054475484965,87.20729763428672
567.0,941.0,553.0,941.0,567.0,941.0,196.0,82369.0,82565.0,14.0,287.0,287.3412605248331,0.04872255371340959,1.522054475484965,87.20729763428672
567.0,941.0,553.0,941.0,567.0,941.0,196.0,82369.0,82565.0,14.0,287.0,287.3412605248331,0.04872255371340959,1.522054475484965,87.20729763428672
567.0,942.0,553.0,942.0,567.0,942.0,196.0,81796.0,81992.0,14.0,286.0,286.34245231889736,0.048892505762325136,1.521884320645702,87.19754848013322
567.0,942.0,553.0,942.0,567.0,942.0,196.0,81796.0,81992.0,14.0,286.0,286.34245231889736,0.048892505762325136,1.521884320645702,87.19754848013322
567.0,942.0,553.0,942.0,567.0,942.0,196.0,81796.0,81992.0,14.0,286.0,286.34245231889736,0.048892505762325136,1.521884320645702,87.19754848013322
567.0,942.0,553.0,942.0,567.0,942.0,196.0,81796.0,81992.0,14.0,286.0,286.34245231889736,0.048892505762325136,1.521884320645702,87.19754848013322
566.0,942.0,552.0,942.0,566.0,942.0,196.0,81796.0,81992.0,14.0,286.0,286.34245231889736,0.048892505762325136,1.521884320645702,87.19754848013322
566.0,942.0,553.0,942.0,566.0,942.0,169.0,81796.0,81965.0,13.0,286.0,286.29530209208815,0.04540766091864998,1.5253730473733196,87.39743779750019
566.0,942.0,552.0,942.0,566.0,942.0,196.0,81796.0,81992.0,14.0,286.0,286.34245231889736,0.048892505762325136,1.521884320645702,87.19754848013322
566.0,942.0,553.0,942.0,566.0,942.0,169.0,81796.0,81965.0,13.0,286.0,286.29530209208815,0.04540766091864998,1.5253730473733196,87.39743779750019
566.0,942.0,553.0,942.0,566.0,942.0,169.0,81796.0,81965.0,13.0,286.0,286.29530209208815,0.04540766091864998,1.5253730473733196,87.39743779750019
566.0,938.0,552.0,938.0,566.0,938.0,196.0,84100.0,84296.0,14.0,290.0,290.33773437154184,0.04821970533835041,1.5225579156169584,87.23614262908745
566.0,942.0,552.0,942.0,566.0,942.0,196.0,81796.0,81992.0,14.0,286.0,286.34245231889736,0.048892505762325136,1.521884320645702,87.19754848013322
566.0,938.0,552.0,938.0,566.0,938.0,196.0,84100.0,84296.0,14.0,290.0,290.33773437154184,0.04821970533835041,1.5225579156169584,87.23614262908745
566.0,942.0,552.0,942.0,566.0,942.0,196.0,81796.0,81992.0,14.0,286.0,286.34245231889736,0.048892505762325136,1.521884320645702,87.19754848013322
566.0,942.0,553.0,942.0,566.0,942.0,169.0,81796.0,81965.0,13.0,286.0,286.29530209208815,0.04540766091864998,1.5253730473733196,87.39743779750019
567.0,941.0,553.0,941.0,567.0,941.0,196.0,82369.0,82565.0,14.0,287.0,287.3412605248331,0.04872255371340959,1.522054475484965,87.20729763428672
567.0,941.0,553.0,941.0,567.0,941.0,196.0,82369.0,82565.0,14.0,287.0,287.3412605248331,0.04872255371340959,1.522054475484965,87.20729763428672
567.0,941.0,553.0,941.0,567.0,941.0,196.0,82369.0,82565.0,14.0,287.0,287.3412605248331,0.04872255371340959,1.522054475484965,87.20729763428672
567.0,941.0,553.0,941.0,567.0,941.0,196.0,82369.0,82565.0,14.0,287.0,287.3412605248331,0.04872255371340959,1.522054475484965,87.20729763428672
567.0,941.0,553.0,941.0,567.0,941.0,196.0,82369.0,82565.0,14.0,287.0,287.3412605248331,0.04872255371340959,1.522054475484965,87.20729763428672
566.0,942.0,553.0,942.0,566.0,942.0,169.0,81796.0,81965.0,13.0,286.0,286.29530209208815,0.04540766091864998,1.5253730473733196,87.39743779750019
566.0,937.0,553.0,937.0,566.0,937.0,169.0,84681.0,84850.0,13.0,291.0,291.29023327259017,0.04462902807947757,1.5261524704422984,87.44209544980782
567.0,937.0,553.0,937.0,567.0,937.0,196.0,84681.0,84877.0,14.0,291.0,291.3365751154496,0.048054385188169874,1.5227234276387132,87.24562576939267
567.0,937.0,553.0,937.0,567.0,937.0,196.0,84681.0,84877.0,14.0,291.0,291.3365751154496,0.048054385188169874,1.5227234276387132,87.24562576939267
567.0,937.0,553.0,937.0,567.0,937.0,196.0,84681.0,84877.0,14.0,291.0,291.3365751154496,0.048054385188169874,1.5227234276387132,87.24562576939267
567.0,941.0,553.0,941.0,567.0,941.0,196.0,82369.0,82565.0,14.0,287.0,287.3412605248331,0.04872255371340959,1.522054475484965,87.20729763428672
566.0,938.0,553.0,938.0,566.0,938.0,169.0,84100.0,84269.0,13.0,290.0,290.2912330746487,0.044782613178872804,1.5259987316339212,87.43328686494043
566.0,938.0,553.0,938.0,566.0,938.0,169.0,84100.0,84269.0,13.0,290.0,290.2912330746487,0.044782613178872804,1.5259987316339212,87.43328686494043
567.0,937.0,553.0,937.0,567.0,937.0,196.0,84681.0,84877.0,14.0,291.0,291.3365751154496,0.048054385188169874,1.5227234276387132,87.24562576939267
566.0,938.0,553.0,938.0,566.0,938.0,169.0,84100.0,84269.0,13.0,290.0,290.2912330746487,0.044782613178872804,1.5259987316339212,87.43328686494043
566.0,938.0,552.0,938.0,566.0,938.0,196.0,84100.0,84296.0,14.0,290.0,290.33773437154184,0.04821970533835041,1.5225579156169584,87.23614262908745
566.0,938.0,552.0,938.0,566.0,938.0,196.0,84100.0,84296.0,14.0,290.0,290.33773437154184,0.04821970533835041,1.5225579156169584,87.23614262908745
566.0,938.0,552.0,938.0,566.0,938.0,196.0,84100.0,84296.0,14.0,290.0,290.33773437154184,0.04821970533835041,1.5225579156169584,87.23614262908745
566.0,937.0,552.0,937.0,566.0,937.0,196.0,84681.0,84877.0,14.0,291.0,291.3365751154496,0.048054385188169874,1.5227234276387132,87.24562576939267
566.0,938.0,552.0,938.0,566.0,938.0,196.0,84100.0,84296.0,14.0,290.0,290.33773437154184,0.04821970533835041,1.5225579156169584,87.23614262908745
566.0,938.0,552.0,938.0,566.0,938.0,196.0,84100.0,84296.0,14.0,290.0,290.33773437154184,0.04821970533835041,1.5225579156169584,87.23614262908745
566.0,938.0,552.0,938.0,566.0,938.0,196.0,84100.0,84296.0,14.0,290.0,290.33773437154184,0.04821970533835041,1.5225579156169584,87.23614262908745
566.0,938.0,552.0,938.0,566.0,938.0,196.0,84100.0,84296.0,14.0,290.0,290.33773437154184,0.04821970533835041,1.5225579156169584,87.23614262908745
566.0,938.0,552.0,938.0,566.0,938.0,196.0,84100.0,84296.0,14.0,290.0,290.33773437154184,0.04821970533835041,1.5225579156169584,87.23614262908745
561.0,938.0,547.0,938.0,561.0,938.0,196.0,84100.0,84296.0,14.0,290.0,290.33773437154184,0.04821970533835041,1.5225579156169584,87.23614262908745
561.0,937.0,547.0,937.0,561.0,937.0,196.0,87616.0,87812.0,14.0,296.0,296.33089612796033,0.04724448305233276,1.5235342507942045,87.29208251413381
561.0,937.0,547.0,937.0,561.0,937.0,196.0,84681.0,84877.0,14.0,291.0,291.3365751154496,0.048054385188169874,1.5227234276387132,87.24562576939267
556.0,938.0,547.0,938.0,556.0,938.0,81.0,84100.0,84181.0,9.0,290.0,290.13962156175774,0.03101954828352977,1.5397718017906263,88.22242565585722
556.0,939.0,547.0,939.0,556.0,939.0,81.0,86436.0,86517.0,9.0,294.0,294.1377228442486,0.030597911457843404,1.5401936388661779,88.24659513992847
551.0,938.0,547.0,938.0,551.0,938.0,16.0,84100.0,84116.0,4.0,290.0,290.02758489495443,0.013791791568546029,1.557004097958063,89.2097634975708
547.0,934.0,547.0,934.0,547.0,934.0,0.0,89401.0,89401.0,0.0,299.0,299.0,nan,nan,nan
542.0,934.0,547.0,934.0,542.0,934.0,25.0,89401.0,89426.0,5.0,299.0,299.04180309782777,0.016720070398867654,1.554075477252092,90.95803410867596
537.0,936.0,546.0,936.0,537.0,936.0,81.0,85849.0,85930.0,9.0,293.0,293.1381926668717,0.030702242918676192,1.5400892583648347,91.75938542226196
532.0,936.0,546.0,936.0,532.0,936.0,196.0,88209.0,88405.0,14.0,297.0,297.3297832374012,0.04708576398759818,1.523693146693353,92.69881342146304
527.0,936.0,546.0,936.0,527.0,936.0,361.0,88209.0,88570.0,19.0,297.0,297.6071235706565,0.06384255783947695,1.506910320199251,93.66039854787543
523.0,939.0,541.0,939.0,523.0,939.0,324.0,86436.0,86760.0,18.0,294.0,294.55050500720586,0.06111006327950328,1.5096481641455954,93.50353164478446
518.0,939.0,541.0,939.0,518.0,939.0,529.0,86436.0,86965.0,23.0,294.0,294.89828755013144,0.07799299274021758,1.4927240461410756,94.47321217842482
513.0,938.0,541.0,938.0,513.0,938.0,784.0,86436.0,87220.0,28.0,294.0,295.3303235362058,0.09480909262799544,1.4758446204521403,95.44033203100551
503.0,940.0,535.0,940.0,503.0,940.0,1024.0,82944.0,83968.0,32.0,288.0,289.77232442039735,0.11043152607484653,1.460139105621001,96.3401917459099
497.0,940.0,534.0,940.0,497.0,940.0,1369.0,82944.0,84313.0,37.0,288.0,290.36700914532287,0.12742494441399244,1.4430240025350798,97.32081491866452
489.0,940.0,530.0,940.0,489.0,940.0,1681.0,82944.0,84625.0,41.0,288.0,290.90376415577714,0.1409400807135818,1.4293854170236064,98.10224830700022
481.0,941.0,531.0,941.0,481.0,941.0,2500.0,85264.0,87764.0,50.0,292.0,296.24989451474914,0.16877643140396356,1.4012081668927088,99.7166858177851
475.0,944.0,530.0,944.0,475.0,944.0,3025.0,78400.0,81425.0,55.0,280.0,285.3506614676055,0.19274530403092788,1.3768371795350036,101.11304053594829
465.0,944.0,524.0,944.0,465.0,944.0,3481.0,78400.0,81881.0,59.0,280.0,286.1485628130954,0.20618660258146124,1.3631201147604857,101.89897045483573
454.0,949.0,522.0,949.0,454.0,949.0,4624.0,76729.0,81353.0,68.0,277.0,285.2244730032821,0.23840871466600105,1.3300693387293099,103.79264043105425
441.0,951.0,518.0,951.0,441.0,951.0,5929.0,75076.0,81005.0,77.0,274.0,284.6137733842127,0.2705420721015293,1.2968402698164712,105.69652583690927
431.0,957.0,512.0,957.0,431.0,957.0,6561.0,75076.0,81637.0,81.0,274.0,285.72189275587544,0.2834924521139424,1.2833623064602018,106.4687562536555
421.0,957.0,513.0,957.0,421.0,957.0,8464.0,73984.0,82448.0,92.0,272.0,287.1375976774898,0.32040387864264824,1.2446405145514436,108.68735150521115
407.0,959.0,511.0,959.0,407.0,959.0,10816.0,72900.0,83716.0,104.0,270.0,289.3371735536241,0.3594422338570514,1.2031262151017876,111.06594565311872
396.0,961.0,501.0,961.0,396.0,961.0,11025.0,74529.0,85554.0,105.0,273.0,292.4961538208665,0.3589790793088691,1.2036224929766774,111.03751102542181
383.0,965.0,495.0,965.0,383.0,965.0,12544.0,72900.0,85444.0,112.0,270.0,292.30805667993485,0.3831574171170907,1.1775841531514135,112.52939800293684
374.0,969.0,495.0,969.0,374.0,969.0,14641.0,71824.0,86465.0,121.0,268.0,294.0493155917898,0.4114956015336444,1.1467018988947961,114.29882083369094
367.0,970.0,486.0,970.0,367.0,970.0,14161.0,72361.0,86522.0,119.0,269.0,294.1462221413017,0.4045606947922482,1.1542979188709395,113.86360094796086
359.0,970.0,487.0,970.0,359.0,970.0,16384.0,70756.0,87140.0,128.0,266.0,295.1948509036023,0.43361189942232153,1.1222990736688603,115.69699972733244
345.0,966.0,484.0,966.0,345.0,966.0,19321.0,68121.0,87442.0,139.0,261.0,295.70593500976605,0.4700615832935831,1.0814357778723511,118.03829411346709
339.0,961.0,478.0,961.0,339.0,961.0,19321.0,73984.0,93305.0,139.0,272.0,305.45867150892934,0.4550533769866693,1.0983641707037963,117.06836865028578
331.0,958.0,471.0,958.0,331.0,958.0,19600.0,72900.0,92500.0,140.0,270.0,304.138126514911,0.4603171644550004,1.092443895416239,117.40757543781841
322.0,955.0,462.0,955.0,322.0,955.0,19600.0,76176.0,95776.0,140.0,276.0,309.4769781421552,0.4523761374446806,1.1013684353504287,116.89623696549337
317.0,949.0,452.0,949.0,317.0,949.0,18225.0,77841.0,96066.0,135.0,279.0,309.94515643900615,0.43556092810428076,1.120135000714263,115.82099197418928
311.0,940.0,444.0,940.0,311.0,940.0,17689.0,81796.0,99485.0,133.0,286.0,315.41242841714404,0.4216701309692934,1.1355099054999622,114.94007481955322
306.0,932.0,444.0,932.0,306.0,932.0,19044.0,80656.0,99700.0,138.0,284.0,315.75306807693886,0.43705038510148014,1.1184796775986265,115.91583500244569
301.0,924.0,444.0,924.0,301.0,924.0,20449.0,76729.0,97178.0,143.0,277.0,311.7338608492828,0.4587246300751964,1.0942369532984606,117.30484078874444
296.0,917.0,435.0,917.0,296.0,917.0,19321.0,76729.0,96050.0,139.0,277.0,309.9193443462347,0.4485037882782574,1.1057057173526526,116.64772901220789
292.0,906.0,436.0,906.0,292.0,906.0,20736.0,71289.0,92025.0,144.0,267.0,303.35622624235026,0.4746894493767828,1.0761851656111094,118.33913203589589
290.0,900.0,429.0,900.0,290.0,900.0,19321.0,71824.0,91145.0,139.0,268.0,301.9023020780067,0.46041384594703966,1.0923349866821892,117.41381544863157
287.0,889.0,416.0,889.0,287.0,889.0,16641.0,64009.0,80650.0,129.0,253.0,283.98943642325855,0.45424224796776624,1.09927486476999,117.01618972386527
280.0,877.0,411.0,877.0,280.0,877.0,17161.0,66049.0,83210.0,131.0,257.0,288.4614358974177,0.4541334948030491,1.0993969350818835,117.00919561018992
281.0,866.0,409.0,866.0,281.0,866.0,16384.0,66564.0,82948.0,128.0,258.0,288.00694436072195,0.44443372809678855,1.1102542978721093,116.3871145456676
278.0,861.0,400.0,861.0,278.0,861.0,14884.0,61504.0,76388.0,122.0,248.0,276.3837911311009,0.4414151767030725,1.113621119321386,116.19420988624992
277.0,847.0,391.0,847.0,277.0,847.0,12996.0,62001.0,74997.0,114.0,249.0,273.85580147223465,0.4162774693365701,1.1414489854337304,114.59979060515747
274.0,837.0,379.0,837.0,274.0,837.0,11025.0,61504.0,72529.0,105.0,248.0,269.3120866207085,0.38988224151959067,1.1702926157093811,112.94717232452692
273.0,826.0,369.0,826.0,273.0,826.0,9216.0,64516.0,73732.0,96.0,254.0,271.5363695713707,0.35354380023397686,1.2094394553936687,110.704223629342
269.0,811.0,367.0,811.0,269.0,811.0,9604.0,72361.0,81965.0,98.0,269.0,286.29530209208815,0.342303905386746,1.2214284865167122,110.01730274554062
273.0,802.0,360.0,802.0,273.0,802.0,7569.0,72361.0,79930.0,87.0,269.0,282.71894170713074,0.30772610945227546,1.2579940794150302,107.92224859707346
270.0,789.0,357.0,789.0,270.0,789.0,7569.0,75625.0,83194.0,87.0,275.0,288.4337012209218,0.3016291079431233,1.2643954439532072,107.5554774259112
270.0,781.0,353.0,781.0,270.0,781.0,6889.0,73984.0,80873.0,83.0,272.0,284.3817856333278,0.29186116760310865,1.2746241748773532,106.96941431418269
269.0,766.0,354.0,766.0,269.0,766.0,7225.0,76729.0,83954.0,85.0,277.0,289.74816651706357,0.2933581979887844,1.2730586231763732,107.05911381925837
271.0,758.0,343.0,758.0,271.0,758.0,5184.0,82369.0,87553.0,72.0,287.0,295.89356194415586,0.24333074206456914,1.3249979917204537,104.083207211108
269.0,746.0,340.0,746.0,269.0,746.0,5041.0,83521.0,88562.0,71.0,289.0,297.59368272864936,0.23858033325505407,1.3298926207377235,103.80276562613618
270.0,739.0,340.0,739.0,270.0,739.0,4900.0,91204.0,96104.0,70.0,302.0,310.00645154577023,0.22580175235374095,1.3430303610541368,103.05002855366683
273.0,728.0,328.0,728.0,273.0,728.0,3025.0,98596.0,101621.0,55.0,314.0,318.7804887379402,0.172532516709998,1.3973961605368859,99.9350976934508
272.0,720.0,332.0,720.0,272.0,720.0,3600.0,94249.0,97849.0,60.0,307.0,312.80824797309936,0.19181079907189605,1.37778945350214,101.0584792566912
275.0,716.0,329.0,716.0,275.0,716.0,2916.0,91204.0,94120.0,54.0,302.0,306.78983033992506,0.17601626475091323,1.3938582706371934,100.13780385308515
271.0,709.0,320.0,709.0,271.0,709.0,2401.0,97344.0,99745.0,49.0,312.0,315.82431825304394,0.15514954728958,1.4150174948945264,98.92546960536912
274.0,699.0,327.0,699.0,274.0,699.0,2809.0,95481.0,98290.0,53.0,309.0,313.5123602029113,0.169052346024563,1.4009282297782055,99.73272503297521
271.0,693.0,325.0,693.0,271.0,693.0,2916.0,99225.0,102141.0,54.0,315.0,319.59505628216465,0.1689638151108457,1.4010180528265581,99.7275785514016
275.0,692.0,322.0,692.0,275.0,692.0,2209.0,99225.0,101434.0,47.0,315.0,318.4870484022859,0.1475727199450622,1.4226826560050947,98.48628822444574
274.0,684.0,323.0,684.0,274.0,684.0,2401.0,103041.0,105442.0,49.0,321.0,324.7183394882402,0.15090000791832256,1.4193176838868302,98.6790869250015
278.0,680.0,314.0,680.0,278.0,680.0,1296.0,106276.0,107572.0,36.0,326.0,327.98170680694983,0.10976221921178554,1.460812506192613,96.30160873523485
273.0,674.0,315.0,674.0,273.0,674.0,1764.0,106276.0,108040.0,42.0,326.0,328.69438693108225,0.12777826963259398,1.4426677652541997,97.34122581136417
274.0,678.0,315.0,678.0,274.0,678.0,1681.0,103684.0,105365.0,41.0,322.0,324.59975354272837,0.12630939966072094,1.4441486346986234,97.2563782421888
274.0,671.0,310.0,671.0,274.0,671.0,1296.0,108241.0,109537.0,36.0,329.0,330.9637442379452,0.10877324367625575,1.461807439074823,96.24460328018542
275.0,668.0,312.0,668.0,275.0,668.0,1369.0,106929.0,108298.0,37.0,327.0,329.0866147384302,0.11243240637243457,1.4581256855229214,96.45555221991668
275.0,671.0,311.0,671.0,275.0,671.0,1296.0,105625.0,106921.0,36.0,325.0,326.9877673552942,0.11009586166226085,1.46047682935014,96.32084160158882
276.0,673.0,313.0,673.0,276.0,673.0,1369.0,102400.0,103769.0,37.0,320.0,322.1319605379137,0.11485976100668609,1.4556825015983172,96.59553634737071
277.0,676.0,307.0,676.0,277.0,676.0,900.0,101761.0,102661.0,30.0,319.0,320.4075529696515,0.09363075159105738,1.4770282269418875,95.37251637453869
280.0,679.0,305.0,679.0,280.0,679.0,625.0,101124.0,101749.0,25.0,318.0,318.98119066803923,0.07837452718651762,1.4923413402161239,94.4951396127192
274.0,679.0,304.0,679.0,274.0,679.0,900.0,99225.0,100125.0,30.0,315.0,316.4253466459348,0.09480909262799546,1.4758446204521403,95.44033203100551
278.0,682.0,302.0,682.0,278.0,682.0,576.0,96721.0,97297.0,24.0,311.0,311.9246703933499,0.07694165379652404,1.4937785540449495,94.41279332606965
279.0,680.0,304.0,680.0,279.0,680.0,625.0,104329.0,104954.0,25.0,323.0,323.9660476037574,0.07716858042660532,1.4935509507120168,94.4258340364498
279.0,679.0,304.0,679.0,279.0,679.0,625.0,106276.0,106901.0,25.0,326.0,326.95718374123544,0.07646261114050278,1.4942590121100723,94.38526510670509
278.0,678.0,303.0,678.0,278.0,678.0,625.0,109561.0,110186.0,25.0,331.0,331.94276615103394,0.07531418831590082,1.4954107562636187,94.31927502762801
279.0,680.0,309.0,680.0,279.0,680.0,900.0,109561.0,110461.0,30.0,331.0,332.3567360532956,0.09026445606683686,1.4804088449265582,95.17882123187104
279.0,683.0,303.0,683.0,279.0,683.0,576.0,108241.0,108817.0,24.0,329.0,329.874218453034,0.07275500374824537,1.4979769841118689,94.17224100265435
276.0,681.0,307.0,681.0,276.0,681.0,961.0,108241.0,109202.0,31.0,329.0,330.45725896097366,0.0938094085070803,1.4768487802064387,95.38279791512731
280.0,685.0,310.0,685.0,280.0,685.0,900.0,106276.0,107176.0,30.0,326.0,327.37745799000885,0.09163734175282028,1.4790302453550903,95.2578091689547
279.0,678.0,303.0,678.0,279.0,678.0,576.0,115600.0,116176.0,24.0,340.0,340.84600628436294,0.0704130298067132,1.5003249822161009,94.03771062097712
278.0,683.0,302.0,683.0,278.0,683.0,576.0,112225.0,112801.0,24.0,335.0,335.85860119996926,0.07145864335244602,1.4992767279440569,94.09777116662181
282.0,680.0,300.0,680.0,282.0,680.0,324.0,119025.0,119349.0,18.0,345.0,345.469246098694,0.052103045939023304,1.5186696777492505,92.98663699047516
274.0,682.0,299.0,682.0,274.0,682.0,625.0,117649.0,118274.0,25.0,343.0,343.9098719141397,0.07269346431044434,1.4980386869333724,94.16870569139815
279.0,682.0,298.0,682.0,279.0,682.0,361.0,121801.0,122162.0,19.0,349.0,349.516809323958,0.05436076175206039,1.5164087558644088,93.11617827228535
279.0,685.0,304.0,685.0,279.0,685.0,625.0,119716.0,120341.0,25.0,346.0,346.90200345342487,0.07206646185701983,1.4986673382675377,94.1326866231652
278.0,681.0,297.0,681.0,278.0,681.0,361.0,122500.0,122861.0,19.0,350.0,350.5153348999156,0.05420590230503086,1.516563843977702,93.10729237794101
277.0,679.0,296.0,679.0,277.0,679.0,361.0,123904.0,124265.0,19.0,352.0,352.51241112902676,0.05389881150325119,1.5168713843731503,93.08967161125203
277.0,681.0,295.0,681.0,277.0,681.0,324.0,123201.0,123525.0,18.0,351.0,351.4612354157994,0.0512147519731584,1.519559159391478,92.93567344642116
276.0,680.0,295.0,680.0,276.0,680.0,361.0,119025.0,119386.0,19.0,345.0,345.52279230175253,0.05498913652968771,1.515779439749219,93.1522354296653
282.0,677.0,294.0,677.0,282.0,677.0,144.0,121104.0,121248.0,12.0,348.0,348.2068350851258,0.034462275839778886,1.5363272257953886,91.97493401088197
275.0,682.0,294.0,682.0,275.0,682.0,361.0,117649.0,118010.0,19.0,343.0,343.5258360007293,0.05530879488190711,1.5154592941781655,93.17057841971646
282.0,678.0,294.0,678.0,282.0,678.0,144.0,124609.0,124753.0,12.0,353.0,353.2039071131575,0.03397470910806065,1.5368150782300978,91.94698212534796
282.0,679.0,295.0,679.0,282.0,679.0,169.0,119716.0,119885.0,13.0,346.0,346.2441335243097,0.03754576248751742,1.5332417374282998,92.15171947205287
276.0,681.0,295.0,681.0,276.0,681.0,361.0,118336.0,118697.0,19.0,344.0,344.52430973735363,0.05514850320572314,1.515619830876321,93.1613803444552
283.0,680.0,295.0,680.0,283.0,680.0,144.0,119025.0,119169.0,12.0,345.0,345.20863256876993,0.03476158724857336,1.5360277349388143,91.99209357296644
283.0,684.0,295.0,684.0,283.0,684.0,144.0,115600.0,115744.0,12.0,340.0,340.2116987994387,0.0352721556676222,1.5355168532013053,92.02136494035602
278.0,684.0,290.0,684.0,278.0,684.0,144.0,115600.0,115744.0,12.0,340.0,340.2116987994387,0.0352721556676222,1.5355168532013053,92.02136494035602
278.0,682.0,291.0,682.0,278.0,682.0,169.0,116964.0,117133.0,13.0,342.0,342.2469868384527,0.037984264288457435,1.532802922594144,92.17686171003774
278.0,682.0,291.0,682.0,278.0,682.0,169.0,116964.0,117133.0,13.0,342.0,342.2469868384527,0.037984264288457435,1.532802922594144,92.17686171003774
279.0,680.0,291.0,680.0,279.0,680.0,144.0,118336.0,118480.0,12.0,344.0,344.20923869065456,0.03486251573504266,1.5359267452401069,91.99787985647667
279.0,682.0,292.0,682.0,279.0,682.0,169.0,116964.0,117133.0,13.0,342.0,342.2469868384527,0.037984264288457435,1.532802922594144,92.17686171003774
279.0,681.0,292.0,681.0,279.0,681.0,169.0,117649.0,117818.0,13.0,343.0,343.2462672775918,0.0378736820741202,1.5329135844366375,92.17052125350972
279.0,683.0,292.0,683.0,279.0,683.0,169.0,116281.0,116450.0,13.0,341.0,341.2477106150311,0.03809549367106401,1.5326916126477754,92.18323930018248
280.0,683.0,292.0,683.0,280.0,683.0,144.0,116281.0,116425.0,12.0,341.0,341.2110783664563,0.035168846385204865,1.5356202266201853,92.01544207974035
280.0,684.0,292.0,684.0,280.0,684.0,144.0,114921.0,115065.0,12.0,339.0,339.21232288936676,0.03537607330354496,1.5354128706707453,92.02732270050019
274.0,684.0,286.0,684.0,274.0,684.0,144.0,114921.0,115065.0,12.0,339.0,339.21232288936676,0.03537607330354496,1.5354128706707453,92.02732270050019
280.0,679.0,286.0,679.0,280.0,679.0,36.0,118336.0,118372.0,6.0,344.0,344.05232160239814,0.017439208002013894,1.5533562347191943,90.9992436702573
280.0,679.0,286.0,679.0,280.0,679.0,36.0,118336.0,118372.0,6.0,344.0,344.05232160239814,0.017439208002013894,1.5533562347191943,90.9992436702573
280.0,680.0,287.0,680.0,280.0,680.0,49.0,117649.0,117698.0,7.0,343.0,343.0714211355997,0.020403914662519312,1.5503909961083586,91.16913932790742
274.0,685.0,286.0,685.0,274.0,685.0,144.0,114244.0,114388.0,12.0,338.0,338.21295066865787,0.03548060467902135,1.535308273631223,92.03331566941439
274.0,684.0,287.0,684.0,274.0,684.0,169.0,114921.0,115090.0,13.0,339.0,339.24917096435183,0.038319916782835806,1.5324670255463066,92.19610719322972
274.0,685.0,287.0,685.0,274.0,685.0,169.0,114244.0,114413.0,13.0,338.0,338.2499076126999,0.0384331221012044,1.5323537367737086,92.2025981617658
280.0,680.0,286.0,680.0,280.0,680.0,36.0,117649.0,117685.0,6.0,343.0,343.05247412021384,0.017490035643635837,1.5533053993242472,91.00215632383764
280.0,680.0,286.0,680.0,280.0,680.0,36.0,117649.0,117685.0,6.0,343.0,343.05247412021384,0.017490035643635837,1.5533053993242472,91.00215632383764
280.0,680.0,286.0,680.0,280.0,680.0,36.0,113569.0,113605.0,6.0,337.0,337.0534082308025,0.017801333122528188,1.5529940533683997,91.01999513307616
273.0,681.0,292.0,681.0,273.0,681.0,361.0,112896.0,113257.0,19.0,336.0,336.53677362214074,0.05645742602064926,1.5143088652208576,93.23649314359984
280.0,681.0,292.0,681.0,280.0,681.0,144.0,112225.0,112369.0,12.0,335.0,335.2148564726808,0.03579793606485926,1.5349907405214265,92.05150897646139
273.0,682.0,292.0,682.0,273.0,682.0,361.0,112225.0,112586.0,19.0,335.0,335.538373364359,0.05662541607236088,1.5141406059969693,93.24613368699279
280.0,681.0,292.0,681.0,280.0,681.0,144.0,116281.0,116425.0,12.0,341.0,341.2110783664563,0.035168846385204865,1.5356202266201853,92.01544207974035
280.0,681.0,292.0,681.0,280.0,681.0,144.0,116964.0,117108.0,12.0,342.0,342.21046155838076,0.035066140133044446,1.5357229962616712,92.00955381302114
280.0,680.0,292.0,680.0,280.0,680.0,144.0,116964.0,117108.0,12.0,342.0,342.21046155838076,0.035066140133044446,1.5357229962616712,92.00955381302114
280.0,680.0,292.0,680.0,280.0,680.0,144.0,116964.0,117108.0,12.0,342.0,342.21046155838076,0.035066140133044446,1.5357229962616712,92.00955381302114
280.0,679.0,286.0,679.0,280.0,679.0,36.0,117649.0,117685.0,6.0,343.0,343.05247412021384,0.017490035643635837,1.5533053993242472,91.00215632383764
274.0,684.0,293.0,684.0,274.0,684.0,361.0,118336.0,118697.0,19.0,344.0,344.52430973735363,0.05514850320572314,1.515619830876321,93.1613803444552
274.0,684.0,293.0,684.0,274.0,684.0,361.0,114244.0,114605.0,19.0,338.0,338.53360246805636,0.05612441382917909,1.5146424062735382,93.2173826489869
275.0,685.0,293.0,685.0,275.0,685.0,324.0,113569.0,113893.0,18.0,337.0,337.4803697994892,0.05333643557014747,1.5174345704340109,93.05740342688412
275.0,684.0,293.0,684.0,275.0,684.0,324.0,114244.0,114568.0,18.0,338.0,338.47895060106765,0.05317908238617431,1.5175921472514058,93.04837494029829
275.0,680.0,293.0,680.0,275.0,680.0,324.0,116964.0,117288.0,18.0,342.0,342.47335662792807,0.05255883312276367,1.5182132651839548,93.01278750418334
275.0,685.0,294.0,685.0,275.0,685.0,361.0,117649.0,118010.0,19.0,343.0,343.5258360007293,0.05530879488190711,1.5154592941781655,93.17057841971646
275.0,681.0,294.0,681.0,275.0,681.0,361.0,116281.0,116642.0,19.0,341.0,341.528915320504,0.05563218558572021,1.515135404789198,93.18913591473337
275.0,681.0,293.0,681.0,275.0,681.0,324.0,116281.0,116605.0,18.0,341.0,341.4747428434496,0.05271253695109208,1.5180593479926199,93.02160630964134
275.0,680.0,293.0,680.0,275.0,680.0,324.0,116964.0,117288.0,18.0,342.0,342.47335662792807,0.05255883312276367,1.5182132651839548,93.01278750418334
274.0,679.0,293.0,679.0,274.0,679.0,361.0,118336.0,118697.0,19.0,344.0,344.52430973735363,0.05514850320572314,1.515619830876321,93.1613803444552
274.0,685.0,293.0,685.0,274.0,685.0,361.0,114244.0,114605.0,19.0,338.0,338.53360246805636,0.05612441382917909,1.5146424062735382,93.2173826489869
280.0,680.0,292.0,680.0,280.0,680.0,144.0,117649.0,117793.0,12.0,343.0,343.20984834354624,0.03496403164978016,1.5358251673979697,92.00369983812318
274.0,685.0,293.0,685.0,274.0,685.0,361.0,114244.0,114605.0,19.0,338.0,338.53360246805636,0.05612441382917909,1.5146424062735382,93.2173826489869
274.0,684.0,293.0,684.0,274.0,684.0,361.0,110889.0,111250.0,19.0,333.0,333.54160160315837,0.056964408363685465,1.5138010656404546,93.26558791639546
274.0,684.0,293.0,684.0,274.0,684.0,361.0,114921.0,115282.0,19.0,339.0,339.532030889576,0.05595937429001878,1.5148077055943054,93.20791169555055
274.0,683.0,292.0,683.0,274.0,683.0,324.0,116281.0,116605.0,18.0,341.0,341.4747428434496,0.05271253695109208,1.5180593479926199,93.02160630964134
274.0,684.0,292.0,684.0,274.0,684.0,324.0,114921.0,115245.0,18.0,339.0,339.4775397577872,0.05302265361308664,1.5177487970334256,93.03939956892691
273.0,683.0,292.0,683.0,273.0,683.0,361.0,115600.0,115961.0,19.0,340.0,340.5304685340212,0.05579530102488252,1.5149720356020806,93.19849627965769
274.0,682.0,292.0,682.0,274.0,682.0,324.0,116281.0,116605.0,18.0,341.0,341.4747428434496,0.05271253695109208,1.5180593479926199,93.02160630964134
274.0,682.0,292.0,682.0,274.0,682.0,324.0,116964.0,117288.0,18.0,342.0,342.47335662792807,0.05255883312276367,1.5182132651839548,93.01278750418334
274.0,682.0,292.0,682.0,274.0,682.0,324.0,116964.0,117288.0,18.0,342.0,342.47335662792807,0.05255883312276367,1.5182132651839548,93.01278750418334
273.0,682.0,292.0,682.0,273.0,682.0,361.0,116964.0,117325.0,19.0,342.0,342.527371169079,0.055470019622522904,1.5152978215491797,93.17983011986423
279.0,682.0,292.0,682.0,279.0,682.0,169.0,116964.0,117133.0,13.0,342.0,342.2469868384527,0.037984264288457435,1.532802922594144,92.17686171003774
279.0,682.0,292.0,682.0,279.0,682.0,169.0,116964.0,117133.0,13.0,342.0,342.2469868384527,0.037984264288457435,1.532802922594144,92.17686171003774
273.0,683.0,292.0,683.0,273.0,683.0,361.0,116281.0,116642.0,19.0,341.0,341.528915320504,0.05563218558572021,1.515135404789198,93.18913591473337
280.0,680.0,292.0,680.0,280.0,680.0,144.0,122500.0,122644.0,12.0,350.0,350.20565386641033,0.03426558043114155,1.5365240374440972,91.96365753405196
280.0,679.0,292.0,679.0,280.0,679.0,144.0,123201.0,123345.0,12.0,351.0,351.20506830055854,0.03416807182785442,1.5366216031787014,91.95806742923405
279.0,685.0,292.0,685.0,279.0,685.0,169.0,119025.0,119194.0,13.0,345.0,345.2448406565984,0.0376544367043289,1.5331329863098468,92.15795045215755
273.0,686.0,292.0,686.0,273.0,686.0,361.0,117649.0,118010.0,19.0,343.0,343.5258360007293,0.05530879488190711,1.5154592941781655,93.17057841971646
279.0,681.0,291.0,681.0,279.0,681.0,144.0,116964.0,117108.0,12.0,342.0,342.21046155838076,0.035066140133044446,1.5357229962616712,92.00955381302114
279.0,682.0,292.0,682.0,279.0,682.0,169.0,116281.0,116450.0,13.0,341.0,341.2477106150311,0.03809549367106401,1.5326916126477754,92.18323930018248
279.0,683.0,291.0,683.0,279.0,683.0,144.0,116281.0,116425.0,12.0,341.0,341.2110783664563,0.035168846385204865,1.5356202266201853,92.01544207974035
279.0,683.0,292.0,683.0,279.0,683.0,169.0,111556.0,111725.0,13.0,334.0,334.2528982671654,0.038892706891681804,1.531893808095089,92.22895013392774
280.0,684.0,298.0,684.0,280.0,684.0,324.0,111556.0,111880.0,18.0,334.0,334.4846782739084,0.053814124141315256,1.5169561948215942,93.08481233049758
280.0,684.0,299.0,684.0,280.0,684.0,361.0,110889.0,111250.0,19.0,333.0,333.54160160315837,0.056964408363685465,1.5138010656404546,93.26558791639546
280.0,684.0,299.0,684.0,280.0,684.0,361.0,115600.0,115961.0,19.0,340.0,340.5304685340212,0.05579530102488252,1.5149720356020806,93.19849627965769
280.0,683.0,299.0,683.0,280.0,683.0,361.0,111556.0,111917.0,19.0,334.0,334.53998266276034,0.05679440719991107,1.5139713424730938,93.25583177253637
280.0,678.0,298.0,678.0,280.0,678.0,324.0,111556.0,111880.0,18.0,334.0,334.4846782739084,0.053814124141315256,1.5169561948215942,93.08481233049758
280.0,678.0,299.0,678.0,280.0,678.0,361.0,111556.0,111917.0,19.0,334.0,334.53998266276034,0.05679440719991107,1.5139713424730938,93.25583177253637
280.0,683.0,299.0,683.0,280.0,683.0,361.0,112225.0,112586.0,19.0,335.0,335.538373364359,0.05662541607236088,1.5141406059969693,93.24613368699279
280.0,683.0,292.0,683.0,280.0,683.0,144.0,107584.0,107728.0,12.0,328.0,328.219438790575,0.03656090585072497,1.5342272708813554,92.09525256462383
280.0,678.0,298.0,678.0,280.0,678.0,324.0,115600.0,115924.0,18.0,340.0,340.47613719613304,0.05286714114014694,1.5179045279291765,93.03047684586059
280.0,679.0,299.0,679.0,280.0,679.0,361.0,114921.0,115282.0,19.0,339.0,339.532030889576,0.05595937429001878,1.5148077055943054,93.20791169555055
280.0,678.0,293.0,678.0,280.0,678.0,169.0,114921.0,115090.0,13.0,339.0,339.24917096435183,0.038319916782835806,1.5324670255463066,92.19610719322972
282.0,683.0,294.0,683.0,282.0,683.0,144.0,110889.0,111033.0,12.0,333.0,333.2161460673837,0.036012660675732486,1.5347758773657074,92.06381972845695
282.0,683.0,294.0,683.0,282.0,683.0,144.0,110889.0,111033.0,12.0,333.0,333.2161460673837,0.036012660675732486,1.5347758773657074,92.06381972845695
283.0,683.0,295.0,683.0,283.0,683.0,144.0,106929.0,107073.0,12.0,327.0,327.2201094064972,0.036672562764450106,1.5341155390382448,92.10165432767128
283.0,684.0,295.0,684.0,283.0,684.0,144.0,106929.0,107073.0,12.0,327.0,327.2201094064972,0.036672562764450106,1.5341155390382448,92.10165432767128
278.0,685.0,296.0,685.0,278.0,685.0,324.0,106929.0,107253.0,18.0,327.0,327.4950381303509,0.05496266478649843,1.5158059515867481,93.15071641326774
278.0,686.0,296.0,686.0,278.0,686.0,324.0,106276.0,106600.0,18.0,326.0,326.49655434629017,0.05513075026485199,1.5156376108667178,93.16036162604567
278.0,687.0,296.0,687.0,278.0,687.0,324.0,105625.0,105949.0,18.0,325.0,325.4980798714487,0.05529986538510111,1.5154682373621176,93.1700660130206
284.0,682.0,302.0,682.0,284.0,682.0,324.0,109561.0,109885.0,18.0,331.0,331.48906467634794,0.05430043376415583,1.5164691730884228,93.11271662033946
284.0,684.0,302.0,684.0,284.0,684.0,324.0,108900.0,109224.0,18.0,330.0,330.4905444940899,0.05446449315986979,1.5163048705541655,93.1221304621157
284.0,684.0,302.0,684.0,284.0,684.0,324.0,108900.0,109224.0,18.0,330.0,330.4905444940899,0.05446449315986979,1.5163048705541655,93.1221304621157
284.0,685.0,302.0,685.0,284.0,685.0,324.0,108241.0,108565.0,18.0,329.0,329.49203328760467,0.05462954542602943,1.5161395721921247,93.13160136062106
283.0,687.0,301.0,687.0,283.0,687.0,324.0,107584.0,107908.0,18.0,328.0,328.4935311387425,0.054795599589440684,1.5159732689304184,93.1411298356361
283.0,688.0,301.0,688.0,283.0,688.0,324.0,106929.0,107253.0,18.0,327.0,327.4950381303509,0.05496266478649843,1.5158059515867481,93.15071641326774
283.0,690.0,301.0,690.0,283.0,690.0,324.0,106276.0,106600.0,18.0,326.0,326.49655434629017,0.05513075026485199,1.5156376108667178,93.16036162604567
278.0,691.0,302.0,691.0,278.0,691.0,576.0,105625.0,106201.0,24.0,325.0,325.8849490234245,0.07364562270187841,1.4970839694005564,94.22340697665564
278.0,691.0,301.0,691.0,278.0,691.0,529.0,105625.0,106154.0,23.0,325.0,325.8128297044179,0.07059267746106233,1.5001448864070765,94.04802935074221
284.0,686.0,301.0,686.0,284.0,686.0,289.0,108900.0,109189.0,17.0,330.0,330.4375886608544,0.051446931533712416,1.5193266733448294,92.94899391568981
284.0,685.0,302.0,685.0,284.0,685.0,324.0,108900.0,109224.0,18.0,330.0,330.4905444940899,0.05446449315986979,1.5163048705541655,93.1221304621157
285.0,689.0,302.0,689.0,285.0,689.0,289.0,110224.0,110513.0,17.0,332.0,332.4349560440358,0.05113782317689872,1.5196361891248025,92.93125996780465
285.0,688.0,303.0,688.0,285.0,688.0,324.0,110224.0,110548.0,18.0,332.0,332.48759375351136,0.05413735832003477,1.5166324887580167,93.10335932174337
285.0,687.0,309.0,687.0,285.0,687.0,576.0,110224.0,110800.0,24.0,332.0,332.86633954186476,0.07210101217513316,1.4986326978352391,94.13467137373641
286.0,688.0,303.0,688.0,286.0,688.0,289.0,110224.0,110513.0,17.0,332.0,332.4349560440358,0.05113782317689872,1.5196361891248025,92.93125996780465
286.0,688.0,304.0,688.0,286.0,688.0,324.0,110889.0,111213.0,18.0,333.0,333.4861316456803,0.053975258015000444,1.5167948264189284,93.0940580589171
286.0,687.0,304.0,687.0,286.0,687.0,324.0,111556.0,111880.0,18.0,334.0,334.4846782739084,0.053814124141315256,1.5169561948215942,93.08481233049758
286.0,687.0,304.0,687.0,286.0,687.0,324.0,107584.0,107908.0,18.0,328.0,328.4935311387425,0.054795599589440684,1.5159732689304184,93.1411298356361
286.0,684.0,304.0,684.0,286.0,684.0,324.0,112225.0,112549.0,18.0,335.0,335.4832335601885,0.05365394809446013,1.5171166026124725,93.07562164107924
286.0,685.0,304.0,685.0,286.0,685.0,324.0,108241.0,108565.0,18.0,329.0,329.49203328760467,0.05462954542602943,1.5161395721921247,93.13160136062106
286.0,684.0,304.0,684.0,286.0,684.0,324.0,108900.0,109224.0,18.0,330.0,330.4905444940899,0.05446449315986979,1.5163048705541655,93.1221304621157
286.0,684.0,304.0,684.0,286.0,684.0,324.0,108900.0,109224.0,18.0,330.0,330.4905444940899,0.05446449315986979,1.5163048705541655,93.1221304621157
286.0,685.0,304.0,685.0,286.0,685.0,324.0,108241.0,108565.0,18.0,329.0,329.49203328760467,0.05462954542602943,1.5161395721921247,93.13160136062106
286.0,683.0,304.0,683.0,286.0,683.0,324.0,109561.0,109885.0,18.0,331.0,331.48906467634794,0.05430043376415583,1.5164691730884228,93.11271662033946
286.0,683.0,304.0,683.0,286.0,683.0,324.0,108900.0,109224.0,18.0,330.0,330.4905444940899,0.05446449315986979,1.5163048705541655,93.1221304621157
286.0,683.0,304.0,683.0,286.0,683.0,324.0,108900.0,109224.0,18.0,330.0,330.4905444940899,0.05446449315986979,1.5163048705541655,93.1221304621157
286.0,683.0,304.0,683.0,286.0,683.0,324.0,108900.0,109224.0,18.0,330.0,330.4905444940899,0.05446449315986979,1.5163048705541655,93.1221304621157
287.0,684.0,305.0,684.0,287.0,684.0,324.0,108900.0,109224.0,18.0,330.0,330.4905444940899,0.05446449315986979,1.5163048705541655,93.1221304621157
287.0,684.0,305.0,684.0,287.0,684.0,324.0,112225.0,112549.0,18.0,335.0,335.4832335601885,0.05365394809446013,1.5171166026124725,93.07562164107924
287.0,683.0,305.0,683.0,287.0,683.0,324.0,108900.0,109224.0,18.0,330.0,330.4905444940899,0.05446449315986979,1.5163048705541655,93.1221304621157
287.0,683.0,305.0,683.0,287.0,683.0,324.0,108900.0,109224.0,18.0,330.0,330.4905444940899,0.05446449315986979,1.5163048705541655,93.1221304621157
287.0,683.0,305.0,683.0,287.0,683.0,324.0,109561.0,109885.0,18.0,331.0,331.48906467634794,0.05430043376415583,1.5164691730884228,93.11271662033946
287.0,684.0,305.0,684.0,287.0,684.0,324.0,108900.0,109224.0,18.0,330.0,330.4905444940899,0.05446449315986979,1.5163048705541655,93.1221304621157
287.0,683.0,305.0,683.0,287.0,683.0,324.0,109561.0,109885.0,18.0,331.0,331.48906467634794,0.05430043376415583,1.5164691730884228,93.11271662033946
287.0,684.0,305.0,684.0,287.0,684.0,324.0,108900.0,109224.0,18.0,330.0,330.4905444940899,0.05446449315986979,1.5163048705541655,93.1221304621157
287.0,684.0,305.0,684.0,287.0,684.0,324.0,108241.0,108565.0,18.0,329.0,329.49203328760467,0.05462954542602943,1.5161395721921247,93.13160136062106
286.0,686.0,304.0,686.0,286.0,686.0,324.0,106929.0,107253.0,18.0,327.0,327.4950381303509,0.05496266478649843,1.5158059515867481,93.15071641326774
286.0,685.0,304.0,685.0,286.0,685.0,324.0,111556.0,111880.0,18.0,334.0,334.4846782739084,0.053814124141315256,1.5169561948215942,93.08481233049758
285.0,681.0,303.0,681.0,285.0,681.0,324.0,119025.0,119349.0,18.0,345.0,345.469246098694,0.052103045939023304,1.5186696777492505,92.98663699047516
286.0,681.0,304.0,681.0,286.0,681.0,324.0,114921.0,115245.0,18.0,339.0,339.4775397577872,0.05302265361308664,1.5177487970334256,93.03939956892691
285.0,683.0,303.0,683.0,285.0,683.0,324.0,113569.0,113893.0,18.0,337.0,337.4803697994892,0.05333643557014747,1.5174345704340109,93.05740342688412
285.0,683.0,303.0,683.0,285.0,683.0,324.0,117649.0,117973.0,18.0,343.0,343.4719784785944,0.05240602182376221,1.5183662873709778,93.00401997869507
292.0,679.0,303.0,679.0,292.0,679.0,121.0,116281.0,116402.0,11.0,341.0,341.1773732239581,0.03224129401095805,1.5385494443596428,91.84761026599459
285.0,678.0,303.0,678.0,285.0,678.0,324.0,116964.0,117288.0,18.0,342.0,342.47335662792807,0.05255883312276367,1.5182132651839548,93.01278750418334
291.0,679.0,303.0,679.0,291.0,679.0,144.0,116281.0,116425.0,12.0,341.0,341.2110783664563,0.035168846385204865,1.5356202266201853,92.01544207974035
291.0,679.0,303.0,679.0,291.0,679.0,144.0,112225.0,112369.0,12.0,335.0,335.2148564726808,0.03579793606485926,1.5349907405214265,92.05150897646139
291.0,680.0,303.0,680.0,291.0,680.0,144.0,111556.0,111700.0,12.0,334.0,334.21549934136806,0.03590497754786407,1.5348836301803326,92.05764594694827
292.0,680.0,303.0,680.0,292.0,680.0,121.0,111556.0,111677.0,11.0,334.0,334.18108863309425,0.03291628513448639,1.5378740947276337,91.88630494960442
285.0,682.0,303.0,682.0,285.0,682.0,324.0,110889.0,111213.0,18.0,333.0,333.4861316456803,0.053975258015000444,1.5167948264189284,93.0940580589171
286.0,683.0,304.0,683.0,286.0,683.0,324.0,106276.0,106600.0,18.0,326.0,326.49655434629017,0.05513075026485199,1.5156376108667178,93.16036162604567
285.0,685.0,309.0,685.0,285.0,685.0,576.0,109561.0,110137.0,24.0,331.0,331.86895003901765,0.07231770250630055,1.4984154403523264,94.14711931057495
292.0,680.0,309.0,680.0,292.0,680.0,289.0,112896.0,113185.0,17.0,336.0,336.42978465052704,0.05053060334018607,1.5202441950584118,92.89642379388992
286.0,681.0,310.0,681.0,286.0,681.0,576.0,112225.0,112801.0,24.0,335.0,335.85860119996926,0.07145864335244602,1.4992767279440569,94.09777116662181
286.0,682.0,310.0,682.0,286.0,682.0,576.0,111556.0,112132.0,24.0,334.0,334.8611652610676,0.07167149400943193,1.4990633301203975,94.10999796127477
287.0,683.0,310.0,683.0,287.0,683.0,529.0,107584.0,108113.0,23.0,328.0,328.80541358073776,0.06995018649336313,1.5007889696194525,94.01112610101784
287.0,683.0,310.0,683.0,287.0,683.0,529.0,106929.0,107458.0,23.0,327.0,327.8078705583501,0.07016304996223689,1.5005755818600155,94.02335231903334
287.0,683.0,311.0,683.0,287.0,683.0,576.0,103041.0,103617.0,24.0,321.0,321.895945920417,0.07455825493973003,1.4961688210873838,94.27584111262894
286.0,680.0,310.0,680.0,286.0,680.0,576.0,104329.0,104905.0,24.0,323.0,323.8904135660702,0.07409913660536377,1.4966292129634677,94.24946260120723
286.0,684.0,309.0,684.0,286.0,684.0,529.0,104976.0,105505.0,23.0,324.0,324.81533215043896,0.0708094653282792,1.4999275546772306,94.06048154161667
283.0,682.0,307.0,682.0,283.0,682.0,576.0,103041.0,103617.0,24.0,321.0,321.895945920417,0.07455825493973003,1.4961688210873838,94.27584111262894
284.0,681.0,308.0,681.0,284.0,681.0,576.0,103684.0,104260.0,24.0,322.0,322.893171188243,0.0743279887638388,1.496399727970078,94.26261112279005
283.0,680.0,307.0,680.0,283.0,680.0,576.0,104329.0,104905.0,24.0,323.0,323.8904135660702,0.07409913660536377,1.4966292129634677,94.24946260120723
284.0,680.0,314.0,680.0,284.0,680.0,900.0,100489.0,101389.0,30.0,317.0,318.4163940503064,0.09421625444090773,1.4764401243269605,95.40621217229462
285.0,679.0,315.0,679.0,285.0,679.0,900.0,101124.0,102024.0,30.0,318.0,319.41195970094793,0.09392259459566807,1.4767350921669102,95.38931175997341
286.0,677.0,315.0,677.0,286.0,677.0,841.0,98596.0,99437.0,29.0,314.0,315.3363283860583,0.09196529987022627,1.478700896509064,95.2766794678195
282.0,676.0,317.0,676.0,282.0,676.0,1225.0,103041.0,104266.0,35.0,321.0,322.9024620531717,0.1083918647676233,1.462191086325087,96.22262191192348
276.0,683.0,325.0,683.0,276.0,683.0,2401.0,94249.0,96650.0,49.0,307.0,310.8858311341963,0.15761413063192567,1.4125222105689486,99.06843886590988
282.0,676.0,324.0,676.0,282.0,676.0,1764.0,99856.0,101620.0,42.0,316.0,318.7789202566569,0.1317527519265852,1.438659388172644,97.57088890083428
277.0,677.0,329.0,677.0,277.0,677.0,2704.0,95481.0,98185.0,52.0,309.0,313.3448579440869,0.16595134300649303,1.4040736737650545,99.55250436783396
278.0,681.0,330.0,681.0,278.0,681.0,2704.0,93636.0,96340.0,52.0,306.0,310.3868553917836,0.1675328677638857,1.4024696939770995,99.64440564010806
278.0,683.0,336.0,683.0,278.0,683.0,3364.0,89401.0,92765.0,58.0,299.0,304.5734722525913,0.1904302419085894,1.379195937098128,100.97789368268671
274.0,687.0,331.0,687.0,274.0,687.0,3249.0,87025.0,90274.0,57.0,295.0,300.45631962067296,0.18971143649753372,1.37992808938614,100.93594444662276
274.0,685.0,337.0,685.0,274.0,685.0,3969.0,87616.0,91585.0,63.0,296.0,302.63013729633735,0.20817490472969652,1.3610877145887885,102.01541840695565
270.0,684.0,343.0,684.0,270.0,684.0,5329.0,90000.0,95329.0,73.0,300.0,308.7539473431878,0.23643422417158172,1.3321019485754098,103.676180465476
270.0,688.0,345.0,688.0,270.0,688.0,5625.0,85264.0,90889.0,75.0,292.0,301.4780257332199,0.24877435036133627,1.319381710697488,104.40499641028335
272.0,693.0,344.0,693.0,272.0,693.0,5184.0,84681.0,89865.0,72.0,291.0,299.7749155616594,0.24018020275345767,1.3282448433677059,103.89717631501536
269.0,693.0,347.0,693.0,269.0,693.0,6084.0,84681.0,90765.0,78.0,291.0,301.27230207903284,0.25890199484564047,1.3089110621143776,105.00492038286022
270.0,698.0,348.0,698.0,270.0,698.0,6084.0,80089.0,86173.0,78.0,283.0,293.5523803344132,0.2657106711624782,1.301855308923227,105.40918526199911
273.0,699.0,350.0,699.0,273.0,699.0,5929.0,83521.0,89450.0,77.0,289.0,299.0819285747636,0.2574545388513896,1.310409313032595,104.91907692859476
271.0,702.0,355.0,702.0,271.0,702.0,7056.0,78961.0,86017.0,84.0,281.0,293.2865492994863,0.286409316078878,1.280319283799749,106.64310860906211
266.0,707.0,356.0,707.0,266.0,707.0,8100.0,76729.0,84829.0,90.0,277.0,291.2541845192958,0.3090084358737769,1.2566460603634382,107.9994843994329
266.0,711.0,357.0,711.0,266.0,711.0,8281.0,71289.0,79570.0,91.0,267.0,282.0815484926301,0.32260174579400946,1.2423194164430995,108.82034063065507
267.0,710.0,358.0,710.0,267.0,710.0,8281.0,75076.0,83357.0,91.0,274.0,288.71612355391585,0.31518849338875365,1.2501410622121794,108.37219333924044
268.0,715.0,354.0,715.0,268.0,715.0,7396.0,72900.0,80296.0,86.0,270.0,283.365488371467,0.30349496861544983,1.2624378288744997,107.66764050783232
265.0,722.0,362.0,722.0,265.0,722.0,9409.0,71824.0,81233.0,97.0,268.0,285.0140347421509,0.34033411753829895,1.2235241230479195,109.897231616909
263.0,723.0,361.0,723.0,263.0,723.0,9604.0,72900.0,82504.0,98.0,270.0,287.2350953487404,0.341183934647733,1.2226202071384362,109.94902218355712
263.0,726.0,362.0,726.0,263.0,726.0,9801.0,74529.0,84330.0,99.0,273.0,290.3962809679215,0.34091345684601243,1.2229079355149013,109.93253656193951
268.0,729.0,361.0,729.0,268.0,729.0,8649.0,74529.0,83178.0,93.0,273.0,288.4059638773096,0.32246212508824196,1.242466919945238,108.81188930251913
269.0,736.0,375.0,736.0,269.0,736.0,11236.0,70225.0,81461.0,106.0,265.0,285.41373477812874,0.37139067635410367,1.1902899496825319,111.8014094863518
267.0,739.0,372.0,739.0,267.0,739.0,11025.0,74529.0,85554.0,105.0,273.0,292.4961538208665,0.3589790793088691,1.2036224929766774,111.03751102542181
268.0,743.0,372.0,743.0,268.0,743.0,10816.0,75625.0,86441.0,104.0,275.0,294.0085032783916,0.35373126572983565,1.2092390395334365,110.71570661228078
267.0,750.0,380.0,750.0,267.0,750.0,12769.0,73441.0,86210.0,113.0,271.0,293.6153946917634,0.38485720450260136,1.1757432212483652,112.6348756313525
265.0,756.0,382.0,756.0,265.0,756.0,13689.0,69169.0,82858.0,117.0,263.0,287.8506557227202,0.40646077288322513,1.1522192635442297,113.98269912524373
264.0,761.0,382.0,761.0,264.0,761.0,13924.0,72361.0,86285.0,118.0,269.0,293.7430850249925,0.401711584087027,1.1574112266367422,113.68522155265507
269.0,769.0,383.0,769.0,269.0,769.0,12996.0,65025.0,78021.0,114.0,255.0,279.3223943761044,0.4081305412501237,1.1503909755921538,114.0874523086323
266.0,773.0,385.0,773.0,266.0,773.0,14161.0,65025.0,79186.0,119.0,255.0,281.40007107319644,0.42288546533112387,1.1341691669813554,115.01689347810002
267.0,781.0,379.0,781.0,267.0,781.0,12544.0,66564.0,79108.0,112.0,258.0,281.26144421160893,0.39820601900819386,1.1612360403462985,113.46607586967372
267.0,782.0,389.0,782.0,267.0,782.0,14884.0,68121.0,83005.0,122.0,261.0,288.1058833137567,0.42345542755591015,1.1335401043677507,115.05293611090903
269.0,791.0,393.0,791.0,269.0,791.0,15376.0,67081.0,82457.0,124.0,259.0,287.153269178674,0.4318251376857704,1.1242809977897419,115.58344383989075
265.0,793.0,394.0,793.0,265.0,793.0,16641.0,69169.0,85810.0,129.0,263.0,292.93343953874574,0.4403730765703088,1.1147821573115837,116.12768730955725
267.0,803.0,400.0,803.0,267.0,803.0,17689.0,68121.0,85810.0,133.0,261.0,292.93343953874574,0.454028055688768,1.0995152782765976,117.0024150445987
266.0,805.0,402.0,805.0,266.0,805.0,18496.0,74529.0,93025.0,136.0,273.0,305.0,0.4459016393442623,1.1086149924031024,116.48103983037441
267.0,810.0,408.0,810.0,267.0,810.0,19881.0,76729.0,96610.0,141.0,277.0,310.82149217838844,0.45363658417506236,1.0999545973037983,116.97724391848033
266.0,816.0,412.0,816.0,266.0,816.0,21316.0,76176.0,97492.0,146.0,276.0,312.23708940483033,0.46759339282305445,1.0842300953043191,117.8781915179955
265.0,823.0,410.0,823.0,265.0,823.0,21025.0,78400.0,99425.0,145.0,280.0,315.3173005085512,0.4598542476614526,1.0929652718027818,117.37770277133171
265.0,827.0,414.0,827.0,265.0,827.0,22201.0,80089.0,102290.0,149.0,283.0,319.8280788173546,0.4658752932230506,1.0861727737600677,117.76688424153011
267.0,831.0,420.0,831.0,267.0,831.0,23409.0,81796.0,105205.0,153.0,286.0,324.35320254315354,0.47170799856568124,1.0795695053943497,118.145223649878
264.0,841.0,418.0,841.0,264.0,841.0,23716.0,76729.0,100445.0,154.0,277.0,316.93059177050105,0.4859108082299484,1.0633913559702297,119.07216333221209
269.0,846.0,420.0,846.0,269.0,846.0,22801.0,77284.0,100085.0,151.0,278.0,316.36213427020624,0.4773011167987325,1.073215496316532,118.50928155302478
265.0,852.0,418.0,852.0,265.0,852.0,23409.0,78400.0,101809.0,153.0,280.0,319.07522623983203,0.47951074673844457,1.0706992300680087,118.65345298919637
264.0,859.0,421.0,859.0,264.0,859.0,24649.0,74529.0,99178.0,157.0,273.0,314.92538798896476,0.49853078217212965,1.0488932285923214,119.9028448418093
267.0,868.0,424.0,868.0,267.0,868.0,24649.0,72361.0,97010.0,157.0,269.0,311.46428366668306,0.5040706374154131,1.0424907713701095,120.26967861915509
268.0,873.0,424.0,873.0,268.0,873.0,24336.0,71289.0,95625.0,156.0,267.0,309.23292192132453,0.5044741000755726,1.0420235544597045,120.29644817623844
269.0,876.0,430.0,876.0,269.0,876.0,25921.0,70756.0,96677.0,161.0,266.0,310.9292524031793,0.5178026794057726,1.0265158418489166,121.18497465873838
270.0,885.0,429.0,885.0,270.0,885.0,25281.0,66564.0,91845.0,159.0,258.0,303.0594001181947,0.5246496229385699,1.018492835926653,121.64465903709257
272.0,887.0,432.0,887.0,272.0,887.0,25600.0,67081.0,92681.0,160.0,259.0,304.4355432599814,0.5255628113809413,1.0174198051880612,121.70613916970169
272.0,898.0,432.0,898.0,272.0,898.0,25600.0,70225.0,95825.0,160.0,265.0,309.5561338432821,0.5168690990339174,1.0276067505070687,121.122470196792
274.0,900.0,432.0,900.0,274.0,900.0,24964.0,66564.0,91528.0,158.0,258.0,302.5359482772254,0.5222519865811732,1.02130678046592,121.48343189120868
276.0,910.0,439.0,910.0,276.0,910.0,26569.0,65536.0,92105.0,163.0,256.0,303.48805577814755,0.5370886823933342,1.003814392572196,122.4856718911248
275.0,915.0,442.0,915.0,275.0,915.0,27889.0,65536.0,93425.0,167.0,256.0,305.6550343115585,0.5463675753816459,0.992775242925077,123.11816857531804
280.0,921.0,441.0,921.0,280.0,921.0,25921.0,66049.0,91970.0,161.0,257.0,303.2655601943617,0.5308878459420705,1.0111484274246054,122.06546264727989
280.0,926.0,439.0,926.0,280.0,926.0,25281.0,65025.0,90306.0,159.0,255.0,300.5095672353877,0.5291012910595824,1.013255212114548,121.9447527762034
280.0,935.0,442.0,935.0,280.0,935.0,26244.0,63504.0,89748.0,162.0,252.0,299.5797055876783,0.5407575913134987,0.9994588469612699,122.7352262721076
281.0,939.0,441.0,939.0,281.0,939.0,25600.0,64516.0,90116.0,160.0,254.0,300.1932710771512,0.5329899615200875,1.0086659526806026,122.20769797285907
282.0,943.0,449.0,943.0,282.0,943.0,27889.0,62500.0,90389.0,167.0,250.0,300.647634283059,0.5554675339396481,0.981871214283929,123.7429233961456
285.0,949.0,456.0,949.0,285.0,949.0,29241.0,62500.0,91741.0,171.0,250.0,302.88776799336085,0.5645655522270818,0.9708895236890192,124.37212791915243
286.0,952.0,455.0,952.0,286.0,952.0,28561.0,63001.0,91562.0,169.0,251.0,302.59213472924245,0.5585075770433364,0.9782108039121306,123.95264946173556
290.0,955.0,459.0,955.0,290.0,955.0,28561.0,63504.0,92065.0,169.0,252.0,303.42214816983943,0.5569797756009652,0.9800514997736485,123.84718535750338
294.0,956.0,463.0,956.0,294.0,956.0,28561.0,65536.0,94097.0,169.0,256.0,306.7523431043356,0.5509330370217191,0.9873144881096817,123.43104677919594
299.0,962.0,463.0,962.0,299.0,962.0,26896.0,63001.0,89897.0,164.0,251.0,299.82828418946735,0.5469797502371897,0.992044153185836,123.16005693182187
299.0,962.0,463.0,962.0,299.0,962.0,26896.0,67600.0,94496.0,164.0,260.0,307.4020169094536,0.5335033310738062,1.0080591040338134,122.24246783912332
307.0,962.0,466.0,962.0,307.0,962.0,25281.0,67600.0,92881.0,159.0,260.0,304.76384299978895,0.521715431971732,1.021935833982651,121.44738977961214
311.0,958.0,470.0,958.0,311.0,958.0,25281.0,69696.0,94977.0,159.0,264.0,308.1833869630224,0.5159265772462867,1.0287073789934584,121.05940882971
316.0,961.0,481.0,961.0,316.0,961.0,27225.0,67600.0,94825.0,165.0,260.0,307.9366818032564,0.5358244397314771,1.005312438640072,122.39984017391933
322.0,958.0,485.0,958.0,322.0,958.0,26569.0,71289.0,97858.0,163.0,267.0,312.8226334522488,0.5210620414551345,1.022701538648555,121.40351813390235
329.0,955.0,481.0,955.0,329.0,955.0,23104.0,72361.0,95465.0,152.0,269.0,308.97410894765926,0.491950605562711,1.0564675177166354,119.46887004217427
332.0,957.0,481.0,957.0,332.0,957.0,22201.0,71289.0,93490.0,149.0,267.0,305.761344842673,0.4873081653819476,1.0617918526647716,119.16380812093206
341.0,953.0,481.0,953.0,341.0,953.0,19600.0,73441.0,93041.0,140.0,271.0,305.026228380446,0.4589769238643441,1.0939530028186437,117.32110995282866
347.0,952.0,483.0,952.0,347.0,952.0,18496.0,76176.0,94672.0,136.0,276.0,307.688153818115,0.4420059671208345,1.1129626057759323,116.23193993315661
351.0,950.0,483.0,950.0,351.0,950.0,17424.0,76729.0,94153.0,132.0,277.0,306.843608374038,0.4301865719135132,1.1260968871127066,115.47940104562201
357.0,951.0,484.0,951.0,357.0,951.0,16129.0,76176.0,92305.0,127.0,276.0,303.8173793580611,0.41801426984966966,1.1395379760055169,114.70928338000381
364.0,950.0,486.0,950.0,364.0,950.0,14884.0,78961.0,93845.0,122.0,281.0,306.3413129174712,0.3982486032919333,1.1611896161686202,113.46873577912204
369.0,945.0,486.0,945.0,369.0,945.0,13689.0,77841.0,91530.0,117.0,279.0,302.539253651489,0.3867266762506743,1.1737168815699142,112.75097634278764
375.0,943.0,489.0,943.0,375.0,943.0,12996.0,81796.0,94792.0,114.0,286.0,307.8830946966722,0.3702704109568384,1.191496221715064,111.73229518994304
383.0,938.0,493.0,938.0,383.0,938.0,12100.0,82369.0,94469.0,110.0,287.0,307.35809733924367,0.35788873288927386,1.2047904438588273,110.97059236919604
390.0,939.0,495.0,939.0,390.0,939.0,11025.0,81796.0,92821.0,105.0,286.0,304.6653902234384,0.34464039359047016,1.2189406442679864,110.15984560648694
395.0,935.0,500.0,935.0,395.0,935.0,11025.0,84681.0,95706.0,105.0,291.0,309.3638634359223,0.3394061569888183,1.2245108193355185,109.84069808396835
401.0,935.0,500.0,935.0,401.0,935.0,9801.0,84100.0,93901.0,99.0,290.0,306.43270060488,0.323072569619952,1.2418219558471535,108.84884302327684
406.0,936.0,505.0,936.0,406.0,936.0,9801.0,86436.0,96237.0,99.0,294.0,310.2208890452092,0.31912744594569353,1.2459876779557952,108.61016472782734
413.0,931.0,508.0,931.0,413.0,931.0,9025.0,89401.0,98426.0,95.0,299.0,313.72918257631056,0.3028089361017363,1.263157738761379,107.62639270968438
418.0,933.0,509.0,933.0,418.0,933.0,8281.0,87616.0,95897.0,91.0,296.0,309.67240755353066,0.29385892246234285,1.2725348121083402,107.0891259827189
423.0,929.0,511.0,929.0,423.0,929.0,7744.0,91204.0,98948.0,88.0,302.0,314.5600101729398,0.2797558403931227,1.287256541080577,106.24563304547426
429.0,928.0,513.0,928.0,429.0,928.0,7056.0,91204.0,98260.0,84.0,302.0,313.4645115479582,0.2679729184818694,1.2995079464151102,105.54367922670144
434.0,927.0,514.0,927.0,434.0,927.0,6400.0,91809.0,98209.0,80.0,303.0,313.38315206788,0.25527856067601135,1.3126605281952768,104.79009180099725
440.0,928.0,514.0,928.0,440.0,928.0,5476.0,94864.0,100340.0,74.0,308.0,316.76489704511135,0.2336117438841762,1.3350057665111903,103.50980395328138
448.0,929.0,518.0,929.0,448.0,929.0,4900.0,91809.0,96709.0,70.0,303.0,310.9807067970616,0.22509434981019671,1.3437564568126819,103.00842633117985
453.0,925.0,518.0,925.0,453.0,925.0,4225.0,94249.0,98474.0,65.0,307.0,313.8056723515367,0.20713456042051592,1.3621512415183534,101.95448280249308
459.0,926.0,524.0,926.0,459.0,926.0,4225.0,91809.0,96034.0,65.0,303.0,309.8935301034857,0.20974945807450038,1.3594776160686413,102.10767025676034
464.0,925.0,525.0,925.0,464.0,925.0,3721.0,89401.0,93122.0,61.0,299.0,305.15897496223175,0.19989580843083415,1.3695447449256335,101.53086626144034
471.0,924.0,523.0,924.0,471.0,924.0,2704.0,93025.0,95729.0,52.0,305.0,309.40103425812913,0.16806666507978477,1.4019282191357105,99.67542986323217
476.0,925.0,528.0,925.0,476.0,925.0,2704.0,89401.0,92105.0,52.0,299.0,303.48805577814755,0.17134117475124774,1.3986055122719576,99.86580694308437
478.0,926.0,529.0,926.0,478.0,926.0,2601.0,91204.0,93805.0,51.0,302.0,306.27601930285044,0.166516464841377,1.4035005780687053,99.58534033249188
482.0,923.0,529.0,923.0,482.0,923.0,2209.0,93025.0,95234.0,47.0,305.0,308.6000648088072,0.1523006809124256,1.4179006323045913,98.76027800001613
488.0,923.0,530.0,923.0,488.0,923.0,1764.0,92416.0,94180.0,42.0,304.0,306.88760157425713,0.13685792382797624,1.4335075345008532,97.86606837289686
493.0,926.0,535.0,926.0,493.0,926.0,1764.0,93636.0,95400.0,42.0,306.0,308.86890422961,0.135980020730017,1.4343937223939491,97.81529354676688
498.0,924.0,535.0,924.0,498.0,924.0,1369.0,91809.0,93178.0,37.0,303.0,305.25071662487545,0.12121183664728144,1.4492856967838392,96.96204626560926
498.0,926.0,531.0,926.0,498.0,926.0,1089.0,90601.0,91690.0,33.0,301.0,302.80356668969404,0.10898154325182577,1.4615978937911622,96.25660934055605
503.0,922.0,535.0,922.0,503.0,922.0,1024.0,95481.0,96505.0,32.0,309.0,310.65253902068787,0.10300897620498432,1.4676043064364963,95.91246724596441
507.0,924.0,535.0,924.0,507.0,924.0,784.0,94249.0,95033.0,28.0,307.0,308.27422856930485,0.09082822177496801,1.4798427538463543,95.21125586158672
512.0,924.0,535.0,924.0,512.0,924.0,529.0,94249.0,94778.0,23.0,307.0,307.86035795470644,0.07470919657471406,1.4960174573008125,94.2845136187706
511.0,925.0,534.0,925.0,511.0,925.0,529.0,93636.0,94165.0,23.0,306.0,306.86316168611705,0.07495197492466087,1.4957739963493504,94.29846290376561
515.0,928.0,533.0,928.0,515.0,928.0,324.0,91809.0,92133.0,18.0,303.0,303.5341825890455,0.05930139349204757,1.5114601210915253,93.39971415912326
516.0,928.0,529.0,928.0,516.0,928.0,169.0,91809.0,91978.0,13.0,303.0,303.27874966769434,0.04286485622301013,1.5279183330880375,92.45672807339153
521.0,929.0,530.0,929.0,521.0,929.0,81.0,94249.0,94330.0,9.0,307.0,307.13189349203054,0.029303371583041186,1.5414887598502909,91.67919989372302
521.0,929.0,534.0,929.0,521.0,929.0,169.0,94249.0,94418.0,13.0,307.0,307.2751210234893,0.042307362720088976,1.5284763328155087,92.42475704403797
525.0,929.0,535.0,929.0,525.0,929.0,100.0,94249.0,94349.0,10.0,307.0,307.1628232713067,0.032556023198052626,1.5382345498597119,91.86565239183251
525.0,926.0,534.0,926.0,525.0,926.0,81.0,96100.0,96181.0,9.0,310.0,310.13061764359867,0.029020030554812157,1.5417722214336533,91.66295874134227
530.0,926.0,534.0,926.0,530.0,926.0,16.0,96100.0,96116.0,4.0,310.0,310.0258053775524,0.012902151790650981,1.5578938170168588,90.73925935540784
530.0,925.0,535.0,925.0,530.0,925.0,25.0,99225.0,99250.0,5.0,315.0,315.03968004046726,0.015871016626723793,1.5549246438031066,90.90938044919913
535.0,925.0,535.0,925.0,535.0,925.0,0.0,99225.0,99225.0,0.0,315.0,315.0,nan,nan,nan
536.0,924.0,536.0,924.0,536.0,924.0,0.0,99856.0,99856.0,0.0,316.0,316.0,nan,nan,nan
536.0,928.0,536.0,928.0,536.0,928.0,0.0,100489.0,100489.0,0.0,317.0,317.0,nan,nan,nan
540.0,924.0,531.0,924.0,540.0,924.0,81.0,99856.0,99937.0,9.0,316.0,316.12813857674865,0.02846946823689662,1.5423230113535782,88.36859919646778
546.0,923.0,536.0,923.0,546.0,923.0,100.0,100489.0,100589.0,10.0,317.0,317.15768948584554,0.03153005691336483,1.5392610433042866,88.19316135023946
545.0,923.0,536.0,923.0,545.0,923.0,81.0,100489.0,100570.0,9.0,317.0,317.1277345171816,0.028379731636219888,1.542412784227964,88.37374280328484
546.0,926.0,537.0,926.0,546.0,926.0,81.0,101761.0,101842.0,9.0,319.0,319.1269339933563,0.02820194424638368,1.5425906428087535,88.38393334931426
551.0,927.0,537.0,927.0,551.0,927.0,196.0,101124.0,101320.0,14.0,318.0,318.30802691732424,0.043982554054900695,1.5267995799291945,87.47917209228984
551.0,926.0,537.0,926.0,551.0,926.0,196.0,101761.0,101957.0,14.0,319.0,319.30706224573237,0.04384494317643961,1.5269373236855794,87.48706422818498
556.0,926.0,537.0,926.0,556.0,926.0,361.0,101761.0,102122.0,19.0,319.0,319.5653297840678,0.059455761402021974,1.5113054803232655,86.5914255775148
555.0,927.0,537.0,927.0,555.0,927.0,324.0,104329.0,104653.0,18.0,323.0,323.5011591942137,0.05564122256883077,1.5151263537867998,86.81034550102885
555.0,927.0,537.0,927.0,555.0,927.0,324.0,101124.0,101448.0,18.0,318.0,318.5090265596879,0.05651331202265578,1.5142528898500793,86.76029970389789
560.0,928.0,537.0,928.0,560.0,928.0,529.0,103684.0,104213.0,23.0,322.0,322.8203834952186,0.07124704998790964,1.4994888620096063,85.91438322002513
560.0,932.0,542.0,932.0,560.0,932.0,324.0,98596.0,98920.0,18.0,314.0,314.5155004129367,0.0572308836173965,1.513534154947487,86.71911922739059
560.0,931.0,542.0,931.0,560.0,931.0,324.0,99225.0,99549.0,18.0,315.0,315.5138665732459,0.05704979053851295,1.513715544388632,86.72951207681645
565.0,932.0,542.0,932.0,565.0,932.0,529.0,98596.0,99125.0,23.0,314.0,314.8412298286233,0.07305269393249268,1.497678499651554,85.81065709751938
565.0,932.0,546.0,932.0,565.0,932.0,361.0,98596.0,98957.0,19.0,314.0,314.57431554403803,0.06039908238261792,1.510360460858647,86.53727995063444
565.0,932.0,546.0,932.0,565.0,932.0,361.0,95481.0,95842.0,19.0,309.0,309.58359129643804,0.0613727617811849,1.5093849716263403,86.48138853466281
570.0,932.0,546.0,932.0,570.0,932.0,576.0,95481.0,96057.0,24.0,309.0,309.9306374013386,0.07743668132080041,1.493282045164105,85.5587588105672
569.0,932.0,546.0,932.0,569.0,932.0,529.0,95481.0,96010.0,23.0,309.0,309.8548047069788,0.07422831484491735,1.4964996779947326,85.7431155917849
570.0,932.0,547.0,932.0,570.0,932.0,529.0,95481.0,96010.0,23.0,309.0,309.8548047069788,0.07422831484491735,1.4964996779947326,85.7431155917849
570.0,932.0,547.0,932.0,570.0,932.0,529.0,95481.0,96010.0,23.0,309.0,309.8548047069788,0.07422831484491735,1.4964996779947326,85.7431155917849
570.0,932.0,547.0,932.0,570.0,932.0,529.0,95481.0,96010.0,23.0,309.0,309.8548047069788,0.07422831484491735,1.4964996779947326,85.7431155917849
570.0,931.0,547.0,931.0,570.0,931.0,529.0,96100.0,96629.0,23.0,310.0,310.85205484281425,0.07399018163682464,1.4967384678447397,85.75679724238087
575.0,931.0,547.0,931.0,575.0,931.0,784.0,96100.0,96884.0,28.0,310.0,311.26194756185663,0.0899563863148919,1.480718173094556,84.83890196663975
575.0,931.0,547.0,931.0,575.0,931.0,784.0,96100.0,96884.0,28.0,310.0,311.26194756185663,0.0899563863148919,1.480718173094556,84.83890196663975
575.0,932.0,547.0,932.0,575.0,932.0,784.0,95481.0,96265.0,28.0,309.0,310.26601489689455,0.09024514015595542,1.48042823999439,84.8222900236591
575.0,931.0,547.0,931.0,575.0,931.0,784.0,96100.0,96884.0,28.0,310.0,311.26194756185663,0.0899563863148919,1.480718173094556,84.83890196663975
575.0,936.0,547.0,936.0,575.0,936.0,784.0,93025.0,93809.0,28.0,305.0,306.28254929068356,0.09141885512199405,1.4792496529510508,84.75476196028696
575.0,931.0,552.0,931.0,575.0,931.0,529.0,96100.0,96629.0,23.0,310.0,310.85205484281425,0.07399018163682464,1.4967384678447397,85.75679724238087
575.0,936.0,547.0,936.0,575.0,936.0,784.0,90000.0,90784.0,28.0,300.0,301.3038333642637,0.09292945160159702,1.4777325980704787,84.66784111834045
575.0,936.0,547.0,936.0,575.0,936.0,784.0,90000.0,90784.0,28.0,300.0,301.3038333642637,0.09292945160159702,1.4777325980704787,84.66784111834045
575.0,932.0,552.0,932.0,575.0,932.0,529.0,92416.0,92945.0,23.0,304.0,304.8688242506931,0.07544228261623478,1.4952822964969363,85.67336476990386
575.0,936.0,552.0,936.0,575.0,936.0,529.0,90000.0,90529.0,23.0,300.0,300.8803749000589,0.07644234027440219,1.4942793424785574,85.61589973760505
575.0,936.0,552.0,936.0,575.0,936.0,529.0,90000.0,90529.0,23.0,300.0,300.8803749000589,0.07644234027440219,1.4942793424785574,85.61589973760505
575.0,935.0,552.0,935.0,575.0,935.0,529.0,90601.0,91130.0,23.0,301.0,301.8774585821207,0.07618985567199359,1.494532565562687,85.63040835160098
575.0,935.0,552.0,935.0,575.0,935.0,529.0,90601.0,91130.0,23.0,301.0,301.8774585821207,0.07618985567199359,1.494532565562687,85.63040835160098
575.0,935.0,551.0,935.0,575.0,935.0,576.0,90601.0,91177.0,24.0,301.0,301.95529470436514,0.07948196445271025,1.4912304372075111,85.44121033343892
575.0,935.0,547.0,935.0,575.0,935.0,784.0,90601.0,91385.0,28.0,301.0,302.29952034364857,0.09262336892949784,1.478040006606753,84.68545433005525
574.0,935.0,551.0,935.0,574.0,935.0,529.0,90601.0,91130.0,23.0,301.0,301.8774585821207,0.07618985567199359,1.494532565562687,85.63040835160098
574.0,935.0,551.0,935.0,574.0,935.0,529.0,90601.0,91130.0,23.0,301.0,301.8774585821207,0.07618985567199359,1.494532565562687,85.63040835160098
574.0,936.0,546.0,936.0,574.0,936.0,784.0,90000.0,90784.0,28.0,300.0,301.3038333642637,0.09292945160159702,1.4777325980704787,84.66784111834045
574.0,936.0,551.0,936.0,574.0,936.0,529.0,90000.0,90529.0,23.0,300.0,300.8803749000589,0.07644234027440219,1.4942793424785574,85.61589973760505
574.0,932.0,546.0,932.0,574.0,932.0,784.0,92416.0,93200.0,28.0,304.0,305.28675044947494,0.09171704949125857,1.4789502005301591,84.73760460040488
569.0,932.0,546.0,932.0,569.0,932.0,529.0,92416.0,92945.0,23.0,304.0,304.8688242506931,0.07544228261623478,1.4952822964969363,85.67336476990386
569.0,932.0,546.0,932.0,569.0,932.0,529.0,95481.0,96010.0,23.0,309.0,309.8548047069788,0.07422831484491735,1.4964996779947326,85.7431155917849
569.0,933.0,546.0,933.0,569.0,933.0,529.0,91809.0,92338.0,23.0,303.0,303.87168344549644,0.07568984296006431,1.4950340262977002,85.65913993530874
569.0,934.0,546.0,934.0,569.0,934.0,529.0,91204.0,91733.0,23.0,302.0,302.87456149369825,0.07593902864132929,1.4947841213754294,85.64482143798308
569.0,933.0,546.0,933.0,569.0,933.0,529.0,91809.0,92338.0,23.0,303.0,303.87168344549644,0.07568984296006431,1.4950340262977002,85.65913993530874
569.0,934.0,546.0,934.0,569.0,934.0,529.0,91204.0,91733.0,23.0,302.0,302.87456149369825,0.07593902864132929,1.4947841213754294,85.64482143798308
568.0,934.0,545.0,934.0,568.0,934.0,529.0,91204.0,91733.0,23.0,302.0,302.87456149369825,0.07593902864132929,1.4947841213754294,85.64482143798308
568.0,934.0,545.0,934.0,568.0,934.0,529.0,91204.0,91733.0,23.0,302.0,302.87456149369825,0.07593902864132929,1.4947841213754294,85.64482143798308
568.0,934.0,545.0,934.0,568.0,934.0,529.0,91204.0,91733.0,23.0,302.0,302.87456149369825,0.07593902864132929,1.4947841213754294,85.64482143798308
567.0,935.0,549.0,935.0,567.0,935.0,324.0,93636.0,93960.0,18.0,306.0,306.52895458667524,0.05872202195147034,1.512040504079174,86.63353933657021
567.0,935.0,549.0,935.0,567.0,935.0,324.0,99856.0,100180.0,18.0,316.0,316.51224304914336,0.056869838040373134,1.5138957895200615,86.73983936212512
567.0,935.0,549.0,935.0,567.0,935.0,324.0,99856.0,100180.0,18.0,316.0,316.51224304914336,0.056869838040373134,1.5138957895200615,86.73983936212512
567.0,935.0,549.0,935.0,567.0,935.0,324.0,99856.0,100180.0,18.0,316.0,316.51224304914336,0.056869838040373134,1.5138957895200615,86.73983936212512
567.0,935.0,549.0,935.0,567.0,935.0,324.0,99856.0,100180.0,18.0,316.0,316.51224304914336,0.056869838040373134,1.5138957895200615,86.73983936212512
567.0,935.0,549.0,935.0,567.0,935.0,324.0,99856.0,100180.0,18.0,316.0,316.51224304914336,0.056869838040373134,1.5138957895200615,86.73983936212512
567.0,935.0,549.0,935.0,567.0,935.0,324.0,99225.0,99549.0,18.0,315.0,315.5138665732459,0.05704979053851295,1.513715544388632,86.72951207681645
567.0,935.0,549.0,935.0,567.0,935.0,324.0,99225.0,99549.0,18.0,315.0,315.5138665732459,0.05704979053851295,1.513715544388632,86.72951207681645
567.0,935.0,549.0,935.0,567.0,935.0,324.0,99225.0,99549.0,18.0,315.0,315.5138665732459,0.05704979053851295,1.513715544388632,86.72951207681645
567.0,934.0,549.0,934.0,567.0,934.0,324.0,99856.0,100180.0,18.0,316.0,316.51224304914336,0.056869838040373134,1.5138957895200615,86.73983936212512
567.0,934.0,549.0,934.0,567.0,934.0,324.0,97344.0,97668.0,18.0,312.0,312.51879943453,0.05759653509666974,1.5131678993174227,86.69813432556501
567.0,934.0,549.0,934.0,567.0,934.0,324.0,97344.0,97668.0,18.0,312.0,312.51879943453,0.05759653509666974,1.5131678993174227,86.69813432556501
567.0,934.0,549.0,934.0,567.0,934.0,324.0,100489.0,100813.0,18.0,317.0,317.5106297433206,0.05669101539860703,1.5140749011245782,86.75010170112576
567.0,934.0,549.0,934.0,567.0,934.0,324.0,97344.0,97668.0,18.0,312.0,312.51879943453,0.05759653509666974,1.5131678993174227,86.69813432556501
567.0,934.0,549.0,934.0,567.0,934.0,324.0,97344.0,97668.0,18.0,312.0,312.51879943453,0.05759653509666974,1.5131678993174227,86.69813432556501
567.0,934.0,549.0,934.0,567.0,934.0,324.0,99856.0,100180.0,18.0,316.0,316.51224304914336,0.056869838040373134,1.5138957895200615,86.73983936212512
567.0,934.0,549.0,934.0,567.0,934.0,324.0,97344.0,97668.0,18.0,312.0,312.51879943453,0.05759653509666974,1.5131678993174227,86.69813432556501
567.0,935.0,549.0,935.0,567.0,935.0,324.0,96721.0,97045.0,18.0,311.0,311.52046481732145,0.05778111563410568,1.5129830108688946,86.68754099778363
567.0,934.0,549.0,934.0,567.0,934.0,324.0,100489.0,100813.0,18.0,317.0,317.5106297433206,0.05669101539860703,1.5140749011245782,86.75010170112576
567.0,934.0,549.0,934.0,567.0,934.0,324.0,100489.0,100813.0,18.0,317.0,317.5106297433206,0.05669101539860703,1.5140749011245782,86.75010170112576
567.0,934.0,549.0,934.0,567.0,934.0,324.0,100489.0,100813.0,18.0,317.0,317.5106297433206,0.05669101539860703,1.5140749011245782,86.75010170112576
567.0,934.0,549.0,934.0,567.0,934.0,324.0,100489.0,100813.0,18.0,317.0,317.5106297433206,0.05669101539860703,1.5140749011245782,86.75010170112576
567.0,935.0,549.0,935.0,567.0,935.0,324.0,99856.0,100180.0,18.0,316.0,316.51224304914336,0.056869838040373134,1.5138957895200615,86.73983936212512
567.0,934.0,549.0,934.0,567.0,934.0,324.0,100489.0,100813.0,18.0,317.0,317.5106297433206,0.05669101539860703,1.5140749011245782,86.75010170112576
567.0,934.0,549.0,934.0,567.0,934.0,324.0,100489.0,100813.0,18.0,317.0,317.5106297433206,0.05669101539860703,1.5140749011245782,86.75010170112576
567.0,934.0,549.0,934.0,567.0,934.0,324.0,100489.0,100813.0,18.0,317.0,317.5106297433206,0.05669101539860703,1.5140749011245782,86.75010170112576
567.0,934.0,549.0,934.0,567.0,934.0,324.0,100489.0,100813.0,18.0,317.0,317.5106297433206,0.05669101539860703,1.5140749011245782,86.75010170112576
567.0,934.0,553.0,934.0,567.0,934.0,196.0,100489.0,100685.0,14.0,317.0,317.3089976663126,0.04412103061358075,1.5266609688134705,87.47123026036525
567.0,934.0,549.0,934.0,567.0,934.0,324.0,100489.0,100813.0,18.0,317.0,317.5106297433206,0.05669101539860703,1.5140749011245782,86.75010170112576
567.0,934.0,553.0,934.0,567.0,934.0,196.0,100489.0,100685.0,14.0,317.0,317.3089976663126,0.04412103061358075,1.5266609688134705,87.47123026036525
567.0,934.0,553.0,934.0,567.0,934.0,196.0,100489.0,100685.0,14.0,317.0,317.3089976663126,0.04412103061358075,1.5266609688134705,87.47123026036525
567.0,935.0,548.0,935.0,567.0,935.0,361.0,99856.0,100217.0,19.0,316.0,316.5706872090339,0.06001819109504022,1.5107420444119497,86.55914307777029
567.0,934.0,548.0,934.0,567.0,934.0,361.0,100489.0,100850.0,19.0,317.0,317.56889016400834,0.05982953805767138,1.5109310370787734,86.56997155993821
566.0,935.0,548.0,935.0,566.0,935.0,324.0,99856.0,100180.0,18.0,316.0,316.51224304914336,0.056869838040373134,1.5138957895200615,86.73983936212512
566.0,935.0,548.0,935.0,566.0,935.0,324.0,99856.0,100180.0,18.0,316.0,316.51224304914336,0.056869838040373134,1.5138957895200615,86.73983936212512
567.0,935.0,553.0,935.0,567.0,935.0,196.0,96721.0,96917.0,14.0,311.0,311.3149530620076,0.04497053502345416,1.5258106202742137,87.42250887795072
566.0,935.0,553.0,935.0,566.0,935.0,169.0,96721.0,96890.0,13.0,311.0,311.2715855968868,0.04176417187284062,1.5290200042171003,87.60639303271518
567.0,935.0,553.0,935.0,567.0,935.0,196.0,96721.0,96917.0,14.0,311.0,311.3149530620076,0.04497053502345416,1.5258106202742137,87.42250887795072
567.0,934.0,553.0,934.0,567.0,934.0,196.0,97344.0,97540.0,14.0,312.0,312.313944613429,0.04482668879011694,1.5259546117160128,87.43075897985182
567.0,934.0,549.0,934.0,567.0,934.0,324.0,97344.0,97668.0,18.0,312.0,312.51879943453,0.05759653509666974,1.5131678993174227,86.69813432556501
567.0,934.0,549.0,934.0,567.0,934.0,324.0,97344.0,97668.0,18.0,312.0,312.51879943453,0.05759653509666974,1.5131678993174227,86.69813432556501
567.0,934.0,549.0,934.0,567.0,934.0,324.0,97344.0,97668.0,18.0,312.0,312.51879943453,0.05759653509666974,1.5131678993174227,86.69813432556501
562.0,939.0,549.0,939.0,562.0,939.0,169.0,94249.0,94418.0,13.0,307.0,307.2751210234893,0.042307362720088976,1.5284763328155087,87.57524295596203
562.0,939.0,548.0,939.0,562.0,939.0,196.0,91204.0,91400.0,14.0,302.0,302.32432915661946,0.04630788411589358,1.5244718760942897,87.34580448659338
562.0,938.0,549.0,938.0,562.0,938.0,169.0,94864.0,95033.0,13.0,308.0,308.27422856930485,0.04217024582409229,1.5286135721917913,87.58310619300602
562.0,933.0,549.0,933.0,562.0,933.0,169.0,94864.0,95033.0,13.0,308.0,308.27422856930485,0.04217024582409229,1.5286135721917913,87.58310619300602
562.0,934.0,548.0,934.0,562.0,934.0,196.0,94249.0,94445.0,14.0,307.0,307.31905245200795,0.04555526215604966,1.525225293237279,87.38897210909947
558.0,934.0,544.0,934.0,558.0,934.0,196.0,94249.0,94445.0,14.0,307.0,307.31905245200795,0.04555526215604966,1.525225293237279,87.38897210909947
557.0,935.0,544.0,935.0,557.0,935.0,169.0,93636.0,93805.0,13.0,306.0,306.27601930285044,0.042445373390939234,1.52833819806062,87.56732841750284
557.0,936.0,548.0,936.0,557.0,936.0,81.0,90601.0,90682.0,9.0,301.0,301.1345214351885,0.029886975286348958,1.5409049003889128,88.28734742331123
552.0,936.0,543.0,936.0,552.0,936.0,81.0,90601.0,90682.0,9.0,301.0,301.1345214351885,0.029886975286348958,1.5409049003889128,88.28734742331123
551.0,934.0,546.0,934.0,551.0,934.0,25.0,94249.0,94274.0,5.0,307.0,307.04071391266666,0.016284485325363654,1.5545111216515508,89.06692647678155
546.0,938.0,546.0,938.0,546.0,938.0,0.0,89401.0,89401.0,0.0,299.0,299.0,nan,nan,nan
537.0,938.0,547.0,938.0,537.0,938.0,100.0,89401.0,89501.0,10.0,299.0,299.16717734403954,0.03342612678562692,1.5373639723424994,91.91553280930776
533.0,937.0,542.0,937.0,533.0,937.0,81.0,90000.0,90081.0,9.0,300.0,300.13496963866106,0.029986509105671005,1.5408053219380187,91.71835800165546
529.0,937.0,542.0,937.0,529.0,937.0,169.0,92416.0,92585.0,13.0,304.0,304.27783356662707,0.04272411120987365,1.528059207156524,92.44865658382442
525.0,939.0,538.0,939.0,525.0,939.0,169.0,91204.0,91373.0,13.0,302.0,302.2796718272666,0.04300653074490786,1.52777652779856,92.46485291799122
520.0,940.0,538.0,940.0,520.0,940.0,324.0,93636.0,93960.0,18.0,306.0,306.52895458667524,0.05872202195147034,1.512040504079174,93.36646066342979
514.0,941.0,541.0,941.0,514.0,941.0,729.0,93025.0,93754.0,27.0,305.0,306.19274975087177,0.08817974959226849,1.4825018994045973,95.05889804398845
510.0,943.0,537.0,943.0,510.0,943.0,729.0,90601.0,91330.0,27.0,301.0,302.20853727186466,0.08934228080959536,1.4813347613692762,95.12577012752153
505.0,941.0,536.0,941.0,505.0,941.0,961.0,89401.0,90362.0,31.0,299.0,300.60272786520085,0.10312614333260912,1.467486511977664,95.91921637130551
496.0,944.0,536.0,944.0,496.0,944.0,1600.0,84100.0,85700.0,40.0,290.0,292.7456233660889,0.13663739713703102,1.433730152484709,97.85331330197822
489.0,941.0,538.0,941.0,489.0,941.0,2401.0,84681.0,87082.0,49.0,291.0,295.0965943551365,0.16604732462967883,1.4039763417442084,99.55808108183992
481.0,945.0,534.0,945.0,481.0,945.0,2809.0,82369.0,85178.0,53.0,287.0,291.8527025744322,0.18159845542798503,1.388184636019539,100.46287917117606
476.0,947.0,534.0,947.0,476.0,947.0,3364.0,82369.0,85733.0,58.0,287.0,292.8019808676164,0.19808609159042317,1.3713913925562593,101.42506114595764
467.0,947.0,533.0,947.0,467.0,947.0,4356.0,78961.0,83317.0,66.0,281.0,288.6468430452687,0.22865311570253052,1.3401024062554292,103.21778800623785
458.0,948.0,534.0,948.0,458.0,948.0,5776.0,80656.0,86432.0,76.0,284.0,293.99319720020736,0.2585093829509413,1.3093175110826474,104.98163257239092
449.0,952.0,529.0,952.0,449.0,952.0,6400.0,76729.0,83129.0,80.0,277.0,288.3210016630769,0.27746851439384757,1.2896381715258551,106.10917567259996
436.0,952.0,526.0,952.0,436.0,952.0,8100.0,79524.0,87624.0,90.0,282.0,296.01351320505626,0.3040401737931966,1.2618655828711551,107.70042778866718
427.0,954.0,521.0,954.0,427.0,954.0,8836.0,73984.0,82820.0,94.0,272.0,287.7846417027844,0.32663313595824356,1.2380572037155209,109.06454743133227
414.0,958.0,513.0,958.0,414.0,958.0,9801.0,72900.0,82701.0,99.0,270.0,287.57781555606823,0.3442546491584232,1.219351532791345,110.13630342824813
405.0,957.0,503.0,957.0,405.0,957.0,9604.0,67600.0,77204.0,98.0,260.0,277.8560778532656,0.35270058066447374,1.2103407381524909,110.65258393111358
392.0,958.0,499.0,958.0,392.0,958.0,11449.0,69696.0,81145.0,107.0,264.0,284.8596145472362,0.3756236213759847,1.1857267479788964,112.06286168503702
380.0,960.0,496.0,960.0,380.0,960.0,13456.0,70225.0,83681.0,116.0,265.0,289.2766841624122,0.40100017163800417,1.1581879437907516,113.64071893785491
372.0,959.0,496.0,959.0,372.0,959.0,15376.0,70225.0,85601.0,124.0,265.0,292.5764857263823,0.42382079917374105,1.1331367494253934,115.07604664675185
366.0,958.0,487.0,958.0,366.0,958.0,14641.0,77284.0,91925.0,121.0,278.0,303.1913587159106,0.3990878912659798,1.160274457078715,113.52117053255665
358.0,956.0,481.0,956.0,358.0,956.0,15129.0,77841.0,92970.0,123.0,279.0,304.9098227345259,0.4033979584419348,1.155568991239665,113.7907738657772
348.0,951.0,469.0,951.0,348.0,951.0,14641.0,82944.0,97585.0,121.0,288.0,312.385979198811,0.38734132789933023,1.173050278488002,112.78916988599163
341.0,948.0,454.0,948.0,341.0,948.0,12769.0,85849.0,98618.0,113.0,293.0,314.03502989316337,0.3598324684938597,1.202707998489953,111.08990769989911
333.0,946.0,448.0,946.0,333.0,946.0,13225.0,85264.0,98489.0,115.0,292.0,313.8295715830489,0.36644092976932063,1.1956153431265513,111.49628691776286
325.0,939.0,440.0,939.0,325.0,939.0,13225.0,87025.0,100250.0,115.0,295.0,316.62280397975127,0.36320820406654764,1.1990873766763117,111.29735404903376
320.0,932.0,434.0,932.0,320.0,932.0,12996.0,89401.0,102397.0,114.0,299.0,319.9953124656672,0.3562552186205266,1.206539244857853,110.87039345274361
315.0,921.0,427.0,921.0,315.0,921.0,12544.0,94864.0,107408.0,112.0,308.0,327.7315975001495,0.3417430630867043,1.2220253232109897,109.98310652189997
314.0,916.0,421.0,916.0,314.0,916.0,11449.0,96721.0,108170.0,107.0,311.0,328.89207956410263,0.3253346816433297,1.239430684098552,108.98585280214057
311.0,905.0,421.0,905.0,311.0,905.0,12100.0,94249.0,106349.0,110.0,307.0,326.11194397016493,0.33730748607620326,1.2267410336045592,109.71291621894247
306.0,893.0,414.0,893.0,306.0,893.0,11664.0,87025.0,98689.0,108.0,295.0,314.14805426741066,0.3437869454638344,1.2198496399428176,110.10776399072347
302.0,882.0,406.0,882.0,302.0,882.0,10816.0,88804.0,99620.0,104.0,298.0,315.6263613832026,0.32950352924967946,1.2350186363540905,109.23864451690844
302.0,869.0,402.0,869.0,302.0,869.0,10000.0,76729.0,86729.0,100.0,277.0,294.4978777512666,0.33956102082494516,1.2243461777617157,109.85013135127964
301.0,855.0,399.0,855.0,301.0,855.0,9604.0,72361.0,81965.0,98.0,269.0,286.29530209208815,0.342303905386746,1.2214284865167122,110.01730274554062
299.0,844.0,392.0,844.0,299.0,844.0,8649.0,74529.0,83178.0,93.0,273.0,288.4059638773096,0.32246212508824196,1.242466919945238,108.81188930251913
290.0,835.0,385.0,835.0,290.0,835.0,9025.0,74529.0,83554.0,95.0,273.0,289.05708778717053,0.32865480216125137,1.2359174238447146,109.18714778701651
290.0,824.0,376.0,824.0,290.0,824.0,7396.0,78961.0,86357.0,86.0,281.0,293.86561554560956,0.2926507745396716,1.273798519925567,107.01672085825412
295.0,804.0,369.0,804.0,295.0,804.0,5476.0,85264.0,90740.0,74.0,292.0,301.2308085173228,0.24565880350762495,1.3225970628867942,104.22077030018797
293.0,791.0,363.0,791.0,293.0,791.0,4900.0,91204.0,96104.0,70.0,302.0,310.00645154577023,0.22580175235374095,1.3430303610541368,103.05002855366683
291.0,781.0,357.0,781.0,291.0,781.0,4356.0,91809.0,96165.0,66.0,303.0,310.10482098800077,0.21283126069992253,1.3563246280466572,102.28832316327534
292.0,768.0,346.0,768.0,292.0,768.0,2916.0,104329.0,107245.0,54.0,323.0,327.48282397707516,0.16489414420030826,1.4051456413903118,99.49108514713205
290.0,763.0,343.0,763.0,290.0,763.0,2809.0,99856.0,102665.0,53.0,316.0,320.41379495895615,0.16541110537013273,1.4046214824751966,99.52111724076231
289.0,747.0,341.0,747.0,289.0,747.0,2704.0,99225.0,101929.0,52.0,315.0,319.2632142919068,0.1628750124417894,1.4071924473275401,99.37381180544655
290.0,736.0,337.0,736.0,290.0,736.0,2209.0,106276.0,108485.0,47.0,326.0,329.3706119252293,0.14269639821621216,1.4276111664196793,98.20390537840377
288.0,725.0,330.0,725.0,288.0,725.0,1764.0,104976.0,106740.0,42.0,324.0,326.71088136148757,0.12855402864139476,1.441885555110905,97.38604315126727
288.0,720.0,329.0,720.0,288.0,720.0,1681.0,104329.0,106010.0,41.0,323.0,325.59176893772974,0.12592455925334328,1.4445365726469352,97.23415103503757
293.0,708.0,323.0,708.0,293.0,708.0,900.0,108241.0,109141.0,30.0,329.0,330.3649497147057,0.09080866485959602,1.4798623919167149,95.21013068303728
293.0,699.0,311.0,699.0,293.0,699.0,324.0,120409.0,120733.0,18.0,347.0,347.4665451521916,0.05180354843116173,1.5189695802719365,92.96945384165993
291.0,696.0,309.0,696.0,291.0,696.0,324.0,116964.0,117288.0,18.0,342.0,342.47335662792807,0.05255883312276367,1.5182132651839548,93.01278750418334
290.0,693.0,314.0,693.0,290.0,693.0,576.0,116281.0,116857.0,24.0,341.0,341.84353145847297,0.070207559281886,1.5005309625077397,94.02590881960334
289.0,686.0,308.0,686.0,289.0,686.0,361.0,120409.0,120770.0,19.0,347.0,347.51978360950903,0.05467314638221969,1.5160959059767034,93.13410325047201
289.0,685.0,308.0,685.0,289.0,685.0,361.0,119716.0,120077.0,19.0,346.0,346.5212836176156,0.054830686882039834,1.5159381288091993,93.14314321627353
284.0,674.0,309.0,674.0,284.0,674.0,625.0,122500.0,123125.0,25.0,350.0,350.891721190455,0.07124704998790964,1.4994888620096063,94.08561677997487
287.0,679.0,312.0,679.0,287.0,679.0,625.0,109561.0,110186.0,25.0,331.0,331.94276615103394,0.07531418831590082,1.4954107562636187,94.31927502762801
284.0,674.0,309.0,674.0,284.0,674.0,625.0,120409.0,121034.0,25.0,347.0,347.89941074971654,0.07185985151893612,1.4988744856789609,94.12081795075359
287.0,670.0,312.0,670.0,287.0,670.0,625.0,119025.0,119650.0,25.0,345.0,345.90461112855957,0.07227426057847045,1.4984589962563017,94.14462374110428
285.0,668.0,316.0,668.0,285.0,668.0,961.0,116964.0,117925.0,31.0,342.0,343.4020966738555,0.09027318208089481,1.4804000831419581,95.17932324514963
287.0,675.0,312.0,675.0,287.0,675.0,625.0,112225.0,112850.0,25.0,335.0,335.9315406448165,0.07441992482162528,1.4963075365810148,94.26789330029081
290.0,675.0,308.0,675.0,290.0,675.0,324.0,111556.0,111880.0,18.0,334.0,334.4846782739084,0.053814124141315256,1.5169561948215942,93.08481233049758
289.0,670.0,308.0,670.0,289.0,670.0,361.0,115600.0,115961.0,19.0,340.0,340.5304685340212,0.05579530102488252,1.5149720356020806,93.19849627965769
289.0,672.0,307.0,672.0,289.0,672.0,324.0,114244.0,114568.0,18.0,338.0,338.47895060106765,0.05317908238617431,1.5175921472514058,93.04837494029829
291.0,670.0,309.0,670.0,291.0,670.0,324.0,119716.0,120040.0,18.0,346.0,346.4678917302439,0.051952866137490755,1.5188200612259855,92.97802065194975
291.0,674.0,303.0,674.0,291.0,674.0,144.0,116964.0,117108.0,12.0,342.0,342.21046155838076,0.035066140133044446,1.5357229962616712,92.00955381302114
291.0,672.0,303.0,672.0,291.0,672.0,144.0,118336.0,118480.0,12.0,344.0,344.20923869065456,0.03486251573504266,1.5359267452401069,91.99787985647667
291.0,673.0,309.0,673.0,291.0,673.0,324.0,121801.0,122125.0,18.0,349.0,349.4638751001311,0.05150746982028543,1.519266054688213,92.95246710887368
289.0,671.0,308.0,671.0,289.0,671.0,361.0,119025.0,119386.0,19.0,345.0,345.52279230175253,0.05498913652968771,1.515779439749219,93.1522354296653
288.0,675.0,306.0,675.0,288.0,675.0,324.0,125316.0,125640.0,18.0,354.0,354.4573317058063,0.050781852679914946,1.519992622736675,92.91083782616775
289.0,675.0,307.0,675.0,289.0,675.0,324.0,125316.0,125640.0,18.0,354.0,354.4573317058063,0.050781852679914946,1.519992622736675,92.91083782616775
288.0,673.0,306.0,673.0,288.0,673.0,324.0,118336.0,118660.0,18.0,344.0,344.4706083252967,0.0522540953131244,1.518518422330418,92.99530328760275
288.0,675.0,306.0,675.0,288.0,675.0,324.0,121104.0,121428.0,18.0,348.0,348.4652062975585,0.0516550854280401,1.5191182423124667,92.96093613416375
288.0,673.0,306.0,673.0,288.0,673.0,324.0,122500.0,122824.0,18.0,350.0,350.46255149445,0.05136069438302041,1.5194130246562914,92.94404634998762
289.0,672.0,307.0,672.0,289.0,672.0,324.0,123201.0,123525.0,18.0,351.0,351.4612354157994,0.0512147519731584,1.519559159391478,92.93567344642116
288.0,671.0,306.0,671.0,288.0,671.0,324.0,123201.0,123525.0,18.0,351.0,351.4612354157994,0.0512147519731584,1.519559159391478,92.93567344642116
288.0,672.0,311.0,672.0,288.0,672.0,529.0,127449.0,127978.0,23.0,357.0,357.7401291440478,0.06429247972552392,1.5064594720717008,93.68623024278543
288.0,672.0,313.0,672.0,288.0,672.0,625.0,123201.0,123826.0,25.0,351.0,351.8891871029856,0.07104509293342787,1.4996913321424945,94.07401609588293
288.0,676.0,313.0,676.0,288.0,676.0,625.0,120409.0,121034.0,25.0,347.0,347.89941074971654,0.07185985151893612,1.4988744856789609,94.12081795075359
289.0,673.0,314.0,673.0,289.0,673.0,625.0,122500.0,123125.0,25.0,350.0,350.891721190455,0.07124704998790964,1.4994888620096063,94.08561677997487
290.0,676.0,314.0,676.0,290.0,676.0,576.0,120409.0,120985.0,24.0,347.0,347.82898096622137,0.06899942590560247,1.5017420331249551,93.9565195845446
290.0,672.0,314.0,672.0,290.0,672.0,576.0,119025.0,119601.0,24.0,345.0,345.83377510011945,0.06939750171322034,1.5013430007995745,93.97938245267821
291.0,672.0,315.0,672.0,291.0,672.0,576.0,119025.0,119601.0,24.0,345.0,345.83377510011945,0.06939750171322034,1.5013430007995745,93.97938245267821
291.0,672.0,316.0,672.0,291.0,672.0,625.0,115600.0,116225.0,25.0,340.0,340.91787867461574,0.07333144303605414,1.497399000893285,94.20535700170859
290.0,670.0,309.0,670.0,290.0,670.0,361.0,124609.0,124970.0,19.0,353.0,353.5109616405126,0.053746565345040735,1.517023851531345,93.08093588657313
291.0,675.0,309.0,675.0,291.0,675.0,324.0,121104.0,121428.0,18.0,348.0,348.4652062975585,0.0516550854280401,1.5191182423124667,92.96093613416375
286.0,675.0,310.0,675.0,286.0,675.0,576.0,120409.0,120985.0,24.0,347.0,347.82898096622137,0.06899942590560247,1.5017420331249551,93.9565195845446
286.0,673.0,310.0,673.0,286.0,673.0,576.0,122500.0,123076.0,24.0,350.0,350.821892133316,0.06841078204686196,1.502332071245065,93.92271289051047
285.0,672.0,310.0,672.0,285.0,672.0,625.0,123904.0,124529.0,25.0,352.0,352.88666735936624,0.07084427469893885,1.4998926576670462,94.06248099301786
284.0,678.0,309.0,678.0,284.0,678.0,625.0,120409.0,121034.0,25.0,347.0,347.89941074971654,0.07185985151893612,1.4988744856789609,94.12081795075359
284.0,677.0,309.0,677.0,284.0,677.0,625.0,120409.0,121034.0,25.0,347.0,347.89941074971654,0.07185985151893612,1.4988744856789609,94.12081795075359
284.0,674.0,309.0,674.0,284.0,674.0,625.0,118336.0,118961.0,25.0,344.0,344.90723390500233,0.07248325793852656,1.498249449299895,94.15662989731621
289.0,674.0,308.0,674.0,289.0,674.0,361.0,118336.0,118697.0,19.0,344.0,344.52430973735363,0.05514850320572314,1.515619830876321,93.1613803444552
288.0,675.0,307.0,675.0,288.0,675.0,361.0,117649.0,118010.0,19.0,343.0,343.5258360007293,0.05530879488190711,1.5154592941781655,93.17057841971646
288.0,675.0,306.0,675.0,288.0,675.0,324.0,117649.0,117973.0,18.0,343.0,343.4719784785944,0.05240602182376221,1.5183662873709778,93.00401997869507
281.0,680.0,307.0,680.0,281.0,680.0,676.0,114244.0,114920.0,26.0,338.0,338.9985250705377,0.07669649888473705,1.4940244355251187,94.39870535499553
288.0,673.0,306.0,673.0,288.0,673.0,324.0,118336.0,118660.0,18.0,344.0,344.4706083252967,0.0522540953131244,1.518518422330418,92.99530328760275
287.0,671.0,306.0,671.0,287.0,671.0,361.0,124609.0,124970.0,19.0,353.0,353.5109616405126,0.053746565345040735,1.517023851531345,93.08093588657313
287.0,677.0,306.0,677.0,287.0,677.0,361.0,124609.0,124970.0,19.0,353.0,353.5109616405126,0.053746565345040735,1.517023851531345,93.08093588657313
287.0,676.0,312.0,676.0,287.0,676.0,625.0,125316.0,125941.0,25.0,354.0,354.8816704198739,0.07044601647197375,1.5002919134330444,94.0396053226799
287.0,674.0,306.0,674.0,287.0,674.0,361.0,122500.0,122861.0,19.0,350.0,350.5153348999156,0.05420590230503086,1.516563843977702,93.10729237794101
287.0,674.0,306.0,674.0,287.0,674.0,361.0,121801.0,122162.0,19.0,349.0,349.516809323958,0.05436076175206039,1.5164087558644088,93.11617827228535
287.0,675.0,306.0,675.0,287.0,675.0,361.0,126025.0,126386.0,19.0,355.0,355.50808710914015,0.0534446351263088,1.5173262163332322,93.06361165955168
287.0,680.0,306.0,680.0,287.0,680.0,361.0,122500.0,122861.0,19.0,350.0,350.5153348999156,0.05420590230503086,1.516563843977702,93.10729237794101
287.0,673.0,306.0,673.0,287.0,673.0,361.0,127449.0,127810.0,19.0,357.0,357.50524471677335,0.053146073465446315,1.5176252029171349,93.04648099016302
288.0,674.0,307.0,674.0,288.0,674.0,361.0,121801.0,122162.0,19.0,349.0,349.516809323958,0.05436076175206039,1.5164087558644088,93.11617827228535
282.0,680.0,307.0,680.0,282.0,680.0,625.0,121801.0,122426.0,25.0,349.0,349.89426974444723,0.07145015555201657,1.4992852374960288,94.09728360520826
282.0,673.0,307.0,673.0,282.0,673.0,625.0,126736.0,127361.0,25.0,356.0,356.87672941787616,0.07005219993127333,1.5006867053177202,94.01698541390196
288.0,672.0,307.0,672.0,288.0,672.0,361.0,126736.0,127097.0,19.0,356.0,356.506661929339,0.0532949367542699,1.5174761283574205,93.05502233326743
288.0,673.0,307.0,673.0,288.0,673.0,361.0,126025.0,126386.0,19.0,355.0,355.50808710914015,0.0534446351263088,1.5173262163332322,93.06361165955168
288.0,673.0,307.0,673.0,288.0,673.0,361.0,126025.0,126386.0,19.0,355.0,355.50808710914015,0.0534446351263088,1.5173262163332322,93.06361165955168
288.0,673.0,307.0,673.0,288.0,673.0,361.0,121104.0,121465.0,19.0,348.0,348.5182922028627,0.054516507239570175,1.5162527790815865,93.1251150836431
288.0,672.0,307.0,672.0,288.0,672.0,361.0,126025.0,126386.0,19.0,355.0,355.50808710914015,0.0534446351263088,1.5173262163332322,93.06361165955168
288.0,675.0,307.0,675.0,288.0,675.0,361.0,120409.0,120770.0,19.0,347.0,347.51978360950903,0.05467314638221969,1.5160959059767034,93.13410325047201
288.0,676.0,307.0,676.0,288.0,676.0,361.0,123904.0,124265.0,19.0,352.0,352.51241112902676,0.05389881150325119,1.5168713843731503,93.08967161125203
288.0,676.0,307.0,676.0,288.0,676.0,361.0,119716.0,120077.0,19.0,346.0,346.5212836176156,0.054830686882039834,1.5159381288091993,93.14314321627353
287.0,682.0,306.0,682.0,287.0,682.0,361.0,119716.0,120077.0,19.0,346.0,346.5212836176156,0.054830686882039834,1.5159381288091993,93.14314321627353
287.0,675.0,306.0,675.0,287.0,675.0,361.0,125316.0,125677.0,19.0,354.0,354.5095203235027,0.053595175618025195,1.5171754597744802,93.07224937410209
286.0,675.0,305.0,675.0,286.0,675.0,361.0,124609.0,124970.0,19.0,353.0,353.5109616405126,0.053746565345040735,1.517023851531345,93.08093588657313
286.0,676.0,305.0,676.0,286.0,676.0,361.0,123904.0,124265.0,19.0,352.0,352.51241112902676,0.05389881150325119,1.5168713843731503,93.08967161125203
286.0,678.0,305.0,678.0,286.0,678.0,361.0,122500.0,122861.0,19.0,350.0,350.5153348999156,0.05420590230503086,1.516563843977702,93.10729237794101
286.0,679.0,305.0,679.0,286.0,679.0,361.0,116964.0,117325.0,19.0,342.0,342.527371169079,0.055470019622522904,1.5152978215491797,93.17983011986423
286.0,674.0,305.0,674.0,286.0,674.0,361.0,116281.0,116642.0,19.0,341.0,341.528915320504,0.05563218558572021,1.515135404789198,93.18913591473337
286.0,681.0,305.0,681.0,286.0,681.0,361.0,111556.0,111917.0,19.0,334.0,334.53998266276034,0.05679440719991107,1.5139713424730938,93.25583177253637
286.0,674.0,305.0,674.0,286.0,674.0,361.0,116281.0,116642.0,19.0,341.0,341.528915320504,0.05563218558572021,1.515135404789198,93.18913591473337
286.0,676.0,305.0,676.0,286.0,676.0,361.0,114921.0,115282.0,19.0,339.0,339.532030889576,0.05595937429001878,1.5148077055943054,93.20791169555055
286.0,676.0,305.0,676.0,286.0,676.0,361.0,119716.0,120077.0,19.0,346.0,346.5212836176156,0.054830686882039834,1.5159381288091993,93.14314321627353
286.0,676.0,305.0,676.0,286.0,676.0,361.0,119025.0,119386.0,19.0,345.0,345.52279230175253,0.05498913652968771,1.515779439749219,93.1522354296653
286.0,676.0,305.0,676.0,286.0,676.0,361.0,119025.0,119386.0,19.0,345.0,345.52279230175253,0.05498913652968771,1.515779439749219,93.1522354296653
293.0,676.0,305.0,676.0,293.0,676.0,144.0,119025.0,119169.0,12.0,345.0,345.20863256876993,0.03476158724857336,1.5360277349388143,91.99209357296644
287.0,676.0,305.0,676.0,287.0,676.0,324.0,114921.0,115245.0,18.0,339.0,339.4775397577872,0.05302265361308664,1.5177487970334256,93.03939956892691
287.0,677.0,299.0,677.0,287.0,677.0,144.0,118336.0,118480.0,12.0,344.0,344.20923869065456,0.03486251573504266,1.5359267452401069,91.99787985647667
293.0,678.0,305.0,678.0,293.0,678.0,144.0,118336.0,118480.0,12.0,344.0,344.20923869065456,0.03486251573504266,1.5359267452401069,91.99787985647667
292.0,678.0,305.0,678.0,292.0,678.0,169.0,121801.0,121970.0,13.0,349.0,349.24203641600764,0.03722346866777158,1.5335642567062517,92.13324047861462
293.0,677.0,305.0,677.0,293.0,677.0,144.0,118336.0,118480.0,12.0,344.0,344.20923869065456,0.03486251573504266,1.5359267452401069,91.99787985647667
292.0,678.0,305.0,678.0,292.0,678.0,169.0,122500.0,122669.0,13.0,350.0,350.2413453605956,0.037117262631045686,1.5336705361881886,92.1271511128508
292.0,678.0,305.0,678.0,292.0,678.0,169.0,121801.0,121970.0,13.0,349.0,349.24203641600764,0.03722346866777158,1.5335642567062517,92.13324047861462
292.0,678.0,305.0,678.0,292.0,678.0,169.0,121801.0,121970.0,13.0,349.0,349.24203641600764,0.03722346866777158,1.5335642567062517,92.13324047861462
292.0,678.0,305.0,678.0,292.0,678.0,169.0,121801.0,121970.0,13.0,349.0,349.24203641600764,0.03722346866777158,1.5335642567062517,92.13324047861462
292.0,678.0,305.0,678.0,292.0,678.0,169.0,121801.0,121970.0,13.0,349.0,349.24203641600764,0.03722346866777158,1.5335642567062517,92.13324047861462
292.0,679.0,305.0,679.0,292.0,679.0,169.0,121104.0,121273.0,13.0,348.0,348.2427314388629,0.037330283811773585,1.533457367271446,92.13936479210354
286.0,679.0,305.0,679.0,286.0,679.0,361.0,116964.0,117325.0,19.0,342.0,342.527371169079,0.055470019622522904,1.5152978215491797,93.17983011986423
293.0,679.0,305.0,679.0,293.0,679.0,144.0,121801.0,121945.0,12.0,349.0,349.20624278497655,0.03436364683603033,1.5364259132518925,91.96927963613342
287.0,679.0,305.0,679.0,287.0,679.0,324.0,121801.0,122125.0,18.0,349.0,349.4638751001311,0.05150746982028543,1.519266054688213,92.95246710887368
293.0,679.0,305.0,679.0,293.0,679.0,144.0,121801.0,121945.0,12.0,349.0,349.20624278497655,0.03436364683603033,1.5364259132518925,91.96927963613342
287.0,679.0,305.0,679.0,287.0,679.0,324.0,121801.0,122125.0,18.0,349.0,349.4638751001311,0.05150746982028543,1.519266054688213,92.95246710887368
293.0,680.0,305.0,680.0,293.0,680.0,144.0,116964.0,117108.0,12.0,342.0,342.21046155838076,0.035066140133044446,1.5357229962616712,92.00955381302114
292.0,679.0,299.0,679.0,292.0,679.0,49.0,117649.0,117698.0,7.0,343.0,343.0714211355997,0.020403914662519312,1.5503909961083586,91.16913932790742
293.0,679.0,305.0,679.0,293.0,679.0,144.0,121801.0,121945.0,12.0,349.0,349.20624278497655,0.03436364683603033,1.5364259132518925,91.96927963613342
293.0,678.0,305.0,678.0,293.0,678.0,144.0,122500.0,122644.0,12.0,350.0,350.20565386641033,0.03426558043114155,1.5365240374440972,91.96365753405196
292.0,679.0,299.0,679.0,292.0,679.0,49.0,121801.0,121850.0,7.0,349.0,349.07019351414124,0.020053273324571103,1.55074170921065,91.14904494732617
292.0,679.0,298.0,679.0,292.0,679.0,36.0,117649.0,117685.0,6.0,343.0,343.05247412021384,0.017490035643635837,1.5533053993242472,91.00215632383764
292.0,679.0,298.0,679.0,292.0,679.0,36.0,117649.0,117685.0,6.0,343.0,343.05247412021384,0.017490035643635837,1.5533053993242472,91.00215632383764
291.0,679.0,298.0,679.0,291.0,679.0,49.0,117649.0,117698.0,7.0,343.0,343.0714211355997,0.020403914662519312,1.5503909961083586,91.16913932790742
291.0,679.0,297.0,679.0,291.0,679.0,36.0,117649.0,117685.0,6.0,343.0,343.05247412021384,0.017490035643635837,1.5533053993242472,91.00215632383764
291.0,679.0,297.0,679.0,291.0,679.0,36.0,117649.0,117685.0,6.0,343.0,343.05247412021384,0.017490035643635837,1.5533053993242472,91.00215632383764
291.0,679.0,297.0,679.0,291.0,679.0,36.0,113569.0,113605.0,6.0,337.0,337.0534082308025,0.017801333122528188,1.5529940533683997,91.01999513307616
291.0,679.0,297.0,679.0,291.0,679.0,36.0,113569.0,113605.0,6.0,337.0,337.0534082308025,0.017801333122528188,1.5529940533683997,91.01999513307616
291.0,679.0,297.0,679.0,291.0,679.0,36.0,117649.0,117685.0,6.0,343.0,343.05247412021384,0.017490035643635837,1.5533053993242472,91.00215632383764
285.0,684.0,303.0,684.0,285.0,684.0,324.0,118336.0,118660.0,18.0,344.0,344.4706083252967,0.0522540953131244,1.518518422330418,92.99530328760275
285.0,684.0,304.0,684.0,285.0,684.0,361.0,118336.0,118697.0,19.0,344.0,344.52430973735363,0.05514850320572314,1.515619830876321,93.1613803444552
292.0,679.0,298.0,679.0,292.0,679.0,36.0,117649.0,117685.0,6.0,343.0,343.05247412021384,0.017490035643635837,1.5533053993242472,91.00215632383764
286.0,683.0,304.0,683.0,286.0,683.0,324.0,119025.0,119349.0,18.0,345.0,345.469246098694,0.052103045939023304,1.5186696777492505,92.98663699047516
286.0,678.0,304.0,678.0,286.0,678.0,324.0,122500.0,122824.0,18.0,350.0,350.46255149445,0.05136069438302041,1.5194130246562914,92.94404634998762
286.0,678.0,304.0,678.0,286.0,678.0,324.0,122500.0,122824.0,18.0,350.0,350.46255149445,0.05136069438302041,1.5194130246562914,92.94404634998762
286.0,678.0,304.0,678.0,286.0,678.0,324.0,122500.0,122824.0,18.0,350.0,350.46255149445,0.05136069438302041,1.5194130246562914,92.94404634998762
286.0,678.0,305.0,678.0,286.0,678.0,361.0,122500.0,122861.0,19.0,350.0,350.5153348999156,0.05420590230503086,1.516563843977702,93.10729237794101
286.0,679.0,305.0,679.0,286.0,679.0,361.0,117649.0,118010.0,19.0,343.0,343.5258360007293,0.05530879488190711,1.5154592941781655,93.17057841971646
286.0,680.0,305.0,680.0,286.0,680.0,361.0,116964.0,117325.0,19.0,342.0,342.527371169079,0.055470019622522904,1.5152978215491797,93.17983011986423
292.0,681.0,304.0,681.0,292.0,681.0,144.0,112225.0,112369.0,12.0,335.0,335.2148564726808,0.03579793606485926,1.5349907405214265,92.05150897646139
292.0,681.0,304.0,681.0,292.0,681.0,144.0,112225.0,112369.0,12.0,335.0,335.2148564726808,0.03579793606485926,1.5349907405214265,92.05150897646139
292.0,682.0,304.0,682.0,292.0,682.0,144.0,111556.0,111700.0,12.0,334.0,334.21549934136806,0.03590497754786407,1.5348836301803326,92.05764594694827
292.0,681.0,304.0,681.0,292.0,681.0,144.0,112896.0,113040.0,12.0,336.0,336.2142174269256,0.03569153051241249,1.5350972141155725,92.04540848888723
292.0,681.0,304.0,681.0,292.0,681.0,144.0,112896.0,113040.0,12.0,336.0,336.2142174269256,0.03569153051241249,1.5350972141155725,92.04540848888723
292.0,681.0,304.0,681.0,292.0,681.0,144.0,112896.0,113040.0,12.0,336.0,336.2142174269256,0.03569153051241249,1.5350972141155725,92.04540848888723
286.0,680.0,304.0,680.0,286.0,680.0,324.0,112896.0,113220.0,18.0,336.0,336.48179742743883,0.0534947213716119,1.5172760583355815,93.06648550112588
285.0,681.0,298.0,681.0,285.0,681.0,169.0,108241.0,108410.0,13.0,329.0,329.2567387313432,0.039482866926551625,1.5313031943797455,92.26278980713946
286.0,680.0,298.0,680.0,286.0,680.0,144.0,108900.0,109044.0,12.0,330.0,330.21810973960834,0.03633961810714298,1.534448705775876,92.08256527973087
285.0,680.0,303.0,680.0,285.0,680.0,324.0,112896.0,113220.0,18.0,336.0,336.48179742743883,0.0534947213716119,1.5172760583355815,93.06648550112588
285.0,680.0,297.0,680.0,285.0,680.0,144.0,108900.0,109044.0,12.0,330.0,330.21810973960834,0.03633961810714298,1.534448705775876,92.08256527973087
285.0,680.0,304.0,680.0,285.0,680.0,361.0,112896.0,113257.0,19.0,336.0,336.53677362214074,0.05645742602064926,1.5143088652208576,93.23649314359984
285.0,682.0,303.0,682.0,285.0,682.0,324.0,112225.0,112549.0,18.0,335.0,335.4832335601885,0.05365394809446013,1.5171166026124725,93.07562164107924
286.0,682.0,304.0,682.0,286.0,682.0,324.0,112225.0,112549.0,18.0,335.0,335.4832335601885,0.05365394809446013,1.5171166026124725,93.07562164107924
286.0,681.0,304.0,681.0,286.0,681.0,324.0,112896.0,113220.0,18.0,336.0,336.48179742743883,0.0534947213716119,1.5172760583355815,93.06648550112588
286.0,681.0,304.0,681.0,286.0,681.0,324.0,112896.0,113220.0,18.0,336.0,336.48179742743883,0.0534947213716119,1.5172760583355815,93.06648550112588
287.0,681.0,305.0,681.0,287.0,681.0,324.0,112225.0,112549.0,18.0,335.0,335.4832335601885,0.05365394809446013,1.5171166026124725,93.07562164107924
287.0,681.0,305.0,681.0,287.0,681.0,324.0,112225.0,112549.0,18.0,335.0,335.4832335601885,0.05365394809446013,1.5171166026124725,93.07562164107924
286.0,682.0,305.0,682.0,286.0,682.0,361.0,115600.0,115961.0,19.0,340.0,340.5304685340212,0.05579530102488252,1.5149720356020806,93.19849627965769
287.0,682.0,305.0,682.0,287.0,682.0,324.0,116281.0,116605.0,18.0,341.0,341.4747428434496,0.05271253695109208,1.5180593479926199,93.02160630964134
287.0,682.0,306.0,682.0,287.0,682.0,361.0,112225.0,112586.0,19.0,335.0,335.538373364359,0.05662541607236088,1.5141406059969693,93.24613368699279
288.0,682.0,306.0,682.0,288.0,682.0,324.0,112225.0,112549.0,18.0,335.0,335.4832335601885,0.05365394809446013,1.5171166026124725,93.07562164107924
288.0,682.0,306.0,682.0,288.0,682.0,324.0,112225.0,112549.0,18.0,335.0,335.4832335601885,0.05365394809446013,1.5171166026124725,93.07562164107924
288.0,681.0,307.0,681.0,288.0,681.0,361.0,108900.0,109261.0,19.0,330.0,330.5465171500072,0.05748056329202676,1.5132840635731586,93.29520995285105
289.0,681.0,301.0,681.0,289.0,681.0,144.0,108900.0,109044.0,12.0,330.0,330.21810973960834,0.03633961810714298,1.534448705775876,92.08256527973087
282.0,682.0,301.0,682.0,282.0,682.0,361.0,108241.0,108602.0,19.0,329.0,329.548175537356,0.0576546963703225,1.5131096412341796,93.30520361672735
288.0,683.0,300.0,683.0,288.0,683.0,144.0,107584.0,107728.0,12.0,328.0,328.219438790575,0.03656090585072497,1.5342272708813554,92.09525256462383
288.0,678.0,307.0,678.0,288.0,678.0,361.0,111556.0,111917.0,19.0,334.0,334.53998266276034,0.05679440719991107,1.5139713424730938,93.25583177253637
283.0,684.0,307.0,684.0,283.0,684.0,576.0,107584.0,108160.0,24.0,328.0,328.87687665751145,0.072975638311578,1.4977557614917774,94.1849161251184
283.0,684.0,307.0,684.0,283.0,684.0,576.0,107584.0,108160.0,24.0,328.0,328.87687665751145,0.072975638311578,1.4977557614917774,94.1849161251184
282.0,683.0,301.0,683.0,282.0,683.0,361.0,108241.0,108602.0,19.0,329.0,329.548175537356,0.0576546963703225,1.5131096412341796,93.30520361672735
283.0,684.0,307.0,684.0,283.0,684.0,576.0,107584.0,108160.0,24.0,328.0,328.87687665751145,0.072975638311578,1.4977557614917774,94.1849161251184
283.0,684.0,307.0,684.0,283.0,684.0,576.0,107584.0,108160.0,24.0,328.0,328.87687665751145,0.072975638311578,1.4977557614917774,94.1849161251184
283.0,683.0,307.0,683.0,283.0,683.0,576.0,108241.0,108817.0,24.0,329.0,329.874218453034,0.07275500374824537,1.4979769841118689,94.17224100265435
282.0,683.0,301.0,683.0,282.0,683.0,361.0,108241.0,108602.0,19.0,329.0,329.548175537356,0.0576546963703225,1.5131096412341796,93.30520361672735
283.0,683.0,307.0,683.0,283.0,683.0,576.0,108241.0,108817.0,24.0,329.0,329.874218453034,0.07275500374824537,1.4979769841118689,94.17224100265435
282.0,684.0,307.0,684.0,282.0,684.0,625.0,107584.0,108209.0,25.0,328.0,328.95136418625776,0.07599907682962087,1.4947238991555105,94.35862904105117
282.0,683.0,301.0,683.0,282.0,683.0,361.0,108241.0,108602.0,19.0,329.0,329.548175537356,0.0576546963703225,1.5131096412341796,93.30520361672735
282.0,683.0,306.0,683.0,282.0,683.0,576.0,108241.0,108817.0,24.0,329.0,329.874218453034,0.07275500374824537,1.4979769841118689,94.17224100265435
282.0,682.0,306.0,682.0,282.0,682.0,576.0,108241.0,108817.0,24.0,329.0,329.874218453034,0.07275500374824537,1.4979769841118689,94.17224100265435
282.0,682.0,307.0,682.0,282.0,682.0,625.0,108241.0,108866.0,25.0,329.0,329.94848082693153,0.07576940477902455,1.4949542353501526,94.34543174922908
282.0,681.0,306.0,681.0,282.0,681.0,576.0,104976.0,105552.0,24.0,324.0,324.8876728963412,0.07387168551531179,1.4968572891369563,94.23639479905884
281.0,681.0,305.0,681.0,281.0,681.0,576.0,108900.0,109476.0,24.0,330.0,330.8715762950937,0.07253569577882138,1.498196873064402,94.15964229371264
281.0,682.0,299.0,682.0,281.0,682.0,324.0,108241.0,108565.0,18.0,329.0,329.49203328760467,0.05462954542602943,1.5161395721921247,93.13160136062106
287.0,677.0,299.0,677.0,287.0,677.0,144.0,111556.0,111700.0,12.0,334.0,334.21549934136806,0.03590497754786407,1.5348836301803326,92.05764594694827
281.0,678.0,305.0,678.0,281.0,678.0,576.0,110889.0,111465.0,24.0,333.0,333.86374466239965,0.07188561316913464,1.4988486572315145,94.12229781178364
281.0,684.0,305.0,684.0,281.0,684.0,576.0,106929.0,107505.0,24.0,327.0,327.8795510549568,0.07319761150940851,1.4975331930556572,94.19766835716092
281.0,685.0,306.0,685.0,281.0,685.0,625.0,110224.0,110849.0,25.0,332.0,332.93993452273037,0.07508861932059162,1.4956369658021837,94.30631417578263
282.0,678.0,306.0,678.0,282.0,678.0,576.0,110889.0,111465.0,24.0,333.0,333.86374466239965,0.07188561316913464,1.4988486572315145,94.12229781178364
288.0,682.0,306.0,682.0,288.0,682.0,324.0,107584.0,107908.0,18.0,328.0,328.4935311387425,0.054795599589440684,1.5159732689304184,93.1411298356361
283.0,682.0,307.0,682.0,283.0,682.0,576.0,107584.0,108160.0,24.0,328.0,328.87687665751145,0.072975638311578,1.4977557614917774,94.1849161251184
283.0,683.0,307.0,683.0,283.0,683.0,576.0,107584.0,108160.0,24.0,328.0,328.87687665751145,0.072975638311578,1.4977557614917774,94.1849161251184
283.0,684.0,307.0,684.0,283.0,684.0,576.0,106929.0,107505.0,24.0,327.0,327.8795510549568,0.07319761150940851,1.4975331930556572,94.19766835716092
283.0,679.0,307.0,679.0,283.0,679.0,576.0,110224.0,110800.0,24.0,332.0,332.86633954186476,0.07210101217513316,1.4986326978352391,94.13467137373641
283.0,679.0,307.0,679.0,283.0,679.0,576.0,110224.0,110800.0,24.0,332.0,332.86633954186476,0.07210101217513316,1.4986326978352391,94.13467137373641
284.0,678.0,308.0,678.0,284.0,678.0,576.0,106929.0,107505.0,24.0,327.0,327.8795510549568,0.07319761150940851,1.4975331930556572,94.19766835716092
277.0,679.0,307.0,679.0,277.0,679.0,900.0,106276.0,107176.0,30.0,326.0,327.37745799000885,0.09163734175282028,1.4790302453550903,95.2578091689547
278.0,682.0,308.0,682.0,278.0,682.0,900.0,104976.0,105876.0,30.0,324.0,325.38592471094995,0.09219821056073614,1.4784669920632976,95.29008120537127
278.0,682.0,308.0,682.0,278.0,682.0,900.0,104976.0,105876.0,30.0,324.0,325.38592471094995,0.09219821056073614,1.4784669920632976,95.29008120537127
279.0,677.0,309.0,677.0,279.0,677.0,900.0,104329.0,105229.0,30.0,323.0,324.39019713918606,0.09248121633937016,1.4781827719709053,95.30636581711816
279.0,678.0,309.0,678.0,279.0,678.0,900.0,107584.0,108484.0,30.0,328.0,329.3690938749415,0.09108322716942814,1.4795866870382102,95.22592740896677
280.0,680.0,310.0,680.0,280.0,680.0,900.0,106929.0,107829.0,30.0,327.0,328.37326322342386,0.09135944779885481,1.4793093099233887,95.24181994697956
275.0,680.0,311.0,680.0,275.0,680.0,1296.0,106929.0,108225.0,36.0,327.0,328.97568299191965,0.10943058062101275,1.4611461546259867,96.28249208816138
276.0,678.0,312.0,678.0,276.0,678.0,1296.0,107584.0,108880.0,36.0,328.0,329.9696955782455,0.10910092800162415,1.4614777929069966,96.26349061433453
276.0,677.0,312.0,677.0,276.0,677.0,1296.0,104329.0,105625.0,36.0,323.0,325.0,0.11076923076923077,1.459799316303463,96.35966023972846
275.0,680.0,311.0,680.0,275.0,680.0,1296.0,103041.0,104337.0,36.0,321.0,323.012383663537,0.11145083538809175,1.4591134649549973,96.3989566273689
275.0,677.0,311.0,677.0,275.0,677.0,1296.0,104976.0,106272.0,36.0,324.0,325.993864972947,0.11043152607484655,1.460139105621001,96.3401917459099
274.0,676.0,316.0,676.0,274.0,676.0,1764.0,101761.0,103525.0,42.0,319.0,321.7530108639234,0.13053490901989648,1.4398878408734663,97.5005037457457
275.0,677.0,311.0,677.0,275.0,677.0,1296.0,97344.0,98640.0,36.0,312.0,314.0700558792576,0.11462410798513051,1.4559197213779975,96.581944655178
278.0,677.0,314.0,677.0,278.0,677.0,1296.0,97344.0,98640.0,36.0,312.0,314.0700558792576,0.11462410798513051,1.4559197213779975,96.581944655178
277.0,677.0,313.0,677.0,277.0,677.0,1296.0,93636.0,94932.0,36.0,306.0,308.11036983522644,0.1168412475673972,1.4536875822280324,96.70983680775693
274.0,678.0,310.0,678.0,274.0,678.0,1296.0,93025.0,94321.0,36.0,305.0,307.117241456744,0.1172190783859669,1.4533071371255961,96.73163470646294
280.0,676.0,316.0,676.0,280.0,676.0,1296.0,97969.0,99265.0,36.0,313.0,315.06348566598444,0.1142626855787583,1.4562835341196467,96.56109972054843
279.0,676.0,315.0,676.0,279.0,676.0,1296.0,97969.0,99265.0,36.0,313.0,315.06348566598444,0.1142626855787583,1.4562835341196467,96.56109972054843
273.0,673.0,320.0,673.0,273.0,673.0,2209.0,96100.0,98309.0,47.0,310.0,313.54266057428293,0.1498998570526737,1.4203293421707572,98.62112317502303
272.0,673.0,320.0,673.0,272.0,673.0,2304.0,96100.0,98404.0,48.0,310.0,313.69411852950003,0.15301530109971137,1.4171775367547312,98.8017083232078
278.0,675.0,320.0,675.0,278.0,675.0,1764.0,93636.0,95400.0,42.0,306.0,308.86890422961,0.135980020730017,1.4343937223939491,97.81529354676688
278.0,672.0,320.0,672.0,278.0,672.0,1764.0,96100.0,97864.0,42.0,310.0,312.8322234041755,0.13425726909768018,1.4361324191018918,97.71567356354846
277.0,675.0,319.0,675.0,277.0,675.0,1764.0,94249.0,96013.0,42.0,307.0,309.8596456462183,0.1355452398856527,1.434832566325404,97.79014964162958
277.0,677.0,330.0,677.0,277.0,677.0,2809.0,96721.0,99530.0,53.0,311.0,315.48375552474965,0.16799597149413978,1.4019999323646295,99.67132099787986
278.0,676.0,326.0,676.0,278.0,676.0,2304.0,100489.0,102793.0,48.0,317.0,320.6134744517142,0.14971298409115683,1.4205183479978443,98.61029393882757
275.0,677.0,328.0,677.0,275.0,677.0,2809.0,96721.0,99530.0,53.0,311.0,315.48375552474965,0.16799597149413978,1.4019999323646295,99.67132099787986
275.0,679.0,334.0,679.0,275.0,679.0,3481.0,99856.0,103337.0,59.0,316.0,321.4607285501605,0.18353719369112198,1.386212756547141,100.57585954265295
271.0,680.0,341.0,680.0,271.0,680.0,4900.0,98596.0,103496.0,70.0,314.0,321.70794208412076,0.21758865990848394,1.35145307218971,102.56744275354065
272.0,680.0,342.0,680.0,272.0,680.0,4900.0,98596.0,103496.0,70.0,314.0,321.70794208412076,0.21758865990848394,1.35145307218971,102.56744275354065
274.0,682.0,344.0,682.0,274.0,682.0,4900.0,94864.0,99764.0,70.0,308.0,315.8543968349974,0.22162110358896814,1.3473197256542635,102.80426606528675
273.0,681.0,343.0,681.0,273.0,681.0,4900.0,99225.0,104125.0,70.0,315.0,322.6840560052511,0.21693045781865616,1.3521273809209546,102.52880770915151
270.0,681.0,340.0,681.0,270.0,681.0,4900.0,96100.0,101000.0,70.0,310.0,317.80497164141406,0.22026087143464343,1.3487144248894165,102.72435568542237
270.0,685.0,342.0,685.0,270.0,685.0,5184.0,92416.0,97600.0,72.0,304.0,312.40998703626616,0.23046638387921278,1.3382393849899876,103.32453126189078
271.0,686.0,345.0,686.0,271.0,686.0,5476.0,98596.0,104072.0,74.0,314.0,322.6019218789622,0.22938487027291873,1.339350672038476,103.26085920418484
267.0,690.0,347.0,690.0,267.0,690.0,6400.0,88209.0,94609.0,80.0,297.0,307.5857603986244,0.26009006365028653,1.3076808513328686,105.07540626855217
266.0,690.0,346.0,690.0,266.0,690.0,6400.0,91809.0,98209.0,80.0,303.0,313.38315206788,0.25527856067601135,1.3126605281952768,104.79009180099725
265.0,689.0,353.0,689.0,265.0,689.0,7744.0,93025.0,100769.0,88.0,305.0,317.4413331625231,0.27721657770050345,1.2899003949560646,106.09415137675951
268.0,694.0,355.0,694.0,268.0,694.0,7569.0,85849.0,93418.0,87.0,293.0,305.6435832796102,0.28464526906298665,1.2821599573046811,106.53764578576795
267.0,697.0,353.0,697.0,267.0,697.0,7396.0,82369.0,89765.0,86.0,287.0,299.60807732769825,0.28704166044875,1.2796592254007675,106.68092716955591
263.0,695.0,354.0,695.0,263.0,695.0,8281.0,84681.0,92962.0,91.0,291.0,304.89670381950674,0.2984617375656194,1.2677158019951082,107.36523492363796
264.0,702.0,362.0,702.0,264.0,702.0,9604.0,81796.0,91400.0,98.0,286.0,302.32432915661946,0.32415518881125505,1.2406777668859619,108.91440022171858
260.0,701.0,364.0,701.0,260.0,701.0,10816.0,86436.0,97252.0,104.0,294.0,311.85252925060587,0.3334909620579835,1.2307922218881586,109.48080022827936
262.0,705.0,365.0,705.0,262.0,705.0,10609.0,85264.0,95873.0,103.0,292.0,309.63365450157386,0.3326511782635581,1.2316828595979823,109.42977044643128
262.0,707.0,366.0,707.0,262.0,707.0,10816.0,85849.0,96665.0,104.0,293.0,310.90995481007036,0.33450199451970536,1.2297195929136042,109.54225734150478
261.0,714.0,370.0,714.0,261.0,714.0,11881.0,84681.0,96562.0,109.0,291.0,310.7442678473732,0.3507707503506936,1.2124023043407886,110.53446488933724
260.0,716.0,368.0,716.0,260.0,716.0,11664.0,89401.0,101065.0,108.0,299.0,317.90721916936707,0.3397217599593494,1.2241752795866494,109.85992309543742
263.0,721.0,372.0,721.0,263.0,721.0,11881.0,81225.0,93106.0,109.0,285.0,305.1327579923205,0.35722156059934834,1.2055048436946414,110.92966027371905
264.0,725.0,361.0,725.0,264.0,725.0,9409.0,84681.0,94090.0,97.0,291.0,306.7409330363328,0.31622776601683794,1.2490457723982544,108.43494882292201
265.0,733.0,363.0,733.0,265.0,733.0,9604.0,89401.0,99005.0,98.0,299.0,314.6505998723028,0.3114565808543576,1.2540708557290667,108.14703275636492
262.0,736.0,370.0,736.0,262.0,736.0,11664.0,78961.0,90625.0,108.0,281.0,301.0398644698074,0.35875647296815666,1.2038609856981275,111.02384639903813
265.0,743.0,377.0,743.0,265.0,743.0,12544.0,76176.0,88720.0,112.0,276.0,297.85902705810344,0.3760168060246572,1.1853024598655673,112.08717160322836
263.0,750.0,379.0,750.0,263.0,750.0,13456.0,68644.0,82100.0,116.0,262.0,286.53097563788805,0.40484279140067014,1.15398943071006,113.88127601760901
269.0,756.0,385.0,756.0,269.0,756.0,13456.0,71289.0,84745.0,116.0,267.0,291.10994486619654,0.39847487880675914,1.1609429213239402,113.48287035254985
264.0,763.0,384.0,763.0,264.0,763.0,14400.0,69696.0,84096.0,120.0,264.0,289.99310336626974,0.413802944301184,1.1441688336680205,114.44395478041653
264.0,770.0,384.0,770.0,264.0,770.0,14400.0,69169.0,83569.0,120.0,263.0,289.0830330545188,0.41510564882363377,1.1427374003485253,114.52596986827801
263.0,773.0,383.0,773.0,263.0,773.0,14400.0,78961.0,93361.0,120.0,281.0,305.5503231875234,0.3927339979488524,1.1671937533752752,113.12472405756324
267.0,780.0,388.0,780.0,267.0,780.0,14641.0,73984.0,88625.0,121.0,272.0,297.6995129320839,0.40645011074507365,1.1522309331088376,113.98203050844293
265.0,792.0,396.0,792.0,265.0,792.0,17161.0,71289.0,88450.0,131.0,267.0,297.40544715926103,0.4404761286361017,1.1146673731063943,116.13426396006936
266.0,796.0,399.0,796.0,266.0,796.0,17689.0,82944.0,100633.0,133.0,288.0,317.2270480271189,0.4192580702911253,1.1381683839007477,114.78775522726153
263.0,805.0,404.0,805.0,263.0,805.0,19881.0,82369.0,102250.0,141.0,287.0,319.7655391063896,0.4409480783765373,1.1141416107994238,116.16438792128584
261.0,811.0,405.0,811.0,261.0,811.0,20736.0,77284.0,98020.0,144.0,278.0,313.0814590485997,0.45994419611302134,1.092863975206694,117.38350663876659
259.0,817.0,408.0,817.0,259.0,817.0,22201.0,78961.0,101162.0,149.0,281.0,318.05974281571696,0.468465448286331,1.083243286642659,117.93473148949559
261.0,826.0,409.0,826.0,261.0,826.0,21904.0,75076.0,96980.0,148.0,274.0,311.4161203277698,0.47524835851216674,1.0755500434354728,118.37552185603504
262.0,827.0,410.0,827.0,262.0,827.0,21904.0,75625.0,97529.0,148.0,275.0,312.2963336320169,0.4739088617492079,1.077071830567643,118.28832987604437
263.0,837.0,414.0,837.0,263.0,837.0,22801.0,76176.0,98977.0,151.0,276.0,314.60610292872576,0.4799652600325085,1.0701812141156188,118.68313311698876
259.0,842.0,410.0,842.0,259.0,842.0,22801.0,76176.0,98977.0,151.0,276.0,314.60610292872576,0.4799652600325085,1.0701812141156188,118.68313311698876
261.0,849.0,416.0,849.0,261.0,849.0,24025.0,75625.0,99650.0,155.0,275.0,315.67388235329196,0.4910130633693953,1.0575440539286358,119.40718906073364
257.0,858.0,415.0,858.0,257.0,858.0,24964.0,73441.0,98405.0,158.0,271.0,313.6957124348371,0.5036728069173747,1.0429513414209575,120.24328989907139
258.0,861.0,419.0,861.0,258.0,861.0,25921.0,70756.0,96677.0,161.0,266.0,310.9292524031793,0.5178026794057726,1.0265158418489166,121.18497465873838
262.0,872.0,416.0,872.0,262.0,872.0,23716.0,66564.0,90280.0,154.0,258.0,300.4663042672173,0.5125366732072603,1.0326599275802089,120.83294447736878
258.0,880.0,423.0,880.0,258.0,880.0,27225.0,67600.0,94825.0,165.0,260.0,307.9366818032564,0.5358244397314771,1.005312438640072,122.39984017391933
265.0,883.0,428.0,883.0,265.0,883.0,26569.0,66564.0,93133.0,163.0,258.0,305.17699782257506,0.5341162707641732,1.0073342501975169,122.28399890470698
261.0,887.0,429.0,887.0,261.0,887.0,28224.0,65536.0,93760.0,168.0,256.0,306.2025473440742,0.5486564414868224,0.9900399732272263,123.27488798483492
264.0,896.0,425.0,896.0,264.0,896.0,25921.0,62500.0,88421.0,161.0,250.0,297.3566881709574,0.5414372919953874,0.998650603047552,122.78153523718076
263.0,903.0,429.0,903.0,263.0,903.0,27556.0,64516.0,92072.0,166.0,254.0,303.43368303469543,0.5470717632261647,0.9919342365031245,123.16635469383932
266.0,906.0,432.0,906.0,266.0,906.0,27556.0,64516.0,92072.0,166.0,254.0,303.43368303469543,0.5470717632261647,0.9919342365031245,123.16635469383932
263.0,912.0,438.0,912.0,263.0,912.0,30625.0,67081.0,97706.0,175.0,259.0,312.5795898647255,0.5598574112779866,0.9765826229944627,124.04593735660166
265.0,917.0,440.0,917.0,265.0,917.0,30625.0,65536.0,96161.0,175.0,256.0,310.09837148879063,0.5643370494331211,0.9711663402909452,124.35626749616293
266.0,923.0,438.0,923.0,266.0,923.0,29584.0,64009.0,93593.0,172.0,253.0,305.92973049378514,0.562220610995812,0.9737277884985327,124.20950732442682
268.0,928.0,441.0,928.0,268.0,928.0,29929.0,64009.0,93938.0,173.0,253.0,306.4930668057599,0.5644499622878544,0.9710295600975702,124.36410442396429
267.0,931.0,441.0,931.0,267.0,931.0,30276.0,64009.0,94285.0,174.0,253.0,307.05862632402955,0.566667030602759,0.9683412517114887,124.5181331485164
272.0,937.0,446.0,937.0,272.0,937.0,30276.0,64009.0,94285.0,174.0,253.0,307.05862632402955,0.566667030602759,0.9683412517114887,124.5181331485164
272.0,938.0,444.0,938.0,272.0,938.0,29584.0,64009.0,93593.0,172.0,253.0,305.92973049378514,0.562220610995812,0.9737277884985327,124.20950732442682
277.0,943.0,447.0,943.0,277.0,943.0,28900.0,63504.0,92404.0,170.0,252.0,303.98026251715754,0.5592468359369376,0.9773193253807084,124.00372741911258
278.0,944.0,449.0,944.0,278.0,944.0,29241.0,65025.0,94266.0,171.0,255.0,307.0276860480175,0.5569530298751512,0.9800837027813981,123.8453402610717
279.0,949.0,455.0,949.0,279.0,949.0,30976.0,63504.0,94480.0,176.0,252.0,307.37599125501004,0.572588637392906,0.9611364600828152,124.93093730111057
280.0,952.0,457.0,952.0,280.0,952.0,31329.0,60025.0,91354.0,177.0,245.0,302.2482423439382,0.5856113459167311,0.945162277467216,125.84619054615565
284.0,955.0,466.0,955.0,284.0,955.0,33124.0,60516.0,93640.0,182.0,246.0,306.00653587791226,0.5947585383359679,0.9338310726475433,126.4954207591212
286.0,956.0,463.0,956.0,286.0,956.0,31329.0,62500.0,93829.0,177.0,250.0,306.31519714176767,0.5778361689253096,0.9547213896171786,125.29849376407057
290.0,957.0,471.0,957.0,290.0,957.0,32761.0,64009.0,96770.0,181.0,253.0,311.07876816009156,0.5818462027175424,0.9497994567957778,125.58049974178375
295.0,959.0,472.0,959.0,295.0,959.0,31329.0,65025.0,96354.0,177.0,255.0,310.40940707394805,0.5702146776686885,0.9640291699113976,124.76519723657678
298.0,956.0,470.0,956.0,298.0,956.0,29584.0,66564.0,96148.0,172.0,258.0,310.0774096899031,0.5547001962252291,0.982793723247329,123.69006752597979
306.0,956.0,477.0,956.0,306.0,956.0,29241.0,69169.0,98410.0,171.0,263.0,313.70368184004474,0.545100392182173,0.9942874699623596,123.03152434841618
312.0,956.0,479.0,956.0,312.0,956.0,27889.0,66564.0,94453.0,167.0,258.0,307.33206796558017,0.5433861851953024,0.9963308024226386,122.91445002230012
315.0,958.0,481.0,958.0,315.0,958.0,27556.0,68121.0,95677.0,166.0,261.0,309.3169895107606,0.5366662861375907,1.0043150636427034,122.45698555186043
323.0,958.0,490.0,958.0,323.0,958.0,27889.0,68121.0,96010.0,167.0,261.0,309.8548047069788,0.5389621121348346,1.0015918668017763,122.6130132376289
326.0,957.0,493.0,957.0,326.0,957.0,27889.0,71289.0,99178.0,167.0,267.0,314.92538798896476,0.5302843351767239,1.0118604244563034,122.02466822233774
328.0,953.0,490.0,953.0,328.0,953.0,26244.0,70756.0,97000.0,162.0,266.0,311.44823004794875,0.5201506522450278,1.0237689931841991,121.34235749418785
335.0,955.0,494.0,955.0,335.0,955.0,25281.0,71824.0,97105.0,159.0,268.0,311.6167517961767,0.5102421454671963,1.0353300056095798,120.67996027531524
341.0,954.0,491.0,954.0,341.0,954.0,22500.0,75076.0,97576.0,150.0,274.0,312.37157361066005,0.48019734403540837,1.0699166477054456,118.69829165569261
348.0,952.0,493.0,952.0,348.0,952.0,21025.0,76176.0,97201.0,145.0,276.0,311.7707491090208,0.4650853244391315,1.0870653351749844,117.71574423949916
354.0,954.0,495.0,954.0,354.0,954.0,19881.0,72361.0,92242.0,141.0,269.0,303.71368095625854,0.46425304107491655,1.0880052540017864,117.66189085763853
363.0,950.0,495.0,950.0,363.0,950.0,17424.0,74529.0,91953.0,132.0,273.0,303.2375306587231,0.4353023179988846,1.1204222744782653,115.8045323999471
368.0,955.0,495.0,955.0,368.0,955.0,16129.0,71824.0,87953.0,127.0,268.0,296.56871041969345,0.42823128515572034,1.1282617188957098,115.35536532110014
377.0,949.0,493.0,949.0,377.0,949.0,13456.0,74529.0,87985.0,116.0,273.0,296.6226559115133,0.39106925141484955,1.1690032468379954,113.02104771909286
383.0,947.0,495.0,947.0,383.0,947.0,12544.0,75076.0,87620.0,112.0,274.0,296.00675667964066,0.37836974147591595,1.1827618610309203,112.23273719388948
388.0,945.0,496.0,945.0,388.0,945.0,11664.0,78961.0,90625.0,108.0,281.0,301.0398644698074,0.35875647296815666,1.2038609856981275,111.02384639903813
391.0,943.0,499.0,943.0,391.0,943.0,11664.0,79524.0,91188.0,108.0,282.0,301.97350877187887,0.35764726660704166,1.205049025532552,110.95577673063218
401.0,939.0,500.0,939.0,401.0,939.0,9801.0,82369.0,92170.0,99.0,287.0,303.5951251255527,0.3260921925510439,1.2386294824672848,109.03175827415119
405.0,938.0,509.0,938.0,405.0,938.0,10816.0,85264.0,96080.0,104.0,292.0,309.96774025695,0.33551878628978765,1.2286404417117163,109.60408815082943
415.0,940.0,508.0,940.0,415.0,940.0,8649.0,84100.0,92749.0,93.0,290.0,304.54720487963766,0.3053713792472836,1.2604679132321777,107.78050836013416
420.0,937.0,513.0,937.0,420.0,937.0,8649.0,83521.0,92170.0,93.0,289.0,303.5951251255527,0.3063290293661321,1.259462062329224,107.83813937169283
426.0,938.0,510.0,938.0,426.0,938.0,7056.0,82369.0,89425.0,84.0,287.0,299.0401310861136,0.28089875327071334,1.2860658882721845,106.31385242626055
429.0,933.0,514.0,933.0,429.0,933.0,7225.0,88804.0,96029.0,85.0,298.0,309.88546271162835,0.27429489352683467,1.2929399301721018,105.9199988371992
436.0,935.0,521.0,935.0,436.0,935.0,7225.0,87616.0,94841.0,85.0,296.0,307.9626600742369,0.2760074873346985,1.2911585775982088,106.02206282150803
440.0,934.0,520.0,934.0,440.0,934.0,6400.0,85264.0,91664.0,80.0,292.0,302.76063152266016,0.26423514707860024,1.303385529611023,105.32151007486479
444.0,930.0,523.0,930.0,444.0,930.0,6241.0,90000.0,96241.0,79.0,300.0,310.22733599732953,0.2546519627163998,1.3133085429163385,104.75296329241806
449.0,931.0,524.0,931.0,449.0,931.0,5625.0,86436.0,92061.0,75.0,294.0,303.41555662160766,0.24718574365497412,1.3210215373736482,104.31104126260641
459.0,932.0,529.0,932.0,459.0,932.0,4900.0,88804.0,93704.0,70.0,298.0,306.11109094575454,0.2286751511803425,1.3400797710667687,103.21908490701658
465.0,927.0,530.0,927.0,465.0,927.0,4225.0,91809.0,96034.0,65.0,303.0,309.8935301034857,0.20974945807450038,1.3594776160686413,102.10767025676034
469.0,930.0,530.0,930.0,469.0,930.0,3721.0,87025.0,90746.0,61.0,295.0,301.24076749337894,0.20249583251158304,1.3668904422584867,101.68294660181816
476.0,929.0,537.0,929.0,476.0,929.0,3721.0,87616.0,91337.0,61.0,296.0,302.2201184567301,0.2018396402975852,1.367560469947897,101.64455684305806
481.0,929.0,533.0,929.0,481.0,929.0,2704.0,87616.0,90320.0,52.0,296.0,300.5328601001894,0.17302600448638006,1.39689513765701,99.96380418990718
481.0,930.0,537.0,930.0,481.0,930.0,3136.0,90000.0,93136.0,56.0,300.0,305.1819129633996,0.18349711310288583,1.3862535296042822,100.57352341856091
485.0,929.0,537.0,929.0,485.0,929.0,2704.0,90601.0,93305.0,52.0,301.0,305.45867150892934,0.17023579570724318,1.3997273740927123,99.80152899555826
490.0,930.0,537.0,930.0,490.0,930.0,2209.0,90000.0,92209.0,47.0,300.0,303.65934861288235,0.15477870256488485,1.4153928741663855,98.9039619573749
495.0,929.0,537.0,929.0,495.0,929.0,1764.0,93636.0,95400.0,42.0,306.0,308.86890422961,0.135980020730017,1.4343937223939491,97.81529354676688
500.0,929.0,542.0,929.0,500.0,929.0,1764.0,96100.0,97864.0,42.0,310.0,312.8322234041755,0.13425726909768018,1.4361324191018918,97.71567356354846
505.0,928.0,542.0,928.0,505.0,928.0,1369.0,96721.0,98090.0,37.0,311.0,313.1932310890515,0.11813792996528599,1.4523818564265303,96.78464938538434
509.0,929.0,542.0,929.0,509.0,929.0,1089.0,96100.0,97189.0,33.0,310.0,311.75150360503477,0.10585353917589589,1.4647441031793405,96.07634482114901
513.0,925.0,542.0,925.0,513.0,925.0,841.0,98596.0,99437.0,29.0,314.0,315.3363283860583,0.09196529987022627,1.478700896509064,95.2766794678195
518.0,928.0,541.0,928.0,518.0,928.0,529.0,96721.0,97250.0,23.0,311.0,311.8493225902535,0.07375356729640957,1.4969757304487321,94.22960861177408
518.0,928.0,546.0,928.0,518.0,928.0,784.0,96721.0,97505.0,28.0,311.0,312.2579062249665,0.08966946694322409,1.4810062567131477,95.1445920578681
522.0,928.0,541.0,928.0,522.0,928.0,361.0,96721.0,97082.0,19.0,311.0,311.57984530453825,0.060979553993389383,1.5097789172829257,93.49604004185734
527.0,928.0,541.0,928.0,527.0,928.0,196.0,96721.0,96917.0,14.0,311.0,311.3149530620076,0.04497053502345416,1.5258106202742137,92.57749112204928
527.0,928.0,541.0,928.0,527.0,928.0,196.0,99856.0,100052.0,14.0,316.0,316.30997455028194,0.04426038103889924,1.5265214821253905,92.53676173815998
527.0,929.0,541.0,929.0,527.0,929.0,196.0,96721.0,96917.0,14.0,311.0,311.3149530620076,0.04497053502345416,1.5258106202742137,92.57749112204928
532.0,929.0,541.0,929.0,532.0,929.0,81.0,99225.0,99306.0,9.0,315.0,315.12854520020875,0.02855977389887699,1.5422326689561365,91.63657704161672
532.0,929.0,541.0,929.0,532.0,929.0,81.0,96721.0,96802.0,9.0,311.0,311.1301978272119,0.028926796764993566,1.5418654943811188,91.65761459510975
537.0,928.0,542.0,928.0,537.0,928.0,25.0,97344.0,97369.0,5.0,312.0,312.04006153056696,0.016023583559991728,1.5547720574658543,90.91812300233505
537.0,928.0,542.0,928.0,537.0,928.0,25.0,100489.0,100514.0,5.0,317.0,317.0394297244429,0.01577090901389075,1.555024763946945,90.90364398751295
538.0,928.0,542.0,928.0,538.0,928.0,16.0,100489.0,100505.0,4.0,317.0,317.02523558858843,0.012617292098446383,1.5581786999019342,90.7229367684375
543.0,928.0,543.0,928.0,543.0,928.0,0.0,100489.0,100489.0,0.0,317.0,317.0,nan,nan,nan
543.0,928.0,543.0,928.0,543.0,928.0,0.0,100489.0,100489.0,0.0,317.0,317.0,nan,nan,nan
543.0,927.0,543.0,927.0,543.0,927.0,0.0,101124.0,101124.0,0.0,318.0,318.0,nan,nan,nan
543.0,928.0,543.0,928.0,543.0,928.0,0.0,100489.0,100489.0,0.0,317.0,317.0,nan,nan,nan
548.0,927.0,543.0,927.0,548.0,927.0,25.0,101124.0,101149.0,5.0,318.0,318.0393057469469,0.01572132723738974,1.555074351871253,89.09919719126471
548.0,928.0,543.0,928.0,548.0,928.0,25.0,97344.0,97369.0,5.0,312.0,312.04006153056696,0.016023583559991728,1.5547720574658543,89.08187699766495
548.0,928.0,543.0,928.0,548.0,928.0,25.0,97344.0,97369.0,5.0,312.0,312.04006153056696,0.016023583559991728,1.5547720574658543,89.08187699766495
548.0,928.0,543.0,928.0,548.0,928.0,25.0,97344.0,97369.0,5.0,312.0,312.04006153056696,0.016023583559991728,1.5547720574658543,89.08187699766495
548.0,928.0,543.0,928.0,548.0,928.0,25.0,100489.0,100514.0,5.0,317.0,317.0394297244429,0.01577090901389075,1.555024763946945,89.09635601248705
547.0,928.0,543.0,928.0,547.0,928.0,16.0,100489.0,100505.0,4.0,317.0,317.02523558858843,0.012617292098446383,1.5581786999019342,89.2770632315625
547.0,928.0,543.0,928.0,547.0,928.0,16.0,100489.0,100505.0,4.0,317.0,317.02523558858843,0.012617292098446383,1.5581786999019342,89.2770632315625
547.0,928.0,543.0,928.0,547.0,928.0,16.0,100489.0,100505.0,4.0,317.0,317.02523558858843,0.012617292098446383,1.5581786999019342,89.2770632315625
547.0,932.0,543.0,932.0,547.0,932.0,16.0,97969.0,97985.0,4.0,313.0,313.0255580619576,0.012778509284562234,1.5580174697170095,89.26782542243619
547.0,932.0,542.0,932.0,547.0,932.0,25.0,97969.0,97994.0,5.0,313.0,313.0399335548102,0.01597240308359748,1.5548232444929695,89.08480979828447
551.0,932.0,542.0,932.0,551.0,932.0,81.0,101124.0,101205.0,9.0,318.0,318.1273329973393,0.02829055873697993,1.5425019929463928,88.37885408634659
551.0,932.0,542.0,932.0,551.0,932.0,81.0,101124.0,101205.0,9.0,318.0,318.1273329973393,0.02829055873697993,1.5425019929463928,88.37885408634659
551.0,932.0,541.0,932.0,551.0,932.0,100.0,103684.0,103784.0,10.0,322.0,322.1552420805845,0.031040935219357944,1.5397504045508734,88.22119968432615
550.0,932.0,541.0,932.0,550.0,932.0,81.0,103684.0,103765.0,9.0,322.0,322.1257518423512,0.027939399282813665,1.542853291272057,88.39898199775716
550.0,932.0,541.0,932.0,550.0,932.0,81.0,103684.0,103765.0,9.0,322.0,322.1257518423512,0.027939399282813665,1.542853291272057,88.39898199775716
550.0,932.0,541.0,932.0,550.0,932.0,81.0,103684.0,103765.0,9.0,322.0,322.1257518423512,0.027939399282813665,1.542853291272057,88.39898199775716
550.0,932.0,540.0,932.0,550.0,932.0,100.0,103684.0,103784.0,10.0,322.0,322.1552420805845,0.031040935219357944,1.5397504045508734,88.22119968432615
550.0,932.0,540.0,932.0,550.0,932.0,100.0,103684.0,103784.0,10.0,322.0,322.1552420805845,0.031040935219357944,1.5397504045508734,88.22119968432615
550.0,932.0,541.0,932.0,550.0,932.0,81.0,103684.0,103765.0,9.0,322.0,322.1257518423512,0.027939399282813665,1.542853291272057,88.39898199775716
550.0,932.0,541.0,932.0,550.0,932.0,81.0,103684.0,103765.0,9.0,322.0,322.1257518423512,0.027939399282813665,1.542853291272057,88.39898199775716
550.0,932.0,541.0,932.0,550.0,932.0,81.0,103684.0,103765.0,9.0,322.0,322.1257518423512,0.027939399282813665,1.542853291272057,88.39898199775716
550.0,932.0,541.0,932.0,550.0,932.0,81.0,103684.0,103765.0,9.0,322.0,322.1257518423512,0.027939399282813665,1.542853291272057,88.39898199775716
550.0,932.0,545.0,932.0,550.0,932.0,25.0,103684.0,103709.0,5.0,322.0,322.03881753602315,0.015526078620757269,1.5552696243226622,89.11038547858563
550.0,932.0,545.0,932.0,550.0,932.0,25.0,103684.0,103709.0,5.0,322.0,322.03881753602315,0.015526078620757269,1.5552696243226622,89.11038547858563
550.0,932.0,546.0,932.0,550.0,932.0,16.0,103684.0,103700.0,4.0,322.0,322.02484376209236,0.012421401880890737,1.5583746054729415,89.28828779396432
565.0,935.0,551.0,935.0,565.0,935.0,196.0,99225.0,99421.0,14.0,315.0,315.3109576275458,0.04440061362072038,1.5263811115479857,87.4551956201869
565.0,935.0,551.0,935.0,565.0,935.0,196.0,99225.0,99421.0,14.0,315.0,315.3109576275458,0.04440061362072038,1.5263811115479857,87.4551956201869
565.0,935.0,551.0,935.0,565.0,935.0,196.0,99225.0,99421.0,14.0,315.0,315.3109576275458,0.04440061362072038,1.5263811115479857,87.4551956201869
565.0,935.0,547.0,935.0,565.0,935.0,324.0,101761.0,102085.0,18.0,319.0,319.50743340335606,0.056336717453694556,1.5144297662116566,86.77043397291189
565.0,935.0,547.0,935.0,565.0,935.0,324.0,101761.0,102085.0,18.0,319.0,319.50743340335606,0.056336717453694556,1.5144297662116566,86.77043397291189
565.0,935.0,547.0,935.0,565.0,935.0,324.0,101761.0,102085.0,18.0,319.0,319.50743340335606,0.056336717453694556,1.5144297662116566,86.77043397291189
565.0,939.0,547.0,939.0,565.0,939.0,324.0,99225.0,99549.0,18.0,315.0,315.5138665732459,0.05704979053851295,1.513715544388632,86.72951207681645
565.0,939.0,547.0,939.0,565.0,939.0,324.0,99225.0,99549.0,18.0,315.0,315.5138665732459,0.05704979053851295,1.513715544388632,86.72951207681645
565.0,939.0,547.0,939.0,565.0,939.0,324.0,99225.0,99549.0,18.0,315.0,315.5138665732459,0.05704979053851295,1.513715544388632,86.72951207681645
565.0,939.0,547.0,939.0,565.0,939.0,324.0,99225.0,99549.0,18.0,315.0,315.5138665732459,0.05704979053851295,1.513715544388632,86.72951207681645
565.0,940.0,547.0,940.0,565.0,940.0,324.0,98596.0,98920.0,18.0,314.0,314.5155004129367,0.0572308836173965,1.513534154947487,86.71911922739059
565.0,940.0,547.0,940.0,565.0,940.0,324.0,98596.0,98920.0,18.0,314.0,314.5155004129367,0.0572308836173965,1.513534154947487,86.71911922739059
565.0,939.0,547.0,939.0,565.0,939.0,324.0,99225.0,99549.0,18.0,315.0,315.5138665732459,0.05704979053851295,1.513715544388632,86.72951207681645
566.0,939.0,547.0,939.0,566.0,939.0,361.0,99225.0,99586.0,19.0,315.0,315.5724956329369,0.06020803543696707,1.5105518561278393,86.54824609177793
565.0,935.0,547.0,935.0,565.0,935.0,324.0,101761.0,102085.0,18.0,319.0,319.50743340335606,0.056336717453694556,1.5144297662116566,86.77043397291189
565.0,935.0,547.0,935.0,565.0,935.0,324.0,101761.0,102085.0,18.0,319.0,319.50743340335606,0.056336717453694556,1.5144297662116566,86.77043397291189
565.0,940.0,547.0,940.0,565.0,940.0,324.0,98596.0,98920.0,18.0,314.0,314.5155004129367,0.0572308836173965,1.513534154947487,86.71911922739059
565.0,935.0,551.0,935.0,565.0,935.0,196.0,98596.0,98792.0,14.0,314.0,314.3119469571591,0.04454173675399049,1.5262398486586868,87.44710185282825
565.0,935.0,547.0,935.0,565.0,935.0,324.0,101761.0,102085.0,18.0,319.0,319.50743340335606,0.056336717453694556,1.5144297662116566,86.77043397291189
565.0,940.0,547.0,940.0,565.0,940.0,324.0,98596.0,98920.0,18.0,314.0,314.5155004129367,0.0572308836173965,1.513534154947487,86.71911922739059
565.0,940.0,547.0,940.0,565.0,940.0,324.0,98596.0,98920.0,18.0,314.0,314.5155004129367,0.0572308836173965,1.513534154947487,86.71911922739059
565.0,940.0,547.0,940.0,565.0,940.0,324.0,98596.0,98920.0,18.0,314.0,314.5155004129367,0.0572308836173965,1.513534154947487,86.71911922739059
565.0,935.0,546.0,935.0,565.0,935.0,361.0,101761.0,102122.0,19.0,319.0,319.5653297840678,0.059455761402021974,1.5113054803232655,86.5914255775148
565.0,935.0,546.0,935.0,565.0,935.0,361.0,101761.0,102122.0,19.0,319.0,319.5653297840678,0.059455761402021974,1.5113054803232655,86.5914255775148
565.0,935.0,546.0,935.0,565.0,935.0,361.0,98596.0,98957.0,19.0,314.0,314.57431554403803,0.06039908238261792,1.510360460858647,86.53727995063444
565.0,935.0,546.0,935.0,565.0,935.0,361.0,101761.0,102122.0,19.0,319.0,319.5653297840678,0.059455761402021974,1.5113054803232655,86.5914255775148
565.0,936.0,546.0,936.0,565.0,936.0,361.0,101124.0,101485.0,19.0,318.0,318.56710439089596,0.059642065166547006,1.5111188453539681,86.5807321814645
565.0,935.0,547.0,935.0,565.0,935.0,324.0,101761.0,102085.0,18.0,319.0,319.50743340335606,0.056336717453694556,1.5144297662116566,86.77043397291189
561.0,940.0,547.0,940.0,561.0,940.0,196.0,98596.0,98792.0,14.0,314.0,314.3119469571591,0.04454173675399049,1.5262398486586868,87.44710185282825
565.0,936.0,547.0,936.0,565.0,936.0,324.0,101124.0,101448.0,18.0,318.0,318.5090265596879,0.05651331202265578,1.5142528898500793,86.76029970389789
565.0,936.0,547.0,936.0,565.0,936.0,324.0,101124.0,101448.0,18.0,318.0,318.5090265596879,0.05651331202265578,1.5142528898500793,86.76029970389789
565.0,936.0,547.0,936.0,565.0,936.0,324.0,101124.0,101448.0,18.0,318.0,318.5090265596879,0.05651331202265578,1.5142528898500793,86.76029970389789
561.0,936.0,547.0,936.0,561.0,936.0,196.0,101124.0,101320.0,14.0,318.0,318.30802691732424,0.043982554054900695,1.5267995799291945,87.47917209228984
561.0,940.0,547.0,940.0,561.0,940.0,196.0,98596.0,98792.0,14.0,314.0,314.3119469571591,0.04454173675399049,1.5262398486586868,87.44710185282825
561.0,935.0,547.0,935.0,561.0,935.0,196.0,101761.0,101957.0,14.0,319.0,319.30706224573237,0.04384494317643961,1.5269373236855794,87.48706422818498
561.0,940.0,547.0,940.0,561.0,940.0,196.0,98596.0,98792.0,14.0,314.0,314.3119469571591,0.04454173675399049,1.5262398486586868,87.44710185282825
561.0,935.0,547.0,935.0,561.0,935.0,196.0,101761.0,101957.0,14.0,319.0,319.30706224573237,0.04384494317643961,1.5269373236855794,87.48706422818498
560.0,936.0,551.0,936.0,560.0,936.0,81.0,98596.0,98677.0,9.0,314.0,314.1289544120376,0.028650654050167094,1.5421417516002638,88.35821377760728
560.0,935.0,546.0,935.0,560.0,935.0,196.0,101761.0,101957.0,14.0,319.0,319.30706224573237,0.04384494317643961,1.5269373236855794,87.48706422818498
560.0,935.0,551.0,935.0,560.0,935.0,81.0,96100.0,96181.0,9.0,310.0,310.13061764359867,0.029020030554812157,1.5417722214336533,88.33704125865773
556.0,939.0,547.0,939.0,556.0,939.0,81.0,99225.0,99306.0,9.0,315.0,315.12854520020875,0.02855977389887699,1.5422326689561365,88.36342295838328
555.0,936.0,546.0,936.0,555.0,936.0,81.0,101124.0,101205.0,9.0,318.0,318.1273329973393,0.02829055873697993,1.5425019929463928,88.37885408634659
551.0,937.0,546.0,937.0,551.0,937.0,25.0,100489.0,100514.0,5.0,317.0,317.0394297244429,0.01577090901389075,1.555024763946945,89.09635601248705
546.0,937.0,542.0,937.0,546.0,937.0,16.0,100489.0,100505.0,4.0,317.0,317.02523558858843,0.012617292098446383,1.5581786999019342,89.2770632315625
546.0,937.0,546.0,937.0,546.0,937.0,0.0,100489.0,100489.0,0.0,317.0,317.0,nan,nan,nan
537.0,941.0,542.0,941.0,537.0,941.0,25.0,97969.0,97994.0,5.0,313.0,313.0399335548102,0.01597240308359748,1.5548232444929695,90.91519020171553
533.0,940.0,542.0,940.0,533.0,940.0,81.0,98596.0,98677.0,9.0,314.0,314.1289544120376,0.028650654050167094,1.5421417516002638,91.64178622239272
528.0,941.0,537.0,941.0,528.0,941.0,81.0,94864.0,94945.0,9.0,308.0,308.13146544940844,0.029208312065350215,1.5415838600750749,91.67375105221215
525.0,939.0,543.0,939.0,525.0,939.0,324.0,96100.0,96424.0,18.0,310.0,310.5221409175198,0.05796688103081552,1.5127969335869436,93.32312044513544
520.0,939.0,543.0,939.0,520.0,939.0,529.0,96100.0,96629.0,23.0,310.0,310.85205484281425,0.07399018163682464,1.4967384678447397,94.24320275761913
512.0,943.0,544.0,943.0,512.0,943.0,1024.0,93636.0,94660.0,32.0,306.0,307.66865293688926,0.10400799592204156,1.466599891532263,95.97001598085701
508.0,943.0,540.0,943.0,508.0,943.0,1024.0,91809.0,92833.0,32.0,303.0,304.6850833237492,0.1050264740594398,1.4655758045014777,96.02869184557508
500.0,946.0,541.0,946.0,500.0,946.0,1681.0,88209.0,89890.0,41.0,297.0,299.81661061388843,0.13675026182188704,1.4336162183391383,97.85984124766185
493.0,945.0,543.0,945.0,493.0,945.0,2500.0,88209.0,90709.0,50.0,297.0,301.179348561617,0.1660140386078653,1.4040100962588618,99.55614709061076
484.0,944.0,542.0,944.0,484.0,944.0,3364.0,86436.0,89800.0,58.0,294.0,299.66648127543397,0.19354850683713995,1.3760185620123333,101.15994386503276
476.0,950.0,543.0,950.0,476.0,950.0,4489.0,80656.0,85145.0,67.0,284.0,291.79616172938256,0.22961234172140038,1.3391169626497381,103.2742497657921
471.0,951.0,543.0,951.0,471.0,951.0,5184.0,79524.0,84708.0,72.0,282.0,291.0463880552377,0.24738324526582037,1.3208177053340742,104.32271997820355
460.0,953.0,541.0,953.0,460.0,953.0,6561.0,78961.0,85522.0,81.0,281.0,292.4414471308744,0.276978522691247,1.2901481516754358,106.07995596239354
449.0,956.0,534.0,956.0,449.0,956.0,7225.0,78961.0,86186.0,85.0,281.0,293.5745220553037,0.2895346619485858,1.2770556863694145,106.83009896785002
438.0,958.0,534.0,958.0,438.0,958.0,9216.0,77841.0,87057.0,96.0,279.0,295.05423230314796,0.3253639144595174,1.2393997693305772,108.98762408787016
427.0,960.0,530.0,960.0,427.0,960.0,10609.0,74529.0,85138.0,103.0,273.0,291.78416680827627,0.3530006481389328,1.2100200434894832,110.67095838181629
416.0,964.0,524.0,964.0,416.0,964.0,11664.0,68121.0,79785.0,108.0,261.0,282.46238687655386,0.3823517927262997,1.178456182579381,112.4794343971031
401.0,967.0,519.0,967.0,401.0,967.0,13924.0,68644.0,82568.0,118.0,262.0,287.34648075102643,0.4106540636641449,1.1476250411042195,114.24592868120061
395.0,969.0,509.0,969.0,395.0,969.0,12996.0,67081.0,80077.0,114.0,259.0,282.97879779234347,0.4028570369560192,1.1561600693669978,113.75690758371853
388.0,968.0,511.0,968.0,388.0,968.0,15129.0,69696.0,84825.0,123.0,264.0,291.247317584214,0.4223214861521759,1.1347914444368148,114.98123960621605
378.0,969.0,505.0,969.0,378.0,969.0,16129.0,69696.0,85825.0,127.0,264.0,292.95904150580503,0.4335076990531575,1.1224147073408703,115.69037440595667
368.0,964.0,500.0,964.0,368.0,964.0,17424.0,76176.0,93600.0,132.0,276.0,305.9411708155671,0.43145549730400484,1.124690777851493,115.5599651718238
363.0,965.0,496.0,965.0,363.0,965.0,17689.0,73441.0,91130.0,133.0,271.0,301.8774585821207,0.4405761219293543,1.1145559897252555,116.14064575771651
355.0,957.0,487.0,957.0,355.0,957.0,17424.0,78961.0,96385.0,132.0,281.0,310.4593371119638,0.42517645379238705,1.1316394973432937,115.16183287192334
347.0,953.0,476.0,953.0,347.0,953.0,16641.0,78961.0,95602.0,129.0,281.0,309.19573088902763,0.4172114525290744,1.1404215278679128,114.6586595873076
339.0,946.0,458.0,946.0,339.0,946.0,14161.0,85849.0,100010.0,119.0,293.0,316.24357700987383,0.376292227419008,1.1850052073370596,112.10420291856143
331.0,935.0,443.0,935.0,331.0,935.0,12544.0,89401.0,101945.0,112.0,299.0,319.2882710028666,0.3507801888500766,1.2123922254228614,110.53504236879654
326.0,927.0,431.0,927.0,326.0,927.0,11025.0,96721.0,107746.0,105.0,311.0,328.24685832464564,0.31988120323805797,1.245192226925971,108.6557407146456
324.0,914.0,428.0,914.0,324.0,914.0,10816.0,96721.0,107537.0,104.0,311.0,327.9283458318296,0.31714245298371974,1.2480814525428745,108.49020028073595
321.0,902.0,422.0,902.0,321.0,902.0,10201.0,97969.0,108170.0,101.0,313.0,328.89207956410263,0.3070916153829561,1.258660860697957,107.88404484370344
319.0,890.0,425.0,890.0,319.0,890.0,11236.0,88209.0,99445.0,106.0,297.0,315.3490129998824,0.3361355058372722,1.2279856969511627,109.64160226226745
314.0,877.0,416.0,877.0,314.0,877.0,10404.0,81796.0,92200.0,102.0,286.0,303.6445290137795,0.33591911018877996,1.2282154523620374,109.62843824690404
314.0,862.0,415.0,862.0,314.0,862.0,10201.0,76729.0,86930.0,101.0,277.0,294.838939083697,0.342559908517812,1.2211560101874328,110.03291448922553
314.0,849.0,408.0,849.0,314.0,849.0,8836.0,72900.0,81736.0,94.0,270.0,285.8950856520622,0.32879194053163663,1.2357722157140798,109.19546760005288
311.0,835.0,407.0,835.0,311.0,835.0,9216.0,80089.0,89305.0,96.0,283.0,298.8394217635953,0.3212427578445233,1.2437548164798538,108.73809826663613
304.0,819.0,402.0,819.0,304.0,819.0,9604.0,78961.0,88565.0,98.0,281.0,297.5987231155403,0.3293024881761751,1.2352315608691309,109.22644484084175
305.0,807.0,390.0,807.0,305.0,807.0,7225.0,87025.0,94250.0,85.0,295.0,307.001628660175,0.2768714953433939,1.2902595350565746,106.07357416474639
304.0,795.0,375.0,795.0,304.0,795.0,5041.0,94864.0,99905.0,71.0,308.0,316.07752213657966,0.2246284377328177,1.3442346141408816,102.98102993433075
303.0,783.0,368.0,783.0,303.0,783.0,4225.0,98596.0,102821.0,65.0,314.0,320.65713776555793,0.20270872637653073,1.3666730397048434,101.69540285059729
301.0,770.0,361.0,770.0,301.0,770.0,3600.0,101761.0,105361.0,60.0,319.0,324.59359205012044,0.1848465326165016,1.38488062515695,100.65218504906778
302.0,761.0,356.0,761.0,302.0,761.0,2916.0,106276.0,109192.0,54.0,326.0,330.44212806480954,0.16341741991629163,1.4066426739275089,99.4053115009569
299.0,750.0,348.0,750.0,299.0,750.0,2401.0,110889.0,113290.0,49.0,333.0,336.58579886857973,0.14557952285780215,1.4246976162438607,98.37083950687779
297.0,739.0,348.0,739.0,297.0,739.0,2601.0,106276.0,108877.0,51.0,326.0,329.9651496749316,0.15456177735813356,1.4156124416149762,98.8913816692522
296.0,734.0,347.0,734.0,296.0,734.0,2601.0,104976.0,107577.0,51.0,324.0,327.98932909471307,0.15549286356591435,1.4146699609515545,98.94538183353896
294.0,722.0,340.0,722.0,294.0,722.0,2116.0,106276.0,108392.0,46.0,326.0,329.2294033041399,0.1397202058453616,1.4306174835582866,98.03165609448374
298.0,712.0,338.0,712.0,298.0,712.0,1600.0,110224.0,111824.0,40.0,332.0,334.40095693642985,0.11961688257849114,1.4508923414298727,96.86999230821426
298.0,709.0,328.0,709.0,298.0,709.0,900.0,110224.0,111124.0,30.0,332.0,333.35266610603253,0.08999478045409609,1.4806796225934187,95.16330681437354
292.0,699.0,322.0,699.0,292.0,699.0,900.0,115600.0,116500.0,30.0,340.0,341.32096331752024,0.08789381029635715,1.4827889532671559,95.04245106917091
291.0,691.0,326.0,691.0,291.0,691.0,1225.0,117649.0,118874.0,35.0,343.0,344.78108996869304,0.10151368801339448,1.4691074750318196,95.82634202955578
290.0,689.0,319.0,689.0,290.0,689.0,841.0,112896.0,113737.0,29.0,336.0,337.24916604789405,0.08598983457792035,1.4847001662993222,94.93294662867737
287.0,687.0,317.0,687.0,287.0,687.0,900.0,113569.0,114469.0,30.0,337.0,338.3326765182459,0.08867012287647638,1.4820095976923537,95.08710485434706
286.0,679.0,317.0,679.0,286.0,679.0,961.0,118336.0,119297.0,31.0,344.0,345.39397794402845,0.08975257815590401,1.4809228090257696,95.14937325816499
286.0,678.0,311.0,678.0,286.0,678.0,625.0,123201.0,123826.0,25.0,351.0,351.8891871029856,0.07104509293342787,1.4996913321424945,94.07401609588293
286.0,674.0,317.0,674.0,286.0,674.0,961.0,126025.0,126986.0,31.0,355.0,356.3509506090871,0.08699289267227646,1.4836933351631527,94.99063380346225
284.0,676.0,316.0,676.0,284.0,676.0,1024.0,123904.0,124928.0,32.0,352.0,353.45155254999236,0.09053574604251853,1.4801364395941514,95.1944289077348
281.0,680.0,311.0,680.0,281.0,680.0,900.0,119025.0,119925.0,30.0,345.0,346.30189141845585,0.086629616364842,1.4840579881189115,94.9697407281103
282.0,683.0,318.0,683.0,282.0,683.0,1296.0,116964.0,118260.0,36.0,342.0,343.8895171417704,0.10468478451804275,1.4659193880646628,96.00900595749452
283.0,675.0,307.0,675.0,283.0,675.0,576.0,119716.0,120292.0,24.0,346.0,346.8313711301214,0.06919789268715221,1.5015430908374225,93.9679181379869
281.0,674.0,311.0,674.0,281.0,674.0,900.0,116964.0,117864.0,30.0,342.0,343.3132680220792,0.08738374771484402,1.4833009859925053,95.0131137550358
280.0,676.0,310.0,676.0,280.0,676.0,900.0,115600.0,116500.0,30.0,340.0,341.32096331752024,0.08789381029635715,1.4827889532671559,95.04245106917091
278.0,680.0,309.0,680.0,278.0,680.0,961.0,109561.0,110522.0,31.0,331.0,332.4484922510553,0.09324752773006927,1.4774131347796933,95.35046277993092
281.0,679.0,305.0,679.0,281.0,679.0,576.0,110224.0,110800.0,24.0,332.0,332.86633954186476,0.07210101217513316,1.4986326978352391,94.13467137373641
283.0,680.0,301.0,680.0,283.0,680.0,324.0,109561.0,109885.0,18.0,331.0,331.48906467634794,0.05430043376415583,1.5164691730884228,93.11271662033946
279.0,676.0,303.0,676.0,279.0,676.0,576.0,109561.0,110137.0,24.0,331.0,331.86895003901765,0.07231770250630055,1.4984154403523264,94.14711931057495
278.0,675.0,303.0,675.0,278.0,675.0,625.0,113569.0,114194.0,25.0,337.0,337.9260274083664,0.0739806879976983,1.4967479875743792,94.24265731728869
277.0,681.0,302.0,681.0,277.0,681.0,625.0,109561.0,110186.0,25.0,331.0,331.94276615103394,0.07531418831590082,1.4954107562636187,94.31927502762801
281.0,675.0,300.0,675.0,281.0,675.0,361.0,112225.0,112586.0,19.0,335.0,335.538373364359,0.05662541607236088,1.5141406059969693,93.24613368699279
282.0,677.0,300.0,677.0,282.0,677.0,324.0,119025.0,119349.0,18.0,345.0,345.469246098694,0.052103045939023304,1.5186696777492505,92.98663699047516
282.0,675.0,300.0,675.0,282.0,675.0,324.0,116964.0,117288.0,18.0,342.0,342.47335662792807,0.05255883312276367,1.5182132651839548,93.01278750418334
280.0,678.0,298.0,678.0,280.0,678.0,324.0,114921.0,115245.0,18.0,339.0,339.4775397577872,0.05302265361308664,1.5177487970334256,93.03939956892691
278.0,679.0,302.0,679.0,278.0,679.0,576.0,119025.0,119601.0,24.0,345.0,345.83377510011945,0.06939750171322034,1.5013430007995745,93.97938245267821
277.0,677.0,301.0,677.0,277.0,677.0,576.0,116281.0,116857.0,24.0,341.0,341.84353145847297,0.070207559281886,1.5005309625077397,94.02590881960334
278.0,680.0,302.0,680.0,278.0,680.0,576.0,114244.0,114820.0,24.0,338.0,338.85099970340946,0.07082759095002462,1.499909383431412,94.06152267731058
279.0,680.0,303.0,680.0,279.0,680.0,576.0,114244.0,114820.0,24.0,338.0,338.85099970340946,0.07082759095002462,1.499909383431412,94.06152267731058
278.0,678.0,302.0,678.0,278.0,678.0,576.0,111556.0,112132.0,24.0,334.0,334.8611652610676,0.07167149400943193,1.4990633301203975,94.10999796127477
279.0,678.0,303.0,678.0,279.0,678.0,576.0,115600.0,116176.0,24.0,340.0,340.84600628436294,0.0704130298067132,1.5003249822161009,94.03771062097712
278.0,679.0,303.0,679.0,278.0,679.0,625.0,110889.0,111514.0,25.0,333.0,333.9371198294673,0.07486439367018206,1.4958618243623574,94.2934307292973
280.0,680.0,304.0,680.0,280.0,680.0,576.0,114921.0,115497.0,24.0,339.0,339.84849565652047,0.07061970350534205,1.500117792744291,94.04958170327137
280.0,676.0,310.0,676.0,280.0,676.0,900.0,121801.0,122701.0,30.0,349.0,350.28702516650543,0.08564405143393422,1.4850472297895436,94.9130613554646
279.0,676.0,303.0,676.0,279.0,676.0,576.0,118336.0,118912.0,24.0,344.0,344.8361929960369,0.06959826284903867,1.5011417530663285,93.99091309842977
279.0,680.0,308.0,680.0,279.0,680.0,841.0,114921.0,115762.0,29.0,339.0,340.2381518877623,0.08523441547956243,1.4854583691258396,94.88950480670304
278.0,678.0,302.0,678.0,278.0,678.0,576.0,116964.0,117540.0,24.0,342.0,342.8410710518797,0.07000328148073091,1.5007357441564413,94.01417569541101
277.0,681.0,301.0,681.0,277.0,681.0,576.0,110889.0,111465.0,24.0,333.0,333.86374466239965,0.07188561316913464,1.4988486572315145,94.12229781178364
276.0,681.0,301.0,681.0,276.0,681.0,625.0,110889.0,111514.0,25.0,333.0,333.9371198294673,0.07486439367018206,1.4958618243623574,94.2934307292973
275.0,679.0,300.0,679.0,275.0,679.0,625.0,112896.0,113521.0,25.0,336.0,336.92877585626314,0.0741996581813636,1.4965284139021569,94.25523796199921
275.0,681.0,299.0,681.0,275.0,681.0,576.0,112225.0,112801.0,24.0,335.0,335.85860119996926,0.07145864335244602,1.4992767279440569,94.09777116662181
275.0,683.0,299.0,683.0,275.0,683.0,576.0,110889.0,111465.0,24.0,333.0,333.86374466239965,0.07188561316913464,1.4988486572315145,94.12229781178364
274.0,682.0,304.0,682.0,274.0,682.0,900.0,110889.0,111789.0,30.0,333.0,334.34862045475825,0.08972670489621294,1.480948787100269,95.1478848241363
273.0,683.0,298.0,683.0,273.0,683.0,625.0,110224.0,110849.0,25.0,332.0,332.93993452273037,0.07508861932059162,1.4956369658021837,94.30631417578263
273.0,680.0,297.0,680.0,273.0,680.0,576.0,112225.0,112801.0,24.0,335.0,335.85860119996926,0.07145864335244602,1.4992767279440569,94.09777116662181
271.0,678.0,296.0,678.0,271.0,678.0,625.0,112225.0,112850.0,25.0,335.0,335.9315406448165,0.07441992482162528,1.4963075365810148,94.26789330029081
277.0,678.0,295.0,678.0,277.0,678.0,324.0,112896.0,113220.0,18.0,336.0,336.48179742743883,0.0534947213716119,1.5172760583355815,93.06648550112588
276.0,677.0,295.0,677.0,276.0,677.0,361.0,112896.0,113257.0,19.0,336.0,336.53677362214074,0.05645742602064926,1.5143088652208576,93.23649314359984
273.0,681.0,291.0,681.0,273.0,681.0,324.0,110224.0,110548.0,18.0,332.0,332.48759375351136,0.05413735832003477,1.5166324887580167,93.10335932174337
272.0,682.0,296.0,682.0,272.0,682.0,576.0,110224.0,110800.0,24.0,332.0,332.86633954186476,0.07210101217513316,1.4986326978352391,94.13467137373641
271.0,683.0,289.0,683.0,271.0,683.0,324.0,110224.0,110548.0,18.0,332.0,332.48759375351136,0.05413735832003477,1.5166324887580167,93.10335932174337
276.0,679.0,288.0,679.0,276.0,679.0,144.0,113569.0,113713.0,12.0,337.0,337.2135821701137,0.035585755243827566,1.535203056621528,92.0393441600029
276.0,684.0,288.0,684.0,276.0,684.0,144.0,109561.0,109705.0,12.0,331.0,331.2174512310606,0.036229975067432904,1.5345584210642613,92.07627905675834
276.0,683.0,288.0,683.0,276.0,683.0,144.0,109561.0,109705.0,12.0,331.0,331.2174512310606,0.036229975067432904,1.5345584210642613,92.07627905675834
276.0,681.0,289.0,681.0,276.0,681.0,169.0,114244.0,114413.0,13.0,338.0,338.2499076126999,0.0384331221012044,1.5323537367737086,92.2025981617658
275.0,678.0,287.0,678.0,275.0,678.0,144.0,114921.0,115065.0,12.0,339.0,339.21232288936676,0.03537607330354496,1.5354128706707453,92.02732270050019
276.0,681.0,288.0,681.0,276.0,681.0,144.0,115600.0,115744.0,12.0,340.0,340.2116987994387,0.0352721556676222,1.5355168532013053,92.02136494035602
275.0,680.0,287.0,680.0,275.0,680.0,144.0,116281.0,116425.0,12.0,341.0,341.2110783664563,0.035168846385204865,1.5356202266201853,92.01544207974035
275.0,684.0,287.0,684.0,275.0,684.0,144.0,112896.0,113040.0,12.0,336.0,336.2142174269256,0.03569153051241249,1.5350972141155725,92.04540848888723
274.0,684.0,286.0,684.0,274.0,684.0,144.0,106929.0,107073.0,12.0,327.0,327.2201094064972,0.036672562764450106,1.5341155390382448,92.10165432767128
270.0,682.0,288.0,682.0,270.0,682.0,324.0,113569.0,113893.0,18.0,337.0,337.4803697994892,0.05333643557014747,1.5174345704340109,93.05740342688412
276.0,679.0,288.0,679.0,276.0,679.0,144.0,112225.0,112369.0,12.0,335.0,335.2148564726808,0.03579793606485926,1.5349907405214265,92.05150897646139
270.0,683.0,288.0,683.0,270.0,683.0,324.0,113569.0,113893.0,18.0,337.0,337.4803697994892,0.05333643557014747,1.5174345704340109,93.05740342688412
270.0,682.0,288.0,682.0,270.0,682.0,324.0,113569.0,113893.0,18.0,337.0,337.4803697994892,0.05333643557014747,1.5174345704340109,93.05740342688412
270.0,683.0,288.0,683.0,270.0,683.0,324.0,112896.0,113220.0,18.0,336.0,336.48179742743883,0.0534947213716119,1.5172760583355815,93.06648550112588
270.0,684.0,288.0,684.0,270.0,684.0,324.0,112896.0,113220.0,18.0,336.0,336.48179742743883,0.0534947213716119,1.5172760583355815,93.06648550112588
270.0,684.0,288.0,684.0,270.0,684.0,324.0,112896.0,113220.0,18.0,336.0,336.48179742743883,0.0534947213716119,1.5172760583355815,93.06648550112588
270.0,682.0,288.0,682.0,270.0,682.0,324.0,109561.0,109885.0,18.0,331.0,331.48906467634794,0.05430043376415583,1.5164691730884228,93.11271662033946
269.0,678.0,287.0,678.0,269.0,678.0,324.0,114244.0,114568.0,18.0,338.0,338.47895060106765,0.05317908238617431,1.5175921472514058,93.04837494029829
269.0,683.0,287.0,683.0,269.0,683.0,324.0,110889.0,111213.0,18.0,333.0,333.4861316456803,0.053975258015000444,1.5167948264189284,93.0940580589171
269.0,683.0,287.0,683.0,269.0,683.0,324.0,110889.0,111213.0,18.0,333.0,333.4861316456803,0.053975258015000444,1.5167948264189284,93.0940580589171
269.0,682.0,287.0,682.0,269.0,682.0,324.0,111556.0,111880.0,18.0,334.0,334.4846782739084,0.053814124141315256,1.5169561948215942,93.08481233049758
269.0,683.0,287.0,683.0,269.0,683.0,324.0,110889.0,111213.0,18.0,333.0,333.4861316456803,0.053975258015000444,1.5167948264189284,93.0940580589171
269.0,683.0,287.0,683.0,269.0,683.0,324.0,110889.0,111213.0,18.0,333.0,333.4861316456803,0.053975258015000444,1.5167948264189284,93.0940580589171
271.0,681.0,289.0,681.0,271.0,681.0,324.0,113569.0,113893.0,18.0,337.0,337.4803697994892,0.05333643557014747,1.5174345704340109,93.05740342688412
269.0,682.0,288.0,682.0,269.0,682.0,361.0,108241.0,108602.0,19.0,329.0,329.548175537356,0.0576546963703225,1.5131096412341796,93.30520361672735
270.0,675.0,288.0,675.0,270.0,675.0,324.0,112896.0,113220.0,18.0,336.0,336.48179742743883,0.0534947213716119,1.5172760583355815,93.06648550112588
270.0,676.0,288.0,676.0,270.0,676.0,324.0,112896.0,113220.0,18.0,336.0,336.48179742743883,0.0534947213716119,1.5172760583355815,93.06648550112588
264.0,683.0,289.0,683.0,264.0,683.0,625.0,108900.0,109525.0,25.0,330.0,330.94561486745823,0.07554111272939015,1.4951831835580667,94.33231398318851
270.0,683.0,288.0,683.0,270.0,683.0,324.0,108900.0,109224.0,18.0,330.0,330.4905444940899,0.05446449315986979,1.5163048705541655,93.1221304621157
264.0,683.0,282.0,683.0,264.0,683.0,324.0,107584.0,107908.0,18.0,328.0,328.4935311387425,0.054795599589440684,1.5159732689304184,93.1411298356361
270.0,679.0,288.0,679.0,270.0,679.0,324.0,110889.0,111213.0,18.0,333.0,333.4861316456803,0.053975258015000444,1.5167948264189284,93.0940580589171
270.0,678.0,288.0,678.0,270.0,678.0,324.0,114921.0,115245.0,18.0,339.0,339.4775397577872,0.05302265361308664,1.5177487970334256,93.03939956892691
272.0,682.0,284.0,682.0,272.0,682.0,144.0,108900.0,109044.0,12.0,330.0,330.21810973960834,0.03633961810714298,1.534448705775876,92.08256527973087
270.0,679.0,288.0,679.0,270.0,679.0,324.0,112896.0,113220.0,18.0,336.0,336.48179742743883,0.0534947213716119,1.5172760583355815,93.06648550112588
268.0,677.0,287.0,677.0,268.0,677.0,361.0,116281.0,116642.0,19.0,341.0,341.528915320504,0.05563218558572021,1.515135404789198,93.18913591473337
270.0,678.0,283.0,678.0,270.0,678.0,169.0,108900.0,109069.0,13.0,330.0,330.25596133908016,0.03936340754392212,1.5314227467017096,92.25593996365993
268.0,678.0,286.0,678.0,268.0,678.0,324.0,115600.0,115924.0,18.0,340.0,340.47613719613304,0.05286714114014694,1.5179045279291765,93.03047684586059
270.0,678.0,283.0,678.0,270.0,678.0,169.0,108900.0,109069.0,13.0,330.0,330.25596133908016,0.03936340754392212,1.5314227467017096,92.25593996365993
268.0,678.0,287.0,678.0,268.0,678.0,361.0,115600.0,115961.0,19.0,340.0,340.5304685340212,0.05579530102488252,1.5149720356020806,93.19849627965769
268.0,678.0,286.0,678.0,268.0,678.0,324.0,115600.0,115924.0,18.0,340.0,340.47613719613304,0.05286714114014694,1.5179045279291765,93.03047684586059
274.0,678.0,286.0,678.0,274.0,678.0,144.0,115600.0,115744.0,12.0,340.0,340.2116987994387,0.0352721556676222,1.5355168532013053,92.02136494035602
270.0,679.0,288.0,679.0,270.0,679.0,324.0,112896.0,113220.0,18.0,336.0,336.48179742743883,0.0534947213716119,1.5172760583355815,93.06648550112588
272.0,680.0,290.0,680.0,272.0,680.0,324.0,109561.0,109885.0,18.0,331.0,331.48906467634794,0.05430043376415583,1.5164691730884228,93.11271662033946
270.0,684.0,289.0,684.0,270.0,684.0,361.0,109561.0,109922.0,19.0,331.0,331.5448687583628,0.05730747717844374,1.5134574354723986,93.28527647473842
266.0,684.0,284.0,684.0,266.0,684.0,324.0,110889.0,111213.0,18.0,333.0,333.4861316456803,0.053975258015000444,1.5167948264189284,93.0940580589171
270.0,678.0,288.0,678.0,270.0,678.0,324.0,113569.0,113893.0,18.0,337.0,337.4803697994892,0.05333643557014747,1.5174345704340109,93.05740342688412
269.0,679.0,288.0,679.0,269.0,679.0,361.0,113569.0,113930.0,19.0,337.0,337.53518335130633,0.05629042818989574,1.5144761290471744,93.22690963228668
274.0,677.0,287.0,677.0,274.0,677.0,169.0,116964.0,117133.0,13.0,342.0,342.2469868384527,0.037984264288457435,1.532802922594144,92.17686171003774
268.0,677.0,287.0,677.0,268.0,677.0,361.0,121104.0,121465.0,19.0,348.0,348.5182922028627,0.054516507239570175,1.5162527790815865,93.1251150836431
267.0,676.0,285.0,676.0,267.0,676.0,324.0,112225.0,112549.0,18.0,335.0,335.4832335601885,0.05365394809446013,1.5171166026124725,93.07562164107924
267.0,683.0,285.0,683.0,267.0,683.0,324.0,112225.0,112549.0,18.0,335.0,335.4832335601885,0.05365394809446013,1.5171166026124725,93.07562164107924
266.0,676.0,284.0,676.0,266.0,676.0,324.0,116281.0,116605.0,18.0,341.0,341.4747428434496,0.05271253695109208,1.5180593479926199,93.02160630964134
267.0,681.0,285.0,681.0,267.0,681.0,324.0,108900.0,109224.0,18.0,330.0,330.4905444940899,0.05446449315986979,1.5163048705541655,93.1221304621157
271.0,676.0,289.0,676.0,271.0,676.0,324.0,115600.0,115924.0,18.0,340.0,340.47613719613304,0.05286714114014694,1.5179045279291765,93.03047684586059
265.0,684.0,289.0,684.0,265.0,684.0,576.0,110889.0,111465.0,24.0,333.0,333.86374466239965,0.07188561316913464,1.4988486572315145,94.12229781178364
265.0,685.0,290.0,685.0,265.0,685.0,625.0,110224.0,110849.0,25.0,332.0,332.93993452273037,0.07508861932059162,1.4956369658021837,94.30631417578263
272.0,677.0,290.0,677.0,272.0,677.0,324.0,110889.0,111213.0,18.0,333.0,333.4861316456803,0.053975258015000444,1.5167948264189284,93.0940580589171
265.0,684.0,290.0,684.0,265.0,684.0,625.0,110224.0,110849.0,25.0,332.0,332.93993452273037,0.07508861932059162,1.4956369658021837,94.30631417578263
271.0,679.0,290.0,679.0,271.0,679.0,361.0,113569.0,113930.0,19.0,337.0,337.53518335130633,0.05629042818989574,1.5144761290471744,93.22690963228668
267.0,678.0,286.0,678.0,267.0,678.0,361.0,111556.0,111917.0,19.0,334.0,334.53998266276034,0.05679440719991107,1.5139713424730938,93.25583177253637
267.0,679.0,285.0,679.0,267.0,679.0,324.0,110889.0,111213.0,18.0,333.0,333.4861316456803,0.053975258015000444,1.5167948264189284,93.0940580589171
267.0,678.0,285.0,678.0,267.0,678.0,324.0,111556.0,111880.0,18.0,334.0,334.4846782739084,0.053814124141315256,1.5169561948215942,93.08481233049758
273.0,679.0,291.0,679.0,273.0,679.0,324.0,114921.0,115245.0,18.0,339.0,339.4775397577872,0.05302265361308664,1.5177487970334256,93.03939956892691
273.0,679.0,291.0,679.0,273.0,679.0,324.0,114921.0,115245.0,18.0,339.0,339.4775397577872,0.05302265361308664,1.5177487970334256,93.03939956892691
267.0,679.0,291.0,679.0,267.0,679.0,576.0,114921.0,115497.0,24.0,339.0,339.84849565652047,0.07061970350534205,1.500117792744291,94.04958170327137
271.0,679.0,289.0,679.0,271.0,679.0,324.0,112896.0,113220.0,18.0,336.0,336.48179742743883,0.0534947213716119,1.5172760583355815,93.06648550112588
271.0,679.0,289.0,679.0,271.0,679.0,324.0,112896.0,113220.0,18.0,336.0,336.48179742743883,0.0534947213716119,1.5172760583355815,93.06648550112588
271.0,679.0,289.0,679.0,271.0,679.0,324.0,112896.0,113220.0,18.0,336.0,336.48179742743883,0.0534947213716119,1.5172760583355815,93.06648550112588
269.0,679.0,287.0,679.0,269.0,679.0,324.0,111556.0,111880.0,18.0,334.0,334.4846782739084,0.053814124141315256,1.5169561948215942,93.08481233049758
269.0,677.0,288.0,677.0,269.0,677.0,361.0,112225.0,112586.0,19.0,335.0,335.538373364359,0.05662541607236088,1.5141406059969693,93.24613368699279
269.0,677.0,288.0,677.0,269.0,677.0,361.0,112225.0,112586.0,19.0,335.0,335.538373364359,0.05662541607236088,1.5141406059969693,93.24613368699279
269.0,682.0,288.0,682.0,269.0,682.0,361.0,112896.0,113257.0,19.0,336.0,336.53677362214074,0.05645742602064926,1.5143088652208576,93.23649314359984
269.0,676.0,288.0,676.0,269.0,676.0,361.0,112896.0,113257.0,19.0,336.0,336.53677362214074,0.05645742602064926,1.5143088652208576,93.23649314359984
270.0,676.0,288.0,676.0,270.0,676.0,324.0,112896.0,113220.0,18.0,336.0,336.48179742743883,0.0534947213716119,1.5172760583355815,93.06648550112588
269.0,676.0,288.0,676.0,269.0,676.0,361.0,112896.0,113257.0,19.0,336.0,336.53677362214074,0.05645742602064926,1.5143088652208576,93.23649314359984
269.0,682.0,288.0,682.0,269.0,682.0,361.0,108900.0,109261.0,19.0,330.0,330.5465171500072,0.05748056329202676,1.5132840635731586,93.29520995285105
269.0,682.0,288.0,682.0,269.0,682.0,361.0,112896.0,113257.0,19.0,336.0,336.53677362214074,0.05645742602064926,1.5143088652208576,93.23649314359984
269.0,682.0,288.0,682.0,269.0,682.0,361.0,112896.0,113257.0,19.0,336.0,336.53677362214074,0.05645742602064926,1.5143088652208576,93.23649314359984
269.0,682.0,288.0,682.0,269.0,682.0,361.0,112896.0,113257.0,19.0,336.0,336.53677362214074,0.05645742602064926,1.5143088652208576,93.23649314359984
269.0,681.0,288.0,681.0,269.0,681.0,361.0,113569.0,113930.0,19.0,337.0,337.53518335130633,0.05629042818989574,1.5144761290471744,93.22690963228668
270.0,681.0,288.0,681.0,270.0,681.0,324.0,113569.0,113893.0,18.0,337.0,337.4803697994892,0.05333643557014747,1.5174345704340109,93.05740342688412
270.0,676.0,288.0,676.0,270.0,676.0,324.0,112225.0,112549.0,18.0,335.0,335.4832335601885,0.05365394809446013,1.5171166026124725,93.07562164107924
270.0,682.0,289.0,682.0,270.0,682.0,361.0,112896.0,113257.0,19.0,336.0,336.53677362214074,0.05645742602064926,1.5143088652208576,93.23649314359984
270.0,682.0,289.0,682.0,270.0,682.0,361.0,108900.0,109261.0,19.0,330.0,330.5465171500072,0.05748056329202676,1.5132840635731586,93.29520995285105
270.0,681.0,289.0,681.0,270.0,681.0,361.0,113569.0,113930.0,19.0,337.0,337.53518335130633,0.05629042818989574,1.5144761290471744,93.22690963228668
270.0,681.0,289.0,681.0,270.0,681.0,361.0,113569.0,113930.0,19.0,337.0,337.53518335130633,0.05629042818989574,1.5144761290471744,93.22690963228668
270.0,682.0,289.0,682.0,270.0,682.0,361.0,112896.0,113257.0,19.0,336.0,336.53677362214074,0.05645742602064926,1.5143088652208576,93.23649314359984
270.0,682.0,289.0,682.0,270.0,682.0,361.0,112896.0,113257.0,19.0,336.0,336.53677362214074,0.05645742602064926,1.5143088652208576,93.23649314359984
270.0,682.0,289.0,682.0,270.0,682.0,361.0,112896.0,113257.0,19.0,336.0,336.53677362214074,0.05645742602064926,1.5143088652208576,93.23649314359984
270.0,683.0,288.0,683.0,270.0,683.0,324.0,112225.0,112549.0,18.0,335.0,335.4832335601885,0.05365394809446013,1.5171166026124725,93.07562164107924
270.0,682.0,288.0,682.0,270.0,682.0,324.0,112896.0,113220.0,18.0,336.0,336.48179742743883,0.0534947213716119,1.5172760583355815,93.06648550112588
270.0,677.0,288.0,677.0,270.0,677.0,324.0,116281.0,116605.0,18.0,341.0,341.4747428434496,0.05271253695109208,1.5180593479926199,93.02160630964134
270.0,678.0,288.0,678.0,270.0,678.0,324.0,111556.0,111880.0,18.0,334.0,334.4846782739084,0.053814124141315256,1.5169561948215942,93.08481233049758
270.0,679.0,288.0,679.0,270.0,679.0,324.0,110889.0,111213.0,18.0,333.0,333.4861316456803,0.053975258015000444,1.5167948264189284,93.0940580589171
270.0,679.0,289.0,679.0,270.0,679.0,361.0,110889.0,111250.0,19.0,333.0,333.54160160315837,0.056964408363685465,1.5138010656404546,93.26558791639546
271.0,679.0,289.0,679.0,271.0,679.0,324.0,110889.0,111213.0,18.0,333.0,333.4861316456803,0.053975258015000444,1.5167948264189284,93.0940580589171
271.0,679.0,290.0,679.0,271.0,679.0,361.0,110889.0,111250.0,19.0,333.0,333.54160160315837,0.056964408363685465,1.5138010656404546,93.26558791639546
271.0,677.0,290.0,677.0,271.0,677.0,361.0,112225.0,112586.0,19.0,335.0,335.538373364359,0.05662541607236088,1.5141406059969693,93.24613368699279
271.0,678.0,290.0,678.0,271.0,678.0,361.0,111556.0,111917.0,19.0,334.0,334.53998266276034,0.05679440719991107,1.5139713424730938,93.25583177253637
272.0,679.0,290.0,679.0,272.0,679.0,324.0,111556.0,111880.0,18.0,334.0,334.4846782739084,0.053814124141315256,1.5169561948215942,93.08481233049758
272.0,680.0,284.0,680.0,272.0,680.0,144.0,110224.0,110368.0,12.0,332.0,332.2167966855379,0.03612099123139365,1.534667476282121,92.0700306530411
272.0,680.0,284.0,680.0,272.0,680.0,144.0,110889.0,111033.0,12.0,333.0,333.2161460673837,0.036012660675732486,1.5347758773657074,92.06381972845695
272.0,681.0,291.0,681.0,272.0,681.0,361.0,109561.0,109922.0,19.0,331.0,331.5448687583628,0.05730747717844374,1.5134574354723986,93.28527647473842
272.0,680.0,291.0,680.0,272.0,680.0,361.0,110224.0,110585.0,19.0,332.0,332.54323027239633,0.057135428631148254,1.5136297663823233,93.2754026409201
272.0,681.0,291.0,681.0,272.0,681.0,361.0,109561.0,109922.0,19.0,331.0,331.5448687583628,0.05730747717844374,1.5134574354723986,93.28527647473842
266.0,676.0,291.0,676.0,266.0,676.0,625.0,113569.0,114194.0,25.0,337.0,337.9260274083664,0.0739806879976983,1.4967479875743792,94.24265731728869
267.0,676.0,291.0,676.0,267.0,676.0,576.0,113569.0,114145.0,24.0,337.0,337.85351855500926,0.07103670283691992,1.499699743491086,94.07353416110863
267.0,683.0,291.0,683.0,267.0,683.0,576.0,108900.0,109476.0,24.0,330.0,330.8715762950937,0.07253569577882138,1.498196873064402,94.15964229371264
266.0,683.0,291.0,683.0,266.0,683.0,625.0,108900.0,109525.0,25.0,330.0,330.94561486745823,0.07554111272939015,1.4951831835580667,94.33231398318851
272.0,678.0,291.0,678.0,272.0,678.0,361.0,116281.0,116642.0,19.0,341.0,341.528915320504,0.05563218558572021,1.515135404789198,93.18913591473337
272.0,679.0,291.0,679.0,272.0,679.0,361.0,115600.0,115961.0,19.0,340.0,340.5304685340212,0.05579530102488252,1.5149720356020806,93.19849627965769
273.0,679.0,291.0,679.0,273.0,679.0,324.0,114921.0,115245.0,18.0,339.0,339.4775397577872,0.05302265361308664,1.5177487970334256,93.03939956892691
273.0,678.0,291.0,678.0,273.0,678.0,324.0,115600.0,115924.0,18.0,340.0,340.47613719613304,0.05286714114014694,1.5179045279291765,93.03047684586059
274.0,683.0,292.0,683.0,274.0,683.0,324.0,111556.0,111880.0,18.0,334.0,334.4846782739084,0.053814124141315256,1.5169561948215942,93.08481233049758
274.0,681.0,292.0,681.0,274.0,681.0,324.0,117649.0,117973.0,18.0,343.0,343.4719784785944,0.05240602182376221,1.5183662873709778,93.00401997869507
274.0,680.0,292.0,680.0,274.0,680.0,324.0,110224.0,110548.0,18.0,332.0,332.48759375351136,0.05413735832003477,1.5166324887580167,93.10335932174337
274.0,680.0,292.0,680.0,274.0,680.0,324.0,110224.0,110548.0,18.0,332.0,332.48759375351136,0.05413735832003477,1.5166324887580167,93.10335932174337
276.0,680.0,294.0,680.0,276.0,680.0,324.0,113569.0,113893.0,18.0,337.0,337.4803697994892,0.05333643557014747,1.5174345704340109,93.05740342688412
276.0,682.0,293.0,682.0,276.0,682.0,289.0,108900.0,109189.0,17.0,330.0,330.4375886608544,0.051446931533712416,1.5193266733448294,92.94899391568981
276.0,679.0,299.0,679.0,276.0,679.0,529.0,110889.0,111418.0,23.0,333.0,333.79334924470857,0.06890490793793011,1.5018367765852196,93.95109118413498
275.0,677.0,298.0,677.0,275.0,677.0,529.0,109561.0,110090.0,23.0,331.0,331.79813139919884,0.06931925717305452,1.5014214342225096,93.97488854857126
276.0,678.0,293.0,678.0,276.0,678.0,289.0,108900.0,109189.0,17.0,330.0,330.4375886608544,0.051446931533712416,1.5193266733448294,92.94899391568981
275.0,676.0,298.0,676.0,275.0,676.0,529.0,110224.0,110753.0,23.0,332.0,332.7957331457241,0.06911146300643461,1.501629727931744,93.96295419813299
275.0,678.0,299.0,678.0,275.0,678.0,576.0,110889.0,111465.0,24.0,333.0,333.86374466239965,0.07188561316913464,1.4988486572315145,94.12229781178364
275.0,677.0,299.0,677.0,275.0,677.0,576.0,111556.0,112132.0,24.0,334.0,334.8611652610676,0.07167149400943193,1.4990633301203975,94.10999796127477
277.0,679.0,295.0,679.0,277.0,679.0,324.0,106929.0,107253.0,18.0,327.0,327.4950381303509,0.05496266478649843,1.5158059515867481,93.15071641326774
274.0,677.0,292.0,677.0,274.0,677.0,324.0,104329.0,104653.0,18.0,323.0,323.5011591942137,0.05564122256883077,1.5151263537867998,93.18965449897115
275.0,675.0,293.0,675.0,275.0,675.0,324.0,104976.0,105300.0,18.0,324.0,324.49961479175903,0.05547001962252291,1.5152978215491797,93.17983011986423
273.0,674.0,297.0,674.0,273.0,674.0,576.0,102400.0,102976.0,24.0,320.0,320.8987379221053,0.07478994824163422,1.4959364790841299,94.28915332881901
274.0,673.0,298.0,673.0,274.0,673.0,576.0,102400.0,102976.0,24.0,320.0,320.8987379221053,0.07478994824163422,1.4959364790841299,94.28915332881901
275.0,674.0,299.0,674.0,275.0,674.0,576.0,105625.0,106201.0,24.0,325.0,325.8849490234245,0.07364562270187841,1.4970839694005564,94.22340697665564
276.0,676.0,300.0,676.0,276.0,676.0,576.0,101124.0,101700.0,24.0,318.0,318.90437438203946,0.0752576694706878,1.4954674359665565,94.31602751986561
277.0,675.0,301.0,675.0,277.0,675.0,576.0,101124.0,101700.0,24.0,318.0,318.90437438203946,0.0752576694706878,1.4954674359665565,94.31602751986561
275.0,675.0,305.0,675.0,275.0,675.0,900.0,101761.0,102661.0,30.0,319.0,320.4075529696515,0.09363075159105738,1.4770282269418875,95.37251637453869
274.0,678.0,310.0,678.0,274.0,678.0,1296.0,96100.0,97396.0,36.0,310.0,312.0833222073874,0.11535380918585925,1.4551851475630118,96.62403263451752
272.0,673.0,308.0,673.0,272.0,673.0,1296.0,99225.0,100521.0,36.0,315.0,317.05046916855366,0.1135465911607319,1.4570043196511886,96.51980175165698
273.0,677.0,309.0,677.0,273.0,677.0,1296.0,97344.0,98640.0,36.0,312.0,314.0700558792576,0.11462410798513051,1.4559197213779975,96.581944655178
268.0,674.0,316.0,674.0,268.0,674.0,2304.0,99225.0,101529.0,48.0,315.0,318.6361561405108,0.15064203818361768,1.419578636648456,98.66413543310806
272.0,677.0,319.0,677.0,272.0,677.0,2209.0,97969.0,100178.0,47.0,313.0,316.5090835979277,0.14849494828308216,1.4217501535969188,98.53971667682
275.0,679.0,322.0,679.0,275.0,679.0,2209.0,96721.0,98930.0,47.0,311.0,314.5313974788527,0.14942864329835312,1.4208059237264576,98.59381706328762
272.0,677.0,330.0,677.0,272.0,677.0,3364.0,98596.0,101960.0,58.0,314.0,319.31175988365976,0.18164066372354126,1.3881417138803258,100.46533842860065
274.0,678.0,332.0,678.0,274.0,678.0,3364.0,93636.0,97000.0,58.0,306.0,311.44823004794875,0.18622677672970128,1.3834759927691558,100.73266455665578
271.0,679.0,334.0,679.0,271.0,679.0,3969.0,93636.0,97605.0,63.0,306.0,312.41798923877604,0.20165292067048712,1.3677511095414314,101.63363399894044
273.0,681.0,337.0,681.0,273.0,681.0,4096.0,90601.0,94697.0,64.0,301.0,307.7287766849243,0.20797534988262725,1.3612917348591302,102.00372890652996
270.0,683.0,345.0,683.0,270.0,683.0,5625.0,89401.0,95026.0,75.0,299.0,308.26287483250394,0.24329884044827518,1.3250308817690095,104.08132275013777
272.0,689.0,341.0,689.0,272.0,689.0,4761.0,89401.0,94162.0,69.0,299.0,306.8582734749057,0.22485950669875843,1.3439974787410107,102.9946167919165
272.0,688.0,348.0,688.0,272.0,688.0,5776.0,87616.0,93392.0,76.0,296.0,305.60104711862493,0.2486902473553997,1.3194685426340562,104.40002130679105
273.0,688.0,355.0,688.0,273.0,688.0,6724.0,93025.0,99749.0,82.0,305.0,315.83065082414026,0.2596328120340003,1.3081543702639713,105.04827563228045
273.0,695.0,356.0,695.0,273.0,695.0,6889.0,91809.0,98698.0,83.0,303.0,314.1623783969048,0.26419458759998277,1.303427583524115,105.31910056313262
276.0,692.0,352.0,692.0,276.0,692.0,5776.0,90000.0,95776.0,76.0,300.0,309.4769781421552,0.24557561746996945,1.32268287769822,104.21585347367355
273.0,699.0,356.0,699.0,273.0,699.0,6889.0,87025.0,93914.0,83.0,295.0,306.45391170614874,0.2708400735951013,1.2965307113484696,105.7142622306383
272.0,702.0,360.0,702.0,272.0,702.0,7744.0,85849.0,93593.0,88.0,293.0,305.92973049378514,0.28764775446297364,1.279026445289063,106.7171827993164
274.0,701.0,362.0,701.0,274.0,701.0,7744.0,85849.0,93593.0,88.0,293.0,305.92973049378514,0.28764775446297364,1.279026445289063,106.7171827993164
275.0,706.0,358.0,706.0,275.0,706.0,6889.0,82944.0,89833.0,83.0,288.0,299.7215374309961,0.2769237096253346,1.2902051960901553,106.07668755818533
276.0,709.0,368.0,709.0,276.0,709.0,8464.0,83521.0,91985.0,92.0,289.0,303.29028998634294,0.30333974755387894,1.2626007294339021,107.65830699329824
276.0,714.0,364.0,714.0,276.0,714.0,7744.0,84681.0,92425.0,88.0,291.0,304.0148022712052,0.2894595899363382,1.2771341168630295,106.82560523158075
279.0,718.0,362.0,718.0,279.0,718.0,6889.0,86436.0,93325.0,83.0,294.0,305.49140740780257,0.27169340278433013,1.2956441394105753,105.76505906091438
274.0,722.0,364.0,722.0,274.0,722.0,8100.0,83521.0,91621.0,90.0,289.0,302.6896099967754,0.2973342890790298,1.2688968739464512,107.29756448552472
280.0,726.0,375.0,726.0,280.0,726.0,9025.0,81796.0,90821.0,95.0,286.0,301.3652269257354,0.31523212206367324,1.250095089956468,108.3748273554674
275.0,730.0,376.0,730.0,275.0,730.0,10201.0,78400.0,88601.0,101.0,280.0,297.65920110085625,0.33931422118470994,1.224608555122795,109.83509823585001
277.0,737.0,377.0,737.0,277.0,737.0,10000.0,73984.0,83984.0,100.0,272.0,289.7999309868793,0.3450656446309765,1.218487602120755,110.18580300946485
275.0,740.0,379.0,740.0,275.0,740.0,10816.0,76729.0,87545.0,104.0,277.0,295.8800432607782,0.3514937974655427,1.2116300869247034,110.57870968814542
276.0,749.0,378.0,749.0,276.0,749.0,10404.0,77284.0,87688.0,102.0,278.0,296.1215966457023,0.3444530934433632,1.2191401609914914,110.14841414028783
277.0,751.0,380.0,751.0,277.0,751.0,10609.0,78961.0,89570.0,103.0,281.0,299.2824752637548,0.34415646926612414,1.219456102486666,110.13031202604127
277.0,757.0,385.0,757.0,277.0,757.0,11664.0,78400.0,90064.0,108.0,280.0,300.1066477104431,0.35987206822623746,1.2026655554697332,111.09233950582748
273.0,764.0,390.0,764.0,273.0,764.0,13689.0,75076.0,88765.0,117.0,274.0,297.9345565724124,0.3927036908575705,1.1672267080954777,113.12283589118061
272.0,770.0,389.0,770.0,272.0,770.0,13689.0,77284.0,90973.0,117.0,278.0,301.61730719572444,0.38790877449242916,1.1724347045429793,112.82443967501965
272.0,777.0,394.0,777.0,272.0,777.0,14884.0,77284.0,92168.0,122.0,278.0,303.59183124715327,0.40185534471999723,1.1572542372460295,113.69421638217123
274.0,786.0,406.0,786.0,274.0,786.0,17424.0,75076.0,92500.0,132.0,274.0,304.138126514911,0.43401332648614327,1.1218535401719418,115.72252691633757
273.0,794.0,413.0,794.0,273.0,794.0,19600.0,72900.0,92500.0,140.0,270.0,304.138126514911,0.4603171644550004,1.092443895416239,117.40757543781841
272.0,800.0,416.0,800.0,272.0,800.0,20736.0,77284.0,98020.0,144.0,278.0,313.0814590485997,0.45994419611302134,1.092863975206694,117.38350663876659
276.0,804.0,414.0,804.0,276.0,804.0,19044.0,84681.0,103725.0,138.0,291.0,322.0636583037583,0.4284867182060126,1.1279790378303076,115.37156175309595
276.0,812.0,424.0,812.0,276.0,812.0,21904.0,81796.0,103700.0,148.0,286.0,322.02484376209236,0.4595918695929573,1.0932607218631234,117.36077472981727
274.0,814.0,421.0,814.0,274.0,814.0,21609.0,80656.0,102265.0,147.0,284.0,319.7889929312765,0.45967811040823003,1.0931636156292084,117.366338507185
274.0,822.0,419.0,822.0,274.0,822.0,21025.0,81796.0,102821.0,145.0,286.0,320.65713776555793,0.4521963896091839,1.1015699751114953,116.88468958778017
275.0,830.0,424.0,830.0,275.0,830.0,22201.0,73984.0,96185.0,149.0,272.0,310.1370664722293,0.4804327379982552,1.0696482689261997,118.71366862705428
277.0,840.0,429.0,840.0,277.0,840.0,23104.0,75076.0,98180.0,152.0,274.0,313.3368794125581,0.48510089295894115,1.0643177851253631,119.01908285160506
274.0,849.0,426.0,849.0,274.0,849.0,23104.0,74529.0,97633.0,152.0,273.0,312.4627977855924,0.48645791139686423,1.0627652768227154,119.10803502500579
272.0,855.0,432.0,855.0,272.0,855.0,25600.0,73441.0,99041.0,160.0,271.0,314.70780098370614,0.5084081154006218,1.0374611766702881,120.55785316811622
276.0,860.0,435.0,860.0,276.0,860.0,25281.0,74529.0,99810.0,159.0,273.0,315.9272068056184,0.5032804917552683,1.0434054052614035,120.21727395738432
276.0,868.0,434.0,868.0,276.0,868.0,24964.0,73984.0,98948.0,158.0,272.0,314.5600101729398,0.5022888952512884,1.0445525399390496,120.15154798182209
276.0,879.0,433.0,879.0,276.0,879.0,24649.0,70756.0,95405.0,157.0,266.0,308.8769981724117,0.5082929480956829,1.037594913270112,120.55019062537988
275.0,882.0,436.0,882.0,275.0,882.0,25921.0,69696.0,95617.0,161.0,264.0,309.2199864174371,0.5206649216479013,1.0231667462526706,121.37686370158914
276.0,890.0,437.0,890.0,276.0,890.0,25921.0,69169.0,95090.0,161.0,263.0,308.36666486505965,0.5221057213510842,1.0214782849876702,121.47360540594498
279.0,900.0,441.0,900.0,279.0,900.0,26244.0,68121.0,94365.0,162.0,261.0,307.18886698576824,0.5273628617781428,1.015302591529353,121.82744657667311
276.0,905.0,431.0,905.0,276.0,905.0,24025.0,70756.0,94781.0,155.0,266.0,307.8652302550582,0.5034670523578989,1.043189495823347,120.229644656942
282.0,912.0,443.0,912.0,282.0,912.0,25921.0,67600.0,93521.0,161.0,260.0,305.81203377238114,0.5264671831711956,1.0163564328713597,121.76706591549973
285.0,916.0,441.0,916.0,285.0,916.0,24336.0,70756.0,95092.0,156.0,266.0,308.3699077406873,0.5058859379079966,1.0403876155680272,120.39018057027286
285.0,925.0,446.0,925.0,285.0,925.0,25921.0,69696.0,95617.0,161.0,264.0,309.2199864174371,0.5206649216479013,1.0231667462526706,121.37686370158914
286.0,931.0,450.0,931.0,286.0,931.0,26896.0,64009.0,90905.0,164.0,253.0,301.50456049618884,0.5439387043768217,0.9956724959843122,122.9521682028425
289.0,933.0,452.0,933.0,289.0,933.0,26569.0,61504.0,88073.0,163.0,248.0,296.7709554521803,0.549245123235332,0.9893356859944347,123.31524067083882
289.0,938.0,452.0,938.0,289.0,938.0,26569.0,64009.0,90578.0,163.0,253.0,300.96179159488,0.5415969885619626,0.9984606440586309,122.79241908552652
291.0,944.0,454.0,944.0,291.0,944.0,26569.0,63504.0,90073.0,163.0,252.0,300.12164200537086,0.5431131154383162,0.9966560514977617,122.89581462300502
297.0,945.0,455.0,945.0,297.0,945.0,24964.0,63001.0,87965.0,158.0,251.0,296.5889411289639,0.5327238412820587,1.0089804392708592,122.1896792185239
296.0,951.0,458.0,951.0,296.0,951.0,26244.0,62500.0,88744.0,162.0,250.0,297.89931184881914,0.5438079027259162,0.9958283667439218,122.94323746616737
300.0,952.0,461.0,952.0,300.0,952.0,25921.0,64516.0,90437.0,161.0,254.0,300.72745135753735,0.535368484896265,1.0058523662373002,122.36890460135552
307.0,953.0,463.0,953.0,307.0,953.0,24336.0,64009.0,88345.0,156.0,253.0,297.22886804615734,0.5248480775957953,1.018259704644658,121.65801647562336
311.0,949.0,476.0,949.0,311.0,949.0,27225.0,68644.0,95869.0,165.0,262.0,309.62719518801964,0.5328989267231664,1.008773539718101,122.20153368968009
317.0,950.0,478.0,950.0,317.0,950.0,25921.0,68644.0,94565.0,161.0,262.0,307.514227313144,0.5235530121864981,1.0197804579415806,121.57088373002908
324.0,949.0,478.0,949.0,324.0,949.0,23716.0,69169.0,92885.0,154.0,263.0,304.77040538739976,0.5052984058745714,1.0410685969272977,120.35116321245957
330.0,952.0,484.0,952.0,330.0,952.0,23716.0,66564.0,90280.0,154.0,258.0,300.4663042672173,0.5125366732072603,1.0326599275802089,120.83294447736878
336.0,952.0,482.0,952.0,336.0,952.0,21316.0,70756.0,92072.0,146.0,266.0,303.43368303469543,0.48115950259650625,1.0688194165455005,118.76115837030771
339.0,951.0,490.0,951.0,339.0,951.0,22801.0,70756.0,93557.0,151.0,266.0,305.87088779418025,0.4936723500852017,1.0544888099526077,119.58224164594282
346.0,951.0,493.0,951.0,346.0,951.0,21609.0,70756.0,92365.0,147.0,266.0,303.9161068452937,0.4836861116901227,1.0659349551357702,118.92642583525361
355.0,951.0,493.0,951.0,355.0,951.0,19044.0,68644.0,87688.0,138.0,262.0,296.1215966457023,0.4660247734821973,1.0860038334398436,117.77656380886853
363.0,946.0,496.0,946.0,363.0,946.0,17689.0,70756.0,88445.0,133.0,266.0,297.397041007472,0.447213595499958,1.1071487177940904,116.56505117707799
364.0,946.0,493.0,946.0,364.0,946.0,16641.0,70756.0,87397.0,129.0,266.0,295.62983611266304,0.4363564980323527,1.1192510013374204,115.87164140757456
372.0,947.0,500.0,947.0,372.0,947.0,16384.0,72900.0,89284.0,128.0,270.0,298.80428377116687,0.42837404599602785,1.1281037338830313,115.36441719555295
381.0,944.0,498.0,944.0,381.0,944.0,13689.0,73441.0,87130.0,117.0,271.0,295.1779124528121,0.39637112081922427,1.1632355077017522,113.35151482893203
389.0,943.0,501.0,943.0,389.0,943.0,12544.0,74529.0,87073.0,112.0,273.0,295.0813447170119,0.379556356256306,1.1814796049617557,112.30620505490764
396.0,938.0,504.0,938.0,396.0,938.0,11664.0,75076.0,86740.0,108.0,274.0,294.5165530152762,0.36670264843958766,1.195334043095022,111.51240422234638
400.0,936.0,510.0,936.0,400.0,936.0,12100.0,78961.0,91061.0,110.0,281.0,301.7631521574495,0.3645242940152144,1.1976744308375837,111.37830988227344
407.0,937.0,511.0,937.0,407.0,937.0,10816.0,82369.0,93185.0,104.0,287.0,305.26218239408564,0.3406907438856565,1.223144830160035,109.91896349858412
414.0,938.0,514.0,938.0,414.0,938.0,10000.0,81796.0,91796.0,100.0,286.0,302.97854709533476,0.3300563718411857,1.2344330338778424,109.27219706726986
420.0,935.0,511.0,935.0,420.0,935.0,8281.0,81225.0,89506.0,91.0,285.0,299.1755337590292,0.3041692576148152,1.2617300815169707,107.70819144438026
425.0,932.0,516.0,932.0,425.0,932.0,8281.0,84681.0,92962.0,91.0,291.0,304.89670381950674,0.2984617375656194,1.2677158019951082,107.36523492363796
431.0,931.0,514.0,931.0,431.0,931.0,6889.0,87616.0,94505.0,83.0,296.0,307.4166553718259,0.26999187763463894,1.29741173098062,105.66378352404793
440.0,930.0,519.0,930.0,440.0,930.0,6241.0,87616.0,93857.0,79.0,296.0,306.360898288277,0.25786580611753923,1.3099836743273572,104.9434642300023
442.0,930.0,516.0,930.0,442.0,930.0,5476.0,88209.0,93685.0,74.0,297.0,306.08005488760614,0.24176681498300537,1.3266100565291294,103.99084270126933
446.0,928.0,515.0,928.0,446.0,928.0,4761.0,87025.0,91786.0,69.0,295.0,302.9620438272755,0.22775130220384382,1.3410286601501042,103.16471756731542
452.0,925.0,516.0,925.0,452.0,925.0,4096.0,88804.0,92900.0,64.0,298.0,304.7950130825634,0.20997718877593174,1.3592446984621644,102.12101545258575
461.0,925.0,521.0,925.0,461.0,925.0,3600.0,91809.0,95409.0,60.0,303.0,308.8834731739463,0.1942480100455594,1.375305526546216,101.20079778788443
463.0,923.0,518.0,923.0,463.0,923.0,3025.0,93025.0,96050.0,55.0,305.0,309.9193443462347,0.17746552773600113,1.3923858274438563,100.22216863363612
468.0,922.0,519.0,922.0,468.0,922.0,2601.0,93025.0,95626.0,51.0,305.0,309.23453882126427,0.16492336268258087,1.4051160173197759,99.49278248134576
473.0,920.0,520.0,920.0,473.0,920.0,2209.0,96721.0,98930.0,47.0,311.0,314.5313974788527,0.14942864329835312,1.4208059237264576,98.59381706328762
479.0,924.0,525.0,924.0,479.0,924.0,2116.0,94249.0,96365.0,46.0,307.0,310.42712510346126,0.1481829269419314,1.422065665580994,98.5216391717467
478.0,923.0,525.0,923.0,478.0,923.0,2209.0,91809.0,94018.0,47.0,303.0,306.62354769325856,0.15328242189350072,1.4169072271528478,98.81719592255759
483.0,922.0,525.0,922.0,483.0,922.0,1764.0,92416.0,94180.0,42.0,304.0,306.88760157425713,0.13685792382797624,1.4335075345008532,97.86606837289686
489.0,922.0,526.0,922.0,489.0,922.0,1369.0,95481.0,96850.0,37.0,309.0,311.20732639190874,0.11889180254517936,1.4516226330323738,96.8281496815771
489.0,923.0,526.0,923.0,489.0,923.0,1369.0,94864.0,96233.0,37.0,308.0,310.21444195910675,0.11927233228192978,1.451239376196538,96.85010868074002
493.0,923.0,526.0,923.0,493.0,923.0,1089.0,94249.0,95338.0,33.0,307.0,308.76852171165376,0.10687617966062403,1.4637156282825112,96.13527209207247
494.0,921.0,527.0,921.0,494.0,921.0,1089.0,95481.0,96570.0,33.0,309.0,310.75713990188547,0.10619225035479155,1.4644034720959924,96.09586154459582
499.0,921.0,527.0,921.0,499.0,921.0,784.0,98596.0,99380.0,28.0,314.0,315.2459357390671,0.08881954317462143,1.4818595855049888,95.0956999195586
503.0,921.0,526.0,921.0,503.0,921.0,529.0,98596.0,99125.0,23.0,314.0,314.8412298286233,0.07305269393249268,1.497678499651554,94.18934290248062
503.0,922.0,526.0,922.0,503.0,922.0,529.0,97969.0,98498.0,23.0,313.0,313.84391024839084,0.07328483761815457,1.4974457320489125,94.20267950371935
507.0,923.0,526.0,923.0,507.0,923.0,361.0,97344.0,97705.0,19.0,312.0,312.57799026802894,0.060784829999412,1.5099740031695803,93.48486244390946
511.0,924.0,525.0,924.0,511.0,924.0,196.0,99225.0,99421.0,14.0,315.0,315.3109576275458,0.04440061362072038,1.5263811115479857,92.5448043798131
516.0,920.0,530.0,920.0,516.0,920.0,196.0,102400.0,102596.0,14.0,320.0,320.30610359467084,0.04370818989361565,1.527074208193309,92.50509286724139
516.0,921.0,525.0,921.0,516.0,921.0,81.0,104329.0,104410.0,9.0,323.0,323.12536266904215,0.02785296680415074,1.5429397574011372,91.59606385797571
520.0,922.0,525.0,922.0,520.0,922.0,25.0,103684.0,103709.0,5.0,322.0,322.03881753602315,0.015526078620757269,1.5552696243226622,90.88961452141437
520.0,923.0,525.0,923.0,520.0,923.0,25.0,103041.0,103066.0,5.0,321.0,321.0389384482823,0.015574434752890493,1.555221262342954,90.89238545874055
521.0,923.0,525.0,923.0,521.0,923.0,16.0,106276.0,106292.0,4.0,326.0,326.02453895374197,0.012269015126396792,1.5585270038410992,90.70298042273558
524.0,920.0,529.0,920.0,524.0,920.0,25.0,104976.0,105001.0,5.0,324.0,324.0385779502188,0.015430261518948331,1.5553654529042018,90.88412394813543
524.0,919.0,524.0,919.0,524.0,919.0,0.0,105625.0,105625.0,0.0,325.0,325.0,nan,nan,nan
529.0,922.0,525.0,922.0,529.0,922.0,16.0,106929.0,106945.0,4.0,327.0,327.0244639166923,0.012231500824412262,1.5585645209582661,89.2991691497376
530.0,921.0,530.0,921.0,530.0,921.0,0.0,110224.0,110224.0,0.0,332.0,332.0,nan,nan,nan
530.0,920.0,530.0,920.0,530.0,920.0,0.0,111556.0,111556.0,0.0,334.0,334.0,nan,nan,nan
530.0,920.0,530.0,920.0,530.0,920.0,0.0,110889.0,110889.0,0.0,333.0,333.0,nan,nan,nan
536.0,918.0,527.0,918.0,536.0,918.0,81.0,112225.0,112306.0,9.0,335.0,335.1208737157386,0.026855981545435215,1.543937115916457,88.46108057561355
536.0,918.0,527.0,918.0,536.0,918.0,81.0,112896.0,112977.0,9.0,336.0,336.12051410171324,0.026776110419956443,1.5440170157751305,88.46565850029923
536.0,919.0,531.0,919.0,536.0,919.0,25.0,112225.0,112250.0,5.0,335.0,335.0373113550191,0.01492371097349751,1.5558720618048116,89.14490260373329
536.0,918.0,527.0,918.0,536.0,918.0,81.0,109561.0,109642.0,9.0,331.0,331.1223338888514,0.02718028679702726,1.5436126922304902,88.44249246763357
541.0,917.0,527.0,917.0,541.0,917.0,196.0,113569.0,113765.0,14.0,337.0,337.2906758272455,0.04150722508312255,1.5292771740101716,87.62112777647643
542.0,917.0,528.0,917.0,542.0,917.0,196.0,113569.0,113765.0,14.0,337.0,337.2906758272455,0.04150722508312255,1.5292771740101716,87.62112777647643
542.0,922.0,528.0,922.0,542.0,922.0,196.0,110224.0,110420.0,14.0,332.0,332.29504961705345,0.04213123251801076,1.5286526202012993,87.58534347914922
542.0,921.0,528.0,921.0,542.0,921.0,196.0,110889.0,111085.0,14.0,333.0,333.29416436535456,0.04200493586996412,1.5287790287530674,87.59258615565989
542.0,921.0,528.0,921.0,542.0,921.0,196.0,107584.0,107780.0,14.0,328.0,328.29864452964165,0.042644099307988334,1.5281392920463361,87.5559319423646
547.0,922.0,529.0,922.0,547.0,922.0,324.0,110224.0,110548.0,18.0,332.0,332.48759375351136,0.05413735832003477,1.5166324887580167,86.89664067825663
547.0,922.0,533.0,922.0,547.0,922.0,196.0,110224.0,110420.0,14.0,332.0,332.29504961705345,0.04213123251801076,1.5286526202012993,87.58534347914922
548.0,921.0,534.0,921.0,548.0,921.0,196.0,110889.0,111085.0,14.0,333.0,333.29416436535456,0.04200493586996412,1.5287790287530674,87.59258615565989
548.0,926.0,529.0,926.0,548.0,926.0,361.0,107584.0,107945.0,19.0,328.0,328.54984401152893,0.057829885925416186,1.5129341588904284,86.68474198559665
548.0,925.0,530.0,925.0,548.0,925.0,324.0,108241.0,108565.0,18.0,329.0,329.49203328760467,0.05462954542602943,1.5161395721921247,86.86839863937894
553.0,925.0,530.0,925.0,553.0,925.0,529.0,108241.0,108770.0,23.0,329.0,329.802971484491,0.06973860755854826,1.501001066516891,86.0010261560532
553.0,925.0,530.0,925.0,553.0,925.0,529.0,105625.0,106154.0,23.0,325.0,325.8128297044179,0.07059267746106233,1.5001448864070765,85.95197064925779
553.0,926.0,529.0,926.0,553.0,926.0,576.0,104976.0,105552.0,24.0,324.0,324.8876728963412,0.07387168551531179,1.4968572891369563,85.76360520094116
553.0,926.0,530.0,926.0,553.0,926.0,529.0,104976.0,105505.0,23.0,324.0,324.81533215043896,0.0708094653282792,1.4999275546772306,85.93951845838333
553.0,926.0,530.0,926.0,553.0,926.0,529.0,104976.0,105505.0,23.0,324.0,324.81533215043896,0.0708094653282792,1.4999275546772306,85.93951845838333
558.0,925.0,530.0,925.0,558.0,925.0,784.0,105625.0,106409.0,28.0,325.0,326.20392394942155,0.08583587732789336,1.4848546948949726,85.07590720766747
558.0,925.0,530.0,925.0,558.0,925.0,784.0,105625.0,106409.0,28.0,325.0,326.20392394942155,0.08583587732789336,1.4848546948949726,85.07590720766747
558.0,925.0,530.0,925.0,558.0,925.0,784.0,105625.0,106409.0,28.0,325.0,326.20392394942155,0.08583587732789336,1.4848546948949726,85.07590720766747
558.0,925.0,530.0,925.0,558.0,925.0,784.0,105625.0,106409.0,28.0,325.0,326.20392394942155,0.08583587732789336,1.4848546948949726,85.07590720766747
558.0,925.0,530.0,925.0,558.0,925.0,784.0,102400.0,103184.0,28.0,320.0,321.22266420662163,0.08716695028090989,1.4835186138454353,84.99935540244158
558.0,929.0,530.0,929.0,558.0,929.0,784.0,103041.0,103825.0,28.0,321.0,322.21886971436044,0.08689745583435679,1.4837891347848866,85.01485511054206
558.0,925.0,530.0,925.0,558.0,925.0,784.0,105625.0,106409.0,28.0,325.0,326.20392394942155,0.08583587732789336,1.4848546948949726,85.07590720766747
558.0,929.0,530.0,929.0,558.0,929.0,784.0,103041.0,103825.0,28.0,321.0,322.21886971436044,0.08689745583435679,1.4837891347848866,85.01485511054206
558.0,929.0,530.0,929.0,558.0,929.0,784.0,103041.0,103825.0,28.0,321.0,322.21886971436044,0.08689745583435679,1.4837891347848866,85.01485511054206
558.0,929.0,530.0,929.0,558.0,929.0,784.0,103041.0,103825.0,28.0,321.0,322.21886971436044,0.08689745583435679,1.4837891347848866,85.01485511054206
553.0,929.0,530.0,929.0,553.0,929.0,529.0,103041.0,103570.0,23.0,321.0,321.822932681933,0.07146787150414656,1.4992674761376419,85.90169874391775
553.0,929.0,530.0,929.0,553.0,929.0,529.0,103041.0,103570.0,23.0,321.0,321.822932681933,0.07146787150414656,1.4992674761376419,85.90169874391775
553.0,929.0,530.0,929.0,553.0,929.0,529.0,103041.0,103570.0,23.0,321.0,321.822932681933,0.07146787150414656,1.4992674761376419,85.90169874391775
553.0,929.0,530.0,929.0,553.0,929.0,529.0,106276.0,106805.0,23.0,326.0,326.8103425535979,0.07037720966932964,1.5003608914375737,85.96434682585887
553.0,929.0,530.0,929.0,553.0,929.0,529.0,106276.0,106805.0,23.0,326.0,326.8103425535979,0.07037720966932964,1.5003608914375737,85.96434682585887
553.0,925.0,530.0,925.0,553.0,925.0,529.0,108900.0,109429.0,23.0,330.0,330.80054413498175,0.0695283015937693,1.501211884211455,86.0131051201984
553.0,930.0,529.0,930.0,553.0,930.0,576.0,105625.0,106201.0,24.0,325.0,325.8849490234245,0.07364562270187841,1.4970839694005564,85.77659302334436
553.0,925.0,529.0,925.0,553.0,925.0,576.0,108900.0,109476.0,24.0,330.0,330.8715762950937,0.07253569577882138,1.498196873064402,85.84035770628736
552.0,930.0,529.0,930.0,552.0,930.0,529.0,105625.0,106154.0,23.0,325.0,325.8128297044179,0.07059267746106233,1.5001448864070765,85.95197064925779
552.0,930.0,529.0,930.0,552.0,930.0,529.0,104976.0,105505.0,23.0,324.0,324.81533215043896,0.0708094653282792,1.4999275546772306,85.93951845838333
552.0,930.0,528.0,930.0,552.0,930.0,576.0,104976.0,105552.0,24.0,324.0,324.8876728963412,0.07387168551531179,1.4968572891369563,85.76360520094116
552.0,930.0,528.0,930.0,552.0,930.0,576.0,104976.0,105552.0,24.0,324.0,324.8876728963412,0.07387168551531179,1.4968572891369563,85.76360520094116
547.0,930.0,528.0,930.0,547.0,930.0,361.0,104976.0,105337.0,19.0,324.0,324.5566206380637,0.0585414032308041,1.5122214340572973,86.64390586070407
547.0,930.0,533.0,930.0,547.0,930.0,196.0,104976.0,105172.0,14.0,324.0,324.3023280829171,0.04316959450386833,1.527613312457767,87.52579553182956
547.0,925.0,528.0,925.0,547.0,925.0,361.0,108241.0,108602.0,19.0,329.0,329.548175537356,0.0576546963703225,1.5131096412341796,86.69479638327265
547.0,925.0,528.0,925.0,547.0,925.0,361.0,108241.0,108602.0,19.0,329.0,329.548175537356,0.0576546963703225,1.5131096412341796,86.69479638327265
546.0,925.0,527.0,925.0,546.0,925.0,361.0,108241.0,108602.0,19.0,329.0,329.548175537356,0.0576546963703225,1.5131096412341796,86.69479638327265
546.0,925.0,532.0,925.0,546.0,925.0,196.0,108241.0,108437.0,14.0,329.0,329.29773761749414,0.042514716624813646,1.5282687921751124,87.56335175318986
547.0,929.0,528.0,929.0,547.0,929.0,361.0,105625.0,105986.0,19.0,325.0,325.55491088294156,0.05836189031358754,1.5124012544242749,86.65420880880238
541.0,925.0,527.0,925.0,541.0,925.0,196.0,108241.0,108437.0,14.0,329.0,329.29773761749414,0.042514716624813646,1.5282687921751124,87.56335175318986
546.0,930.0,527.0,930.0,546.0,930.0,361.0,104976.0,105337.0,19.0,324.0,324.5566206380637,0.0585414032308041,1.5122214340572973,86.64390586070407
546.0,925.0,532.0,925.0,546.0,925.0,196.0,108241.0,108437.0,14.0,329.0,329.29773761749414,0.042514716624813646,1.5282687921751124,87.56335175318986
541.0,929.0,532.0,929.0,541.0,929.0,81.0,105625.0,105706.0,9.0,325.0,325.12459150301135,0.027681695679782625,1.5431110945910536,88.41375303988012
541.0,924.0,531.0,924.0,541.0,924.0,100.0,108900.0,109000.0,10.0,330.0,330.15148038438355,0.030289126640769132,1.5405025668761214,88.26429541107161
541.0,925.0,531.0,925.0,541.0,925.0,100.0,108241.0,108341.0,10.0,329.0,329.1519405988669,0.030381106007777933,1.540410545159256,88.25902295507167
541.0,925.0,531.0,925.0,541.0,925.0,100.0,108241.0,108341.0,10.0,329.0,329.1519405988669,0.030381106007777933,1.540410545159256,88.25902295507167
541.0,925.0,532.0,925.0,541.0,925.0,81.0,108241.0,108322.0,9.0,329.0,329.1230772826482,0.027345393323090723,1.5434475243112729,88.43302904295146
541.0,925.0,527.0,925.0,541.0,925.0,196.0,108241.0,108437.0,14.0,329.0,329.29773761749414,0.042514716624813646,1.5282687921751124,87.56335175318986
542.0,924.0,528.0,924.0,542.0,924.0,196.0,108900.0,109096.0,14.0,330.0,330.2968361943541,0.042386115959530665,1.5283975088689568,87.57072667650003
537.0,925.0,528.0,925.0,537.0,925.0,81.0,108241.0,108322.0,9.0,329.0,329.1230772826482,0.027345393323090723,1.5434475243112729,88.43302904295146
537.0,925.0,527.0,925.0,537.0,925.0,100.0,108241.0,108341.0,10.0,329.0,329.1519405988669,0.030381106007777933,1.540410545159256,88.25902295507167
565.0,938.0,570.0,938.0,565.0,938.0,25.0,81796.0,81821.0,5.0,286.0,286.04370295463593,0.01747984643029515,1.5533155900954843,91.00157243565577
565.0,939.0,574.0,939.0,565.0,939.0,81.0,84100.0,84181.0,9.0,290.0,290.13962156175774,0.03101954828352977,1.5397718017906263,91.77757434414278
564.0,939.0,574.0,939.0,564.0,939.0,100.0,81225.0,81325.0,10.0,285.0,285.17538463198395,0.03506614013304445,1.5357229962616712,92.00955381302114
564.0,940.0,573.0,940.0,564.0,940.0,81.0,80656.0,80737.0,9.0,284.0,284.14256984830695,0.03167424017036504,1.5391167879955823,91.81510387012165
568.0,936.0,573.0,936.0,568.0,936.0,25.0,82944.0,82969.0,5.0,288.0,288.0433995077825,0.017358495311970888,1.553436959628708,90.99461847364057
568.0,936.0,573.0,936.0,568.0,936.0,25.0,82944.0,82969.0,5.0,288.0,288.0433995077825,0.017358495311970888,1.553436959628708,90.99461847364057
569.0,940.0,573.0,940.0,569.0,940.0,16.0,80656.0,80672.0,4.0,284.0,284.0281676172277,0.014083110254721722,1.5567127509720364,90.80692945510238
569.0,940.0,573.0,940.0,569.0,940.0,16.0,80656.0,80672.0,4.0,284.0,284.0281676172277,0.014083110254721722,1.5567127509720364,90.80692945510238
564.0,940.0,573.0,940.0,564.0,940.0,81.0,80656.0,80737.0,9.0,284.0,284.14256984830695,0.03167424017036504,1.5391167879955823,91.81510387012165
564.0,940.0,573.0,940.0,564.0,940.0,81.0,80656.0,80737.0,9.0,284.0,284.14256984830695,0.03167424017036504,1.5391167879955823,91.81510387012165
564.0,939.0,573.0,939.0,564.0,939.0,81.0,81225.0,81306.0,9.0,285.0,285.14206985290684,0.03156321339970188,1.5392278703071185,91.80873932249206
564.0,940.0,573.0,940.0,564.0,940.0,81.0,80656.0,80737.0,9.0,284.0,284.14256984830695,0.03167424017036504,1.5391167879955823,91.81510387012165
564.0,940.0,573.0,940.0,564.0,940.0,81.0,80656.0,80737.0,9.0,284.0,284.14256984830695,0.03167424017036504,1.5391167879955823,91.81510387012165
569.0,939.0,573.0,939.0,569.0,939.0,16.0,81225.0,81241.0,4.0,285.0,285.02806879323305,0.014033705581823616,1.5567621605278044,90.80409849608925
569.0,939.0,573.0,939.0,569.0,939.0,16.0,81225.0,81241.0,4.0,285.0,285.02806879323305,0.014033705581823616,1.5567621605278044,90.80409849608925
564.0,939.0,573.0,939.0,564.0,939.0,81.0,81225.0,81306.0,9.0,285.0,285.14206985290684,0.03156321339970188,1.5392278703071185,91.80873932249206
568.0,939.0,573.0,939.0,568.0,939.0,25.0,81225.0,81250.0,5.0,285.0,285.0438562747845,0.017541160386140585,1.5532542667374942,91.00508600525417
563.0,939.0,573.0,939.0,563.0,939.0,100.0,81225.0,81325.0,10.0,285.0,285.17538463198395,0.03506614013304445,1.5357229962616712,92.00955381302114
568.0,939.0,573.0,939.0,568.0,939.0,25.0,81225.0,81250.0,5.0,285.0,285.0438562747845,0.017541160386140585,1.5532542667374942,91.00508600525417
564.0,939.0,573.0,939.0,564.0,939.0,81.0,81225.0,81306.0,9.0,285.0,285.14206985290684,0.03156321339970188,1.5392278703071185,91.80873932249206
564.0,939.0,573.0,939.0,564.0,939.0,81.0,81225.0,81306.0,9.0,285.0,285.14206985290684,0.03156321339970188,1.5392278703071185,91.80873932249206
564.0,939.0,573.0,939.0,564.0,939.0,81.0,81225.0,81306.0,9.0,285.0,285.14206985290684,0.03156321339970188,1.5392278703071185,91.80873932249206
564.0,939.0,573.0,939.0,564.0,939.0,81.0,81225.0,81306.0,9.0,285.0,285.14206985290684,0.03156321339970188,1.5392278703071185,91.80873932249206
564.0,939.0,573.0,939.0,564.0,939.0,81.0,81225.0,81306.0,9.0,285.0,285.14206985290684,0.03156321339970188,1.5392278703071185,91.80873932249206
564.0,939.0,573.0,939.0,564.0,939.0,81.0,81225.0,81306.0,9.0,285.0,285.14206985290684,0.03156321339970188,1.5392278703071185,91.80873932249206
564.0,939.0,573.0,939.0,564.0,939.0,81.0,81225.0,81306.0,9.0,285.0,285.14206985290684,0.03156321339970188,1.5392278703071185,91.80873932249206
564.0,939.0,573.0,939.0,564.0,939.0,81.0,81225.0,81306.0,9.0,285.0,285.14206985290684,0.03156321339970188,1.5392278703071185,91.80873932249206
564.0,939.0,573.0,939.0,564.0,939.0,81.0,81225.0,81306.0,9.0,285.0,285.14206985290684,0.03156321339970188,1.5392278703071185,91.80873932249206
563.0,939.0,573.0,939.0,563.0,939.0,100.0,81225.0,81325.0,10.0,285.0,285.17538463198395,0.03506614013304445,1.5357229962616712,92.00955381302114
563.0,939.0,573.0,939.0,563.0,939.0,100.0,81225.0,81325.0,10.0,285.0,285.17538463198395,0.03506614013304445,1.5357229962616712,92.00955381302114
563.0,939.0,572.0,939.0,563.0,939.0,81.0,83521.0,83602.0,9.0,289.0,289.1401044476535,0.031126778546313273,1.5396645197226395,91.78372115385585
563.0,939.0,573.0,939.0,563.0,939.0,100.0,83521.0,83621.0,10.0,289.0,289.1729586251107,0.034581380110870565,1.5362080504890765,91.98176225295583
563.0,940.0,573.0,940.0,563.0,940.0,100.0,82944.0,83044.0,10.0,288.0,288.17355881482257,0.03470131000611995,1.5360880485696218,91.98863785647406
563.0,939.0,573.0,939.0,563.0,939.0,100.0,81225.0,81325.0,10.0,285.0,285.17538463198395,0.03506614013304445,1.5357229962616712,92.00955381302114
563.0,939.0,573.0,939.0,563.0,939.0,100.0,81225.0,81325.0,10.0,285.0,285.17538463198395,0.03506614013304445,1.5357229962616712,92.00955381302114
564.0,939.0,573.0,939.0,564.0,939.0,81.0,81225.0,81306.0,9.0,285.0,285.14206985290684,0.03156321339970188,1.5392278703071185,91.80873932249206
564.0,939.0,573.0,939.0,564.0,939.0,81.0,81225.0,81306.0,9.0,285.0,285.14206985290684,0.03156321339970188,1.5392278703071185,91.80873932249206
564.0,938.0,573.0,938.0,564.0,938.0,81.0,81796.0,81877.0,9.0,286.0,286.14157335137446,0.031452961883830254,1.5393381765904526,91.80241923800325
564.0,939.0,573.0,939.0,564.0,939.0,81.0,81225.0,81306.0,9.0,285.0,285.14206985290684,0.03156321339970188,1.5392278703071185,91.80873932249206
563.0,939.0,573.0,939.0,563.0,939.0,100.0,81225.0,81325.0,10.0,285.0,285.17538463198395,0.03506614013304445,1.5357229962616712,92.00955381302114
564.0,939.0,573.0,939.0,564.0,939.0,81.0,81225.0,81306.0,9.0,285.0,285.14206985290684,0.03156321339970188,1.5392278703071185,91.80873932249206
563.0,940.0,573.0,940.0,563.0,940.0,100.0,80656.0,80756.0,10.0,284.0,284.17600180170035,0.03518945982982074,1.5355996004083983,92.0166238746231
563.0,939.0,573.0,939.0,563.0,939.0,100.0,80656.0,80756.0,10.0,284.0,284.17600180170035,0.03518945982982074,1.5355996004083983,92.0166238746231
558.0,941.0,572.0,941.0,558.0,941.0,196.0,82369.0,82565.0,14.0,287.0,287.3412605248331,0.04872255371340959,1.522054475484965,92.79270236571328
558.0,937.0,572.0,937.0,558.0,937.0,196.0,84681.0,84877.0,14.0,291.0,291.3365751154496,0.048054385188169874,1.5227234276387132,92.75437423060733
558.0,942.0,572.0,942.0,558.0,942.0,196.0,81796.0,81992.0,14.0,286.0,286.34245231889736,0.048892505762325136,1.521884320645702,92.80245151986678
554.0,940.0,573.0,940.0,554.0,940.0,361.0,82944.0,83305.0,19.0,288.0,288.62605564986677,0.06582912258985019,1.5049195664581052,93.77446033529297
554.0,941.0,573.0,941.0,554.0,941.0,361.0,82369.0,82730.0,19.0,287.0,287.62823227214676,0.06605749320888177,1.50469069767619,93.787573550559
549.0,940.0,573.0,940.0,549.0,940.0,576.0,82944.0,83520.0,24.0,288.0,288.99826989101507,0.08304547985373997,1.4876550949064553,94.76364169072617
549.0,941.0,572.0,941.0,549.0,941.0,529.0,85264.0,85793.0,23.0,292.0,292.90442127083026,0.0785239085849556,1.4921914970174508,94.5037249955919
544.0,941.0,572.0,941.0,544.0,941.0,784.0,85264.0,86048.0,28.0,292.0,293.33939387678566,0.09545257331431294,1.4751982081310562,95.47736872882888
540.0,941.0,572.0,941.0,540.0,941.0,1024.0,85264.0,86288.0,32.0,292.0,293.7481914837945,0.10893684089886685,1.4616428638860188,96.25403274391647
535.0,941.0,572.0,941.0,535.0,941.0,1369.0,85264.0,86633.0,37.0,292.0,294.334843333235,0.12570716936190246,1.4447557038404057,97.22159574249204
530.0,941.0,567.0,941.0,530.0,941.0,1369.0,85264.0,86633.0,37.0,292.0,294.334843333235,0.12570716936190246,1.4447557038404057,97.22159574249204
530.0,944.0,567.0,944.0,530.0,944.0,1369.0,83521.0,84890.0,37.0,289.0,291.35888522576414,0.12699115035167008,1.4434613495834714,97.29575677860917
526.0,943.0,568.0,943.0,526.0,943.0,1764.0,84100.0,85864.0,42.0,290.0,293.025596151599,0.1433321885582684,1.426968772658448,98.24071182970788
520.0,943.0,563.0,943.0,520.0,943.0,1849.0,83521.0,85370.0,43.0,289.0,292.18145047213386,0.14716882242358856,1.4230910122409932,98.46289113559092
516.0,944.0,563.0,944.0,516.0,944.0,2209.0,82944.0,85153.0,47.0,288.0,291.8098696069069,0.16106377780612102,1.4090279181957899,99.26864707127663
511.0,946.0,562.0,946.0,511.0,946.0,2601.0,82369.0,84970.0,51.0,287.0,291.49614062625255,0.17495943476449194,1.3949317595123096,100.07629747118673
506.0,949.0,561.0,949.0,506.0,949.0,3025.0,78400.0,81425.0,55.0,280.0,285.3506614676055,0.19274530403092788,1.3768371795350036,101.11304053594829
497.0,948.0,562.0,948.0,497.0,948.0,4225.0,81796.0,86021.0,65.0,286.0,293.29336848964044,0.2216211035889681,1.3473197256542637,102.80426606528674
494.0,948.0,558.0,948.0,494.0,948.0,4096.0,78961.0,83057.0,64.0,281.0,288.19611378365255,0.22207100283123352,1.3468583291936187,102.83070213516397
489.0,950.0,562.0,950.0,489.0,950.0,5329.0,78400.0,83729.0,73.0,280.0,289.35963782117227,0.25228121153895994,1.3157593272751182,104.6125436921633
484.0,949.0,561.0,949.0,484.0,949.0,5929.0,79524.0,85453.0,77.0,282.0,292.32345099221857,0.2634068520286102,1.3042442476499736,105.27230915544118
473.0,948.0,559.0,948.0,473.0,948.0,7396.0,78400.0,85796.0,86.0,280.0,292.9095423505352,0.29360600310207974,1.2727994031986751,107.07396602994594
464.0,950.0,559.0,950.0,464.0,950.0,9025.0,77841.0,86866.0,95.0,279.0,294.7303852676205,0.3223284898628226,1.242608093093167,108.80380067696223
459.0,955.0,558.0,955.0,459.0,955.0,9801.0,74529.0,84330.0,99.0,273.0,290.3962809679215,0.34091345684601243,1.2229079355149013,109.93253656193951
450.0,957.0,553.0,957.0,450.0,957.0,10609.0,73441.0,84050.0,103.0,271.0,289.9137802864845,0.3552780412790946,1.2075848298429415,110.81048584597579
441.0,961.0,552.0,961.0,441.0,961.0,12321.0,76176.0,88497.0,111.0,276.0,297.48445337529824,0.3731287424958824,1.1884172926955436,111.90870482818191
435.0,963.0,546.0,963.0,435.0,963.0,12321.0,70756.0,83077.0,111.0,266.0,288.2308102892541,0.38510803161052043,1.175471446804218,112.65044715998165
424.0,965.0,541.0,965.0,424.0,965.0,13689.0,72361.0,86050.0,117.0,269.0,293.3428028774526,0.39885076044929635,1.160533061284826,113.50635360298216
414.0,965.0,535.0,965.0,414.0,965.0,14641.0,71824.0,86465.0,121.0,268.0,294.0493155917898,0.4114956015336444,1.1467018988947961,114.29882083369094
404.0,967.0,530.0,967.0,404.0,967.0,15876.0,72361.0,88237.0,126.0,269.0,297.0471343069985,0.4241751070716571,1.1327455356470109,115.09846154514054
398.0,972.0,523.0,972.0,398.0,972.0,15625.0,67600.0,83225.0,125.0,260.0,288.4874347350331,0.433294434867878,1.1226513517191068,115.67681568183822
388.0,974.0,523.0,974.0,388.0,974.0,18225.0,67600.0,85825.0,135.0,260.0,292.95904150580503,0.4608152706470572,1.0918827282473107,117.4397279481993
379.0,980.0,514.0,980.0,379.0,980.0,18225.0,61504.0,79729.0,135.0,248.0,282.36324123369883,0.47810755893776846,1.0722975415989395,118.56187648412694
370.0,978.0,509.0,978.0,370.0,978.0,19321.0,63504.0,82825.0,139.0,252.0,287.7933286231632,0.4829854835933557,1.06673527509295,118.88057087944712
365.0,985.0,503.0,985.0,365.0,985.0,19044.0,60025.0,79069.0,138.0,245.0,281.19210515233175,0.4907676903846233,1.057825696460478,119.3910521323277
352.0,983.0,494.0,983.0,352.0,983.0,20164.0,59536.0,79700.0,142.0,244.0,282.3118842698621,0.5029898063528283,1.0437417658272585,120.1980019165662
345.0,987.0,487.0,987.0,345.0,987.0,20164.0,57600.0,77764.0,142.0,240.0,278.86197302608326,0.5092124912517852,1.036526810488236,120.61138840686758
339.0,987.0,486.0,987.0,339.0,987.0,21609.0,57600.0,79209.0,147.0,240.0,281.44093518889537,0.5223120790916136,1.021236313268517,121.48746936421398
334.0,990.0,477.0,990.0,334.0,990.0,20449.0,56644.0,77093.0,143.0,238.0,277.65626231007286,0.5150253007450797,1.029759161377413,120.99914613814317
327.0,990.0,478.0,990.0,327.0,990.0,22801.0,55696.0,78497.0,151.0,236.0,280.17316074170986,0.5389524092895039,1.0016033858139053,122.61235324684975
319.0,990.0,466.0,990.0,319.0,990.0,21609.0,55696.0,77305.0,147.0,236.0,278.03776721877193,0.5287051520750206,1.013721981675996,121.91800885032725
313.0,991.0,459.0,991.0,313.0,991.0,21316.0,57600.0,78916.0,146.0,240.0,280.9199174141983,0.5197210697763819,1.0242718962643738,121.31354327018971
311.0,989.0,453.0,989.0,311.0,989.0,20164.0,59049.0,79213.0,142.0,243.0,281.4480413859723,0.5045336229761286,1.0419546150919878,120.3003981110509
304.0,986.0,446.0,986.0,304.0,986.0,20164.0,56169.0,76333.0,142.0,237.0,276.2842738919463,0.5139633827133268,1.0309975589088958,120.92819118622981
302.0,985.0,438.0,985.0,302.0,985.0,18496.0,57121.0,75617.0,136.0,239.0,274.98545416076104,0.49457161439707337,1.053454450554523,119.64150607395277
297.0,979.0,434.0,979.0,297.0,979.0,18769.0,58081.0,76850.0,137.0,241.0,277.2183255125822,0.49419532329503923,1.0538873452815842,119.61670303311868
287.0,975.0,429.0,975.0,287.0,975.0,20164.0,59049.0,79213.0,142.0,243.0,281.4480413859723,0.5045336229761286,1.0419546150919878,120.3003981110509
280.0,975.0,423.0,975.0,280.0,975.0,20449.0,57121.0,77570.0,143.0,239.0,278.5139134765084,0.5134393403008986,1.0316083529953068,120.8931952629269
277.0,974.0,419.0,974.0,277.0,974.0,20164.0,56644.0,76808.0,142.0,238.0,277.1425625918906,0.5123716785757794,1.0328520689939265,120.82193558529309
275.0,967.0,413.0,967.0,275.0,967.0,19044.0,59536.0,78580.0,138.0,244.0,280.3212442894758,0.4922923353518411,1.0560749624326846,119.49136180317021
273.0,965.0,412.0,965.0,273.0,965.0,19321.0,62500.0,81821.0,139.0,250.0,286.04370295463593,0.48593973076220526,1.063358263841756,119.07405937150872
270.0,962.0,408.0,962.0,270.0,962.0,19044.0,60025.0,79069.0,138.0,245.0,281.19210515233175,0.4907676903846233,1.057825696460478,119.3910521323277
269.0,956.0,406.0,956.0,269.0,956.0,18769.0,60025.0,78794.0,137.0,245.0,280.7026896914242,0.48806087376862606,1.060929663383144,119.21320792791073
264.0,952.0,402.0,952.0,264.0,952.0,19044.0,63001.0,82045.0,138.0,251.0,286.4349838968697,0.48178472518456966,1.0681060678389236,118.80203024051568
263.0,944.0,397.0,944.0,263.0,944.0,17956.0,62001.0,79957.0,134.0,249.0,282.766688278517,0.47388891816002693,1.0770944788288188,118.28703222626568
265.0,937.0,390.0,937.0,265.0,937.0,15625.0,64516.0,80141.0,125.0,254.0,283.09185788362055,0.44155279114875734,1.1134677490099687,116.20299735779675
261.0,930.0,388.0,930.0,261.0,930.0,16129.0,69169.0,85298.0,127.0,263.0,292.05821337534746,0.4348448158065738,1.1209303873033423,115.77541967955374
258.0,928.0,387.0,928.0,258.0,928.0,16641.0,66564.0,83205.0,129.0,258.0,288.45276909747287,0.447213595499958,1.1071487177940904,116.56505117707799
254.0,920.0,386.0,920.0,254.0,920.0,17424.0,67081.0,84505.0,132.0,259.0,290.69743720920553,0.4540803705297335,1.0994565618184418,117.005779249839
252.0,910.0,381.0,910.0,252.0,910.0,16641.0,67600.0,84241.0,129.0,260.0,290.2430016382824,0.4444551609232847,1.110230372137594,116.3884853892771
251.0,903.0,384.0,903.0,251.0,903.0,17689.0,70756.0,88445.0,133.0,266.0,297.397041007472,0.447213595499958,1.1071487177940904,116.56505117707799
247.0,900.0,376.0,900.0,247.0,900.0,16641.0,65536.0,82177.0,129.0,256.0,286.6653100743095,0.45000212954459184,1.10402860311403,116.74382057984226
248.0,892.0,371.0,892.0,248.0,892.0,15129.0,67600.0,82729.0,123.0,260.0,287.6264939118092,0.4276379353207766,1.128918217552875,115.31775071878857
249.0,883.0,371.0,883.0,249.0,883.0,14884.0,70756.0,85640.0,122.0,266.0,292.64312737530673,0.41689002265048364,1.1407751815377984,114.63839672461384
251.0,872.0,366.0,872.0,251.0,872.0,13225.0,73441.0,86666.0,115.0,271.0,294.3908965983833,0.3906370792330796,1.169472768006384,112.99414613775215
245.0,865.0,355.0,865.0,245.0,865.0,12100.0,73984.0,86084.0,110.0,272.0,293.40074982862603,0.37491383394299593,1.1864924995820776,112.01898735001936
245.0,857.0,358.0,857.0,245.0,857.0,12769.0,75625.0,88394.0,113.0,275.0,297.3112846832424,0.3800730272326899,1.1809210795271339,112.33820620506218
246.0,846.0,349.0,846.0,246.0,846.0,10609.0,76176.0,86785.0,103.0,276.0,294.5929394944828,0.3496349918526442,1.213614848670778,110.46499121675633
246.0,837.0,339.0,837.0,246.0,837.0,8649.0,80656.0,89305.0,93.0,284.0,298.8394217635953,0.31120392166188193,1.254336728316655,108.13179937920789
246.0,832.0,332.0,832.0,246.0,832.0,7396.0,81796.0,89192.0,86.0,286.0,298.6502971704532,0.2879622113716362,1.2786980955865273,106.73599585147608
244.0,819.0,324.0,819.0,244.0,819.0,6400.0,87616.0,94016.0,80.0,296.0,306.6202863477888,0.2609090251427747,1.3068326031691921,105.12400730831055
245.0,813.0,322.0,813.0,245.0,813.0,5929.0,85849.0,91778.0,77.0,293.0,302.9488405655318,0.25416832708869175,1.3138086333165375,104.72431022311164
247.0,800.0,320.0,800.0,247.0,800.0,5329.0,89401.0,94730.0,73.0,299.0,307.7823906593748,0.23718056073191554,1.3313337621729364,103.72019430421706
247.0,792.0,316.0,792.0,247.0,792.0,4761.0,93025.0,97786.0,69.0,305.0,312.70753108935514,0.22065346414788928,1.3483119294392256,102.74741697599151
244.0,787.0,317.0,787.0,244.0,787.0,5329.0,92416.0,97745.0,73.0,304.0,312.64196775225173,0.23349392445561795,1.3351269370176957,103.50286139465716
247.0,777.0,315.0,777.0,247.0,777.0,4624.0,91809.0,96433.0,68.0,303.0,310.53663229963706,0.21897577588974027,1.3500316801818437,102.64888251662501
245.0,769.0,315.0,769.0,245.0,769.0,4900.0,90000.0,94900.0,70.0,300.0,308.05843601498725,0.22722961560641844,1.3415643935179014,103.13402230639632
249.0,760.0,312.0,760.0,249.0,760.0,3969.0,98596.0,102565.0,63.0,314.0,320.2577087284551,0.19671657631641082,1.372788397150159,101.34501867876679
249.0,751.0,311.0,751.0,249.0,751.0,3844.0,94249.0,98093.0,62.0,307.0,313.1980204279714,0.1979578284539593,1.3715222469255033,101.41756374286912
249.0,743.0,311.0,743.0,249.0,743.0,3844.0,91809.0,95653.0,62.0,303.0,309.27819192435794,0.20046676946159758,1.3689619882342732,101.56425576033828
255.0,738.0,302.0,738.0,255.0,738.0,2209.0,91809.0,94018.0,47.0,303.0,306.62354769325856,0.15328242189350072,1.4169072271528478,98.81719592255759
255.0,733.0,301.0,733.0,255.0,733.0,2116.0,93636.0,95752.0,46.0,306.0,309.438200615244,0.14865650042089174,1.4215867882726625,98.54907682041869
256.0,724.0,300.0,724.0,256.0,724.0,1936.0,93636.0,95572.0,44.0,306.0,309.1472141229806,0.14232701441228754,1.4279843593627564,98.1825229978214
258.0,718.0,303.0,718.0,258.0,718.0,2025.0,94864.0,96889.0,45.0,308.0,311.2699792784392,0.14456903330130116,1.4257189103556513,98.31232366463063
260.0,712.0,305.0,712.0,260.0,712.0,2025.0,93025.0,95050.0,45.0,305.0,308.3018001893599,0.14596087331426824,1.4243121484013355,98.39292518739249
258.0,706.0,303.0,706.0,258.0,706.0,2025.0,93636.0,95661.0,45.0,306.0,309.2911249939125,0.14549399049483133,1.4247840690836213,98.36588612403258
262.0,698.0,301.0,698.0,262.0,698.0,1521.0,101124.0,102645.0,39.0,318.0,320.3825837963106,0.12172946337431063,1.4487642084418977,96.99192534666778
261.0,692.0,295.0,692.0,261.0,692.0,1156.0,103684.0,104840.0,34.0,322.0,323.7900554371613,0.10500631328561127,1.4655960773743437,96.02753029552126
265.0,693.0,300.0,693.0,265.0,693.0,1225.0,108241.0,109466.0,35.0,329.0,330.8564643467013,0.1057860545935226,1.4648119688052967,96.0724564072077
267.0,686.0,296.0,686.0,267.0,686.0,841.0,108241.0,109082.0,29.0,329.0,330.2756424564185,0.08780544573106595,1.4828776607981926,95.03736850203148
265.0,680.0,300.0,680.0,265.0,680.0,1225.0,109561.0,110786.0,35.0,331.0,332.8453094156503,0.1051539529322095,1.4654476158084226,96.03603651666845
264.0,679.0,293.0,679.0,264.0,679.0,841.0,114244.0,115085.0,29.0,338.0,339.2418016695466,0.08548474821581312,1.4852071193802103,94.90390035673133
266.0,678.0,295.0,678.0,266.0,678.0,841.0,114244.0,115085.0,29.0,338.0,339.2418016695466,0.08548474821581312,1.4852071193802103,94.90390035673133
265.0,675.0,294.0,675.0,265.0,675.0,841.0,111556.0,112397.0,29.0,334.0,335.25661813005274,0.08650090238860049,1.4841871870846008,94.96233817265885
269.0,675.0,293.0,675.0,269.0,675.0,576.0,110224.0,110800.0,24.0,332.0,332.86633954186476,0.07210101217513316,1.4986326978352391,94.13467137373641
268.0,674.0,298.0,674.0,268.0,674.0,900.0,115600.0,116500.0,30.0,340.0,341.32096331752024,0.08789381029635715,1.4827889532671559,95.04245106917091
273.0,671.0,297.0,671.0,273.0,671.0,576.0,115600.0,116176.0,24.0,340.0,340.84600628436294,0.0704130298067132,1.5003249822161009,94.03771062097712
272.0,676.0,303.0,676.0,272.0,676.0,961.0,110224.0,111185.0,31.0,332.0,333.44414824674914,0.09296909291405514,1.4776927843984848,95.33444003703171
272.0,676.0,302.0,676.0,272.0,676.0,900.0,114244.0,115144.0,30.0,338.0,339.3287491504367,0.08840983876288042,1.4822709080708807,95.0721328725145
275.0,675.0,293.0,675.0,275.0,675.0,324.0,123201.0,123525.0,18.0,351.0,351.4612354157994,0.0512147519731584,1.519559159391478,92.93567344642116
274.0,675.0,293.0,675.0,274.0,675.0,361.0,122500.0,122861.0,19.0,350.0,350.5153348999156,0.05420590230503086,1.516563843977702,93.10729237794101
271.0,678.0,295.0,678.0,271.0,678.0,576.0,118336.0,118912.0,24.0,344.0,344.8361929960369,0.06959826284903867,1.5011417530663285,93.99091309842977
275.0,676.0,299.0,676.0,275.0,676.0,576.0,125316.0,125892.0,24.0,354.0,354.81262660734046,0.06764133573679162,1.503103304100928,93.8785245028477
275.0,677.0,293.0,677.0,275.0,677.0,324.0,128881.0,129205.0,18.0,359.0,359.4509702309899,0.050076370606074214,1.5206990035939922,92.87036518431464
275.0,677.0,294.0,677.0,275.0,677.0,361.0,123904.0,124265.0,19.0,352.0,352.51241112902676,0.05389881150325119,1.5168713843731503,93.08967161125203
275.0,673.0,294.0,673.0,275.0,673.0,361.0,131044.0,131405.0,19.0,362.0,362.49827585796874,0.052414042397940765,1.5183582557585515,93.00448015618977
269.0,679.0,294.0,679.0,269.0,679.0,625.0,121801.0,122426.0,25.0,349.0,349.89426974444723,0.07145015555201657,1.4992852374960288,94.09728360520826
269.0,676.0,288.0,676.0,269.0,676.0,361.0,133956.0,134317.0,19.0,366.0,366.4928375834922,0.05184275939818751,1.5189303165453578,92.97170348748084
277.0,678.0,289.0,678.0,277.0,678.0,144.0,123904.0,124048.0,12.0,352.0,352.20448605888026,0.03407111628326587,1.5367186152078889,91.95250904939961
279.0,677.0,291.0,677.0,279.0,677.0,144.0,126736.0,126880.0,12.0,356.0,356.20218977429096,0.033688731693659296,1.5371012194488802,91.93058744116699
277.0,679.0,290.0,679.0,277.0,679.0,169.0,126025.0,126194.0,13.0,355.0,355.2379484233068,0.03659518938699929,1.5341929643871492,92.09721818195173
277.0,680.0,290.0,680.0,277.0,680.0,169.0,125316.0,125485.0,13.0,354.0,354.2386201418473,0.036698426599545884,1.5340896577814567,92.10313721445374
277.0,675.0,289.0,675.0,277.0,675.0,144.0,129600.0,129744.0,12.0,360.0,360.1999444752872,0.03331483023263848,1.5374753309166493,91.90915243299638
276.0,674.0,288.0,674.0,276.0,674.0,144.0,130321.0,130465.0,12.0,361.0,361.19939091864484,0.03322264738453791,1.5375675648215714,91.90386781951634
274.0,673.0,286.0,673.0,274.0,673.0,144.0,129600.0,129744.0,12.0,360.0,360.1999444752872,0.03331483023263848,1.5374753309166493,91.90915243299638
273.0,677.0,285.0,677.0,273.0,677.0,144.0,131769.0,131913.0,12.0,363.0,363.19829294753026,0.03303980286530033,1.5377505097759667,91.89338584574627
272.0,679.0,285.0,679.0,272.0,679.0,169.0,130321.0,130490.0,13.0,361.0,361.23399618529817,0.035987753470832065,1.534800800726368,92.06239172507982
273.0,679.0,285.0,679.0,273.0,679.0,144.0,130321.0,130465.0,12.0,361.0,361.19939091864484,0.03322264738453791,1.5375675648215714,91.90386781951634
273.0,680.0,286.0,680.0,273.0,680.0,169.0,129600.0,129769.0,13.0,360.0,360.23464575190434,0.03608758944566696,1.5347008998590999,92.06811562314398
273.0,679.0,285.0,679.0,273.0,679.0,144.0,129600.0,129744.0,12.0,360.0,360.1999444752872,0.03331483023263848,1.5374753309166493,91.90915243299638
272.0,679.0,284.0,679.0,272.0,679.0,144.0,129600.0,129744.0,12.0,360.0,360.1999444752872,0.03331483023263848,1.5374753309166493,91.90915243299638
272.0,679.0,285.0,679.0,272.0,679.0,169.0,129600.0,129769.0,13.0,360.0,360.23464575190434,0.03608758944566696,1.5347008998590999,92.06811562314398
272.0,678.0,284.0,678.0,272.0,678.0,144.0,130321.0,130465.0,12.0,361.0,361.19939091864484,0.03322264738453791,1.5375675648215714,91.90386781951634
272.0,677.0,284.0,677.0,272.0,677.0,144.0,126025.0,126169.0,12.0,355.0,355.2027589982938,0.03378352137196559,1.537006375783141,91.93602158292741
272.0,677.0,285.0,677.0,272.0,677.0,169.0,126025.0,126194.0,13.0,355.0,355.2379484233068,0.03659518938699929,1.5341929643871492,92.09721818195173
278.0,682.0,284.0,682.0,278.0,682.0,36.0,122500.0,122536.0,6.0,350.0,350.051424793558,0.017140338747481134,1.553655148656288,90.98211716322419
278.0,680.0,284.0,680.0,278.0,680.0,36.0,123904.0,123940.0,6.0,352.0,352.05113264978996,0.017042978827648374,1.5537525227998992,90.97653803576156
278.0,679.0,284.0,679.0,278.0,679.0,36.0,124609.0,124645.0,6.0,353.0,353.0509878190401,0.01699471239852574,1.5538007962205163,90.97377217249755
278.0,676.0,284.0,676.0,278.0,676.0,36.0,126736.0,126772.0,6.0,356.0,356.0505582076793,0.016851539371833493,1.553943989753554,90.96556778740091
278.0,680.0,284.0,680.0,278.0,680.0,36.0,128164.0,128200.0,6.0,358.0,358.05027579936313,0.016757423204338366,1.554038119212659,90.96017456666634
278.0,679.0,284.0,679.0,278.0,679.0,36.0,123904.0,123940.0,6.0,352.0,352.05113264978996,0.017042978827648374,1.5537525227998992,90.97653803576156
278.0,679.0,285.0,679.0,278.0,679.0,49.0,128164.0,128213.0,7.0,358.0,358.06842921430535,0.01954933590587645,1.5512457454585789,91.12016579759825
279.0,679.0,285.0,679.0,279.0,679.0,36.0,132496.0,132532.0,6.0,364.0,364.04944719090014,0.016481277601978397,1.5543143029598947,90.94435040357963
280.0,678.0,280.0,678.0,280.0,678.0,0.0,128164.0,128164.0,0.0,358.0,358.0,nan,nan,nan
280.0,683.0,280.0,683.0,280.0,683.0,0.0,120409.0,120409.0,0.0,347.0,347.0,nan,nan,nan
280.0,675.0,280.0,675.0,280.0,675.0,0.0,126025.0,126025.0,0.0,355.0,355.0,nan,nan,nan
280.0,679.0,280.0,679.0,280.0,679.0,0.0,127449.0,127449.0,0.0,357.0,357.0,nan,nan,nan
280.0,679.0,280.0,679.0,280.0,679.0,0.0,123201.0,123201.0,0.0,351.0,351.0,nan,nan,nan
280.0,678.0,280.0,678.0,280.0,678.0,0.0,123201.0,123201.0,0.0,351.0,351.0,nan,nan,nan
280.0,679.0,280.0,679.0,280.0,679.0,0.0,122500.0,122500.0,0.0,350.0,350.0,nan,nan,nan
275.0,678.0,282.0,678.0,275.0,678.0,49.0,132496.0,132545.0,7.0,364.0,364.06730147048364,0.019227214231343204,1.5515679276951895,91.10170611520637
281.0,677.0,281.0,677.0,281.0,677.0,0.0,123904.0,123904.0,0.0,352.0,352.0,nan,nan,nan
275.0,680.0,281.0,680.0,275.0,680.0,36.0,121801.0,121837.0,6.0,349.0,349.05157212079706,0.017189436975014016,1.5536060431941632,90.98493069895497
282.0,677.0,289.0,677.0,282.0,677.0,49.0,128164.0,128213.0,7.0,358.0,358.06842921430535,0.01954933590587645,1.5512457454585789,91.12016579759825
282.0,682.0,282.0,682.0,282.0,682.0,0.0,120409.0,120409.0,0.0,347.0,347.0,nan,nan,nan
283.0,675.0,283.0,675.0,283.0,675.0,0.0,124609.0,124609.0,0.0,353.0,353.0,nan,nan,nan
282.0,676.0,289.0,676.0,282.0,676.0,49.0,123904.0,123953.0,7.0,352.0,352.0695953927291,0.019882432597428897,1.5509125840065816,91.13925454269413
282.0,681.0,282.0,681.0,282.0,681.0,0.0,124609.0,124609.0,0.0,353.0,353.0,nan,nan,nan
282.0,676.0,288.0,676.0,282.0,676.0,36.0,128164.0,128200.0,6.0,358.0,358.05027579936313,0.016757423204338366,1.554038119212659,90.96017456666634
282.0,677.0,288.0,677.0,282.0,677.0,36.0,123201.0,123237.0,6.0,351.0,351.05127830560593,0.017091520158991503,1.5537039743971799,90.97931965433948
282.0,678.0,288.0,678.0,282.0,678.0,36.0,122500.0,122536.0,6.0,350.0,350.051424793558,0.017140338747481134,1.553655148656288,90.98211716322419
282.0,678.0,288.0,678.0,282.0,678.0,36.0,122500.0,122536.0,6.0,350.0,350.051424793558,0.017140338747481134,1.553655148656288,90.98211716322419
282.0,680.0,289.0,680.0,282.0,680.0,49.0,121104.0,121153.0,7.0,348.0,348.0703951789063,0.020110874400570716,1.550684096516168,91.15234591156637
283.0,680.0,283.0,680.0,283.0,680.0,0.0,121104.0,121104.0,0.0,348.0,348.0,nan,nan,nan
277.0,680.0,290.0,680.0,277.0,680.0,169.0,125316.0,125485.0,13.0,354.0,354.2386201418473,0.036698426599545884,1.5340896577814567,92.10313721445374
277.0,681.0,289.0,681.0,277.0,681.0,144.0,124609.0,124753.0,12.0,353.0,353.2039071131575,0.03397470910806065,1.5368150782300978,91.94698212534796
283.0,676.0,289.0,676.0,283.0,676.0,36.0,128164.0,128200.0,6.0,358.0,358.05027579936313,0.016757423204338366,1.554038119212659,90.96017456666634
277.0,678.0,290.0,678.0,277.0,678.0,169.0,122500.0,122669.0,13.0,350.0,350.2413453605956,0.037117262631045686,1.5336705361881886,92.1271511128508
283.0,679.0,283.0,679.0,283.0,679.0,0.0,121801.0,121801.0,0.0,349.0,349.0,nan,nan,nan
283.0,678.0,283.0,678.0,283.0,678.0,0.0,122500.0,122500.0,0.0,350.0,350.0,nan,nan,nan
284.0,677.0,284.0,677.0,284.0,677.0,0.0,119716.0,119716.0,0.0,346.0,346.0,nan,nan,nan
278.0,676.0,284.0,676.0,278.0,676.0,36.0,128164.0,128200.0,6.0,358.0,358.05027579936313,0.016757423204338366,1.554038119212659,90.96017456666634
278.0,680.0,284.0,680.0,278.0,680.0,36.0,125316.0,125352.0,6.0,354.0,354.05084380636634,0.016946718543287685,1.5538487969884918,90.97102193107916
284.0,676.0,290.0,676.0,284.0,676.0,36.0,128164.0,128200.0,6.0,358.0,358.05027579936313,0.016757423204338366,1.554038119212659,90.96017456666634
278.0,679.0,284.0,679.0,278.0,679.0,36.0,121801.0,121837.0,6.0,349.0,349.05157212079706,0.017189436975014016,1.5536060431941632,90.98493069895497
278.0,679.0,284.0,679.0,278.0,679.0,36.0,121801.0,121837.0,6.0,349.0,349.05157212079706,0.017189436975014016,1.5536060431941632,90.98493069895497
278.0,678.0,285.0,678.0,278.0,678.0,49.0,122500.0,122549.0,7.0,350.0,350.06999300139967,0.01999600119960014,1.550798992821746,91.1457628381751
278.0,678.0,285.0,678.0,278.0,678.0,49.0,122500.0,122549.0,7.0,350.0,350.06999300139967,0.01999600119960014,1.550798992821746,91.1457628381751
279.0,679.0,291.0,679.0,279.0,679.0,144.0,122500.0,122644.0,12.0,350.0,350.20565386641033,0.03426558043114155,1.5365240374440972,91.96365753405196
279.0,680.0,286.0,680.0,279.0,680.0,49.0,121801.0,121850.0,7.0,349.0,349.07019351414124,0.020053273324571103,1.55074170921065,91.14904494732617
281.0,674.0,288.0,674.0,281.0,674.0,49.0,114921.0,114970.0,7.0,339.0,339.0722636843067,0.020644566806907426,1.5501502932606783,91.18293058519627
282.0,675.0,288.0,675.0,282.0,675.0,36.0,118336.0,118372.0,6.0,344.0,344.05232160239814,0.017439208002013894,1.5533562347191943,90.9992436702573
282.0,677.0,288.0,677.0,282.0,677.0,36.0,121801.0,121837.0,6.0,349.0,349.05157212079706,0.017189436975014016,1.5536060431941632,90.98493069895497
284.0,678.0,284.0,678.0,284.0,678.0,0.0,119025.0,119025.0,0.0,345.0,345.0,nan,nan,nan
279.0,680.0,291.0,680.0,279.0,680.0,144.0,126025.0,126169.0,12.0,355.0,355.2027589982938,0.03378352137196559,1.537006375783141,91.93602158292741
278.0,681.0,291.0,681.0,278.0,681.0,169.0,121801.0,121970.0,13.0,349.0,349.24203641600764,0.03722346866777158,1.5335642567062517,92.13324047861462
278.0,682.0,290.0,682.0,278.0,682.0,144.0,121104.0,121248.0,12.0,348.0,348.2068350851258,0.034462275839778886,1.5363272257953886,91.97493401088197
278.0,682.0,290.0,682.0,278.0,682.0,144.0,121104.0,121248.0,12.0,348.0,348.2068350851258,0.034462275839778886,1.5363272257953886,91.97493401088197
278.0,681.0,290.0,681.0,278.0,681.0,144.0,126025.0,126169.0,12.0,355.0,355.2027589982938,0.03378352137196559,1.537006375783141,91.93602158292741
278.0,678.0,291.0,678.0,278.0,678.0,169.0,123904.0,124073.0,13.0,352.0,352.239975017033,0.03690665717135418,1.533881286049297,92.11507603527633
284.0,678.0,290.0,678.0,284.0,678.0,36.0,123201.0,123237.0,6.0,351.0,351.05127830560593,0.017091520158991503,1.5537039743971799,90.97931965433948
278.0,676.0,284.0,676.0,278.0,676.0,36.0,119716.0,119752.0,6.0,346.0,346.0520192109851,0.017338433723577983,1.5534570242367431,90.99346885628258
277.0,675.0,290.0,675.0,277.0,675.0,169.0,128881.0,129050.0,13.0,359.0,359.23529893372114,0.03618798052025087,1.534600443167863,92.0738713675757
277.0,676.0,290.0,676.0,277.0,676.0,169.0,123904.0,124073.0,13.0,352.0,352.239975017033,0.03690665717135418,1.533881286049297,92.11507603527633
283.0,676.0,289.0,676.0,283.0,676.0,36.0,123904.0,123940.0,6.0,352.0,352.05113264978996,0.017042978827648374,1.5537525227998992,90.97653803576156
279.0,676.0,285.0,676.0,279.0,676.0,36.0,120409.0,120445.0,6.0,347.0,347.0518693221519,0.017288482011979838,1.5535069834366884,90.99060640497787
278.0,676.0,284.0,676.0,278.0,676.0,36.0,120409.0,120445.0,6.0,347.0,347.0518693221519,0.017288482011979838,1.5535069834366884,90.99060640497787
277.0,678.0,289.0,678.0,277.0,678.0,144.0,123201.0,123345.0,12.0,351.0,351.20506830055854,0.03416807182785442,1.5366216031787014,91.95806742923405
277.0,679.0,283.0,679.0,277.0,679.0,36.0,118336.0,118372.0,6.0,344.0,344.05232160239814,0.017439208002013894,1.5533562347191943,90.9992436702573
276.0,678.0,282.0,678.0,276.0,678.0,36.0,119025.0,119061.0,6.0,345.0,345.05216996854256,0.017388674879358107,1.553406775505566,90.99634789650491
276.0,678.0,289.0,678.0,276.0,678.0,169.0,119025.0,119194.0,13.0,345.0,345.2448406565984,0.0376544367043289,1.5331329863098468,92.15795045215755
277.0,678.0,283.0,678.0,277.0,678.0,36.0,119025.0,119061.0,6.0,345.0,345.05216996854256,0.017388674879358107,1.553406775505566,90.99634789650491
277.0,673.0,283.0,673.0,277.0,673.0,36.0,118336.0,118372.0,6.0,344.0,344.05232160239814,0.017439208002013894,1.5533562347191943,90.9992436702573
277.0,675.0,283.0,675.0,277.0,675.0,36.0,112225.0,112261.0,6.0,335.0,335.0537270349339,0.01790757575836313,1.5528877937943693,91.02608335820098
275.0,680.0,287.0,680.0,275.0,680.0,144.0,116964.0,117108.0,12.0,342.0,342.21046155838076,0.035066140133044446,1.5357229962616712,92.00955381302114
275.0,678.0,287.0,678.0,275.0,678.0,144.0,114244.0,114388.0,12.0,338.0,338.21295066865787,0.03548060467902135,1.535308273631223,92.03331566941439
275.0,679.0,287.0,679.0,275.0,679.0,144.0,113569.0,113713.0,12.0,337.0,337.2135821701137,0.035585755243827566,1.535203056621528,92.0393441600029
275.0,679.0,287.0,679.0,275.0,679.0,144.0,109561.0,109705.0,12.0,331.0,331.2174512310606,0.036229975067432904,1.5345584210642613,92.07627905675834
274.0,678.0,286.0,678.0,274.0,678.0,144.0,114244.0,114388.0,12.0,338.0,338.21295066865787,0.03548060467902135,1.535308273631223,92.03331566941439
274.0,679.0,286.0,679.0,274.0,679.0,144.0,117649.0,117793.0,12.0,343.0,343.20984834354624,0.03496403164978016,1.5358251673979697,92.00369983812318
274.0,679.0,286.0,679.0,274.0,679.0,144.0,117649.0,117793.0,12.0,343.0,343.20984834354624,0.03496403164978016,1.5358251673979697,92.00369983812318
274.0,680.0,286.0,680.0,274.0,680.0,144.0,112896.0,113040.0,12.0,336.0,336.2142174269256,0.03569153051241249,1.5350972141155725,92.04540848888723
274.0,680.0,286.0,680.0,274.0,680.0,144.0,108900.0,109044.0,12.0,330.0,330.21810973960834,0.03633961810714298,1.534448705775876,92.08256527973087
274.0,680.0,286.0,680.0,274.0,680.0,144.0,108900.0,109044.0,12.0,330.0,330.21810973960834,0.03633961810714298,1.534448705775876,92.08256527973087
274.0,676.0,286.0,676.0,274.0,676.0,144.0,115600.0,115744.0,12.0,340.0,340.2116987994387,0.0352721556676222,1.5355168532013053,92.02136494035602
274.0,676.0,286.0,676.0,274.0,676.0,144.0,115600.0,115744.0,12.0,340.0,340.2116987994387,0.0352721556676222,1.5355168532013053,92.02136494035602
274.0,683.0,286.0,683.0,274.0,683.0,144.0,111556.0,111700.0,12.0,334.0,334.21549934136806,0.03590497754786407,1.5348836301803326,92.05764594694827
275.0,677.0,287.0,677.0,275.0,677.0,144.0,114921.0,115065.0,12.0,339.0,339.21232288936676,0.03537607330354496,1.5354128706707453,92.02732270050019
275.0,676.0,287.0,676.0,275.0,676.0,144.0,119716.0,119860.0,12.0,346.0,346.2080299473136,0.03466124110935895,1.536128141585397,91.98634069588219
275.0,676.0,287.0,676.0,275.0,676.0,144.0,115600.0,115744.0,12.0,340.0,340.2116987994387,0.0352721556676222,1.5355168532013053,92.02136494035602
275.0,676.0,287.0,676.0,275.0,676.0,144.0,115600.0,115744.0,12.0,340.0,340.2116987994387,0.0352721556676222,1.5355168532013053,92.02136494035602
275.0,677.0,287.0,677.0,275.0,677.0,144.0,114921.0,115065.0,12.0,339.0,339.21232288936676,0.03537607330354496,1.5354128706707453,92.02732270050019
275.0,678.0,287.0,678.0,275.0,678.0,144.0,114244.0,114388.0,12.0,338.0,338.21295066865787,0.03548060467902135,1.535308273631223,92.03331566941439
275.0,678.0,287.0,678.0,275.0,678.0,144.0,114244.0,114388.0,12.0,338.0,338.21295066865787,0.03548060467902135,1.535308273631223,92.03331566941439
275.0,677.0,287.0,677.0,275.0,677.0,144.0,114921.0,115065.0,12.0,339.0,339.21232288936676,0.03537607330354496,1.5354128706707453,92.02732270050019
275.0,676.0,287.0,676.0,275.0,676.0,144.0,115600.0,115744.0,12.0,340.0,340.2116987994387,0.0352721556676222,1.5355168532013053,92.02136494035602
275.0,677.0,281.0,677.0,275.0,677.0,36.0,111556.0,111592.0,6.0,334.0,334.0538878684096,0.01796117398389184,1.5528341869470392,91.02915480430599
274.0,677.0,280.0,677.0,274.0,677.0,36.0,110889.0,110925.0,6.0,333.0,333.0540496676178,0.0180150939644418,1.5527802582408412,91.03224469156574
274.0,677.0,280.0,677.0,274.0,677.0,36.0,110889.0,110925.0,6.0,333.0,333.0540496676178,0.0180150939644418,1.5527802582408412,91.03224469156574
274.0,677.0,286.0,677.0,274.0,677.0,144.0,110889.0,111033.0,12.0,333.0,333.2161460673837,0.036012660675732486,1.5347758773657074,92.06381972845695
274.0,677.0,286.0,677.0,274.0,677.0,144.0,110889.0,111033.0,12.0,333.0,333.2161460673837,0.036012660675732486,1.5347758773657074,92.06381972845695
274.0,677.0,286.0,677.0,274.0,677.0,144.0,114921.0,115065.0,12.0,339.0,339.21232288936676,0.03537607330354496,1.5354128706707453,92.02732270050019
274.0,676.0,286.0,676.0,274.0,676.0,144.0,115600.0,115744.0,12.0,340.0,340.2116987994387,0.0352721556676222,1.5355168532013053,92.02136494035602
273.0,677.0,285.0,677.0,273.0,677.0,144.0,115600.0,115744.0,12.0,340.0,340.2116987994387,0.0352721556676222,1.5355168532013053,92.02136494035602
273.0,682.0,285.0,682.0,273.0,682.0,144.0,112225.0,112369.0,12.0,335.0,335.2148564726808,0.03579793606485926,1.5349907405214265,92.05150897646139
274.0,675.0,286.0,675.0,274.0,675.0,144.0,121104.0,121248.0,12.0,348.0,348.2068350851258,0.034462275839778886,1.5363272257953886,91.97493401088197
274.0,676.0,286.0,676.0,274.0,676.0,144.0,116281.0,116425.0,12.0,341.0,341.2110783664563,0.035168846385204865,1.5356202266201853,92.01544207974035
274.0,675.0,286.0,675.0,274.0,675.0,144.0,116964.0,117108.0,12.0,342.0,342.21046155838076,0.035066140133044446,1.5357229962616712,92.00955381302114
273.0,681.0,286.0,681.0,273.0,681.0,169.0,121104.0,121273.0,13.0,348.0,348.2427314388629,0.037330283811773585,1.533457367271446,92.13936479210354
273.0,681.0,286.0,681.0,273.0,681.0,169.0,116964.0,117133.0,13.0,342.0,342.2469868384527,0.037984264288457435,1.532802922594144,92.17686171003774
273.0,679.0,285.0,679.0,273.0,679.0,144.0,118336.0,118480.0,12.0,344.0,344.20923869065456,0.03486251573504266,1.5359267452401069,91.99787985647667
274.0,680.0,286.0,680.0,274.0,680.0,144.0,117649.0,117793.0,12.0,343.0,343.20984834354624,0.03496403164978016,1.5358251673979697,92.00369983812318
273.0,680.0,285.0,680.0,273.0,680.0,144.0,121801.0,121945.0,12.0,349.0,349.20624278497655,0.03436364683603033,1.5364259132518925,91.96927963613342
273.0,679.0,285.0,679.0,273.0,679.0,144.0,118336.0,118480.0,12.0,344.0,344.20923869065456,0.03486251573504266,1.5359267452401069,91.99787985647667
273.0,679.0,285.0,679.0,273.0,679.0,144.0,118336.0,118480.0,12.0,344.0,344.20923869065456,0.03486251573504266,1.5359267452401069,91.99787985647667
273.0,678.0,286.0,678.0,273.0,678.0,169.0,123201.0,123370.0,13.0,351.0,351.2406582387637,0.037011660509880265,1.5337762109209665,92.12109639666146
273.0,679.0,285.0,679.0,273.0,679.0,144.0,122500.0,122644.0,12.0,350.0,350.20565386641033,0.03426558043114155,1.5365240374440972,91.96365753405196
274.0,678.0,286.0,678.0,274.0,678.0,144.0,122500.0,122644.0,12.0,350.0,350.20565386641033,0.03426558043114155,1.5365240374440972,91.96365753405196
274.0,678.0,286.0,678.0,274.0,678.0,144.0,123201.0,123345.0,12.0,351.0,351.20506830055854,0.03416807182785442,1.5366216031787014,91.95806742923405
274.0,676.0,286.0,676.0,274.0,676.0,144.0,119716.0,119860.0,12.0,346.0,346.2080299473136,0.03466124110935895,1.536128141585397,91.98634069588219
274.0,680.0,287.0,680.0,274.0,680.0,169.0,116964.0,117133.0,13.0,342.0,342.2469868384527,0.037984264288457435,1.532802922594144,92.17686171003774
281.0,675.0,287.0,675.0,281.0,675.0,36.0,120409.0,120445.0,6.0,347.0,347.0518693221519,0.017288482011979838,1.5535069834366884,90.99060640497787
275.0,680.0,287.0,680.0,275.0,680.0,144.0,112896.0,113040.0,12.0,336.0,336.2142174269256,0.03569153051241249,1.5350972141155725,92.04540848888723
275.0,675.0,287.0,675.0,275.0,675.0,144.0,116281.0,116425.0,12.0,341.0,341.2110783664563,0.035168846385204865,1.5356202266201853,92.01544207974035
276.0,680.0,288.0,680.0,276.0,680.0,144.0,112896.0,113040.0,12.0,336.0,336.2142174269256,0.03569153051241249,1.5350972141155725,92.04540848888723
276.0,680.0,289.0,680.0,276.0,680.0,169.0,112896.0,113065.0,13.0,336.0,336.25139404915484,0.03866154975137322,1.5321251392236843,92.21569583658922
276.0,674.0,289.0,674.0,276.0,674.0,169.0,116964.0,117133.0,13.0,342.0,342.2469868384527,0.037984264288457435,1.532802922594144,92.17686171003774
276.0,678.0,288.0,678.0,276.0,678.0,144.0,114921.0,115065.0,12.0,339.0,339.21232288936676,0.03537607330354496,1.5354128706707453,92.02732270050019
276.0,677.0,283.0,677.0,276.0,677.0,49.0,111556.0,111605.0,7.0,334.0,334.07334524023315,0.02095348252033181,1.5498413107059559,91.20063398152504
272.0,675.0,285.0,675.0,272.0,675.0,169.0,118336.0,118505.0,13.0,344.0,344.2455518957362,0.03776374140031704,1.5330236038165306,92.1642176073772
273.0,677.0,285.0,677.0,273.0,677.0,144.0,121104.0,121248.0,12.0,348.0,348.2068350851258,0.034462275839778886,1.5363272257953886,91.97493401088197
273.0,678.0,286.0,678.0,273.0,678.0,169.0,112896.0,113065.0,13.0,336.0,336.25139404915484,0.03866154975137322,1.5321251392236843,92.21569583658922
274.0,679.0,286.0,679.0,274.0,679.0,144.0,116281.0,116425.0,12.0,341.0,341.2110783664563,0.035168846385204865,1.5356202266201853,92.01544207974035
274.0,677.0,286.0,677.0,274.0,677.0,144.0,110224.0,110368.0,12.0,332.0,332.2167966855379,0.03612099123139365,1.534667476282121,92.0700306530411
277.0,678.0,289.0,678.0,277.0,678.0,144.0,111556.0,111700.0,12.0,334.0,334.21549934136806,0.03590497754786407,1.5348836301803326,92.05764594694827
274.0,682.0,286.0,682.0,274.0,682.0,144.0,106929.0,107073.0,12.0,327.0,327.2201094064972,0.036672562764450106,1.5341155390382448,92.10165432767128
276.0,677.0,289.0,677.0,276.0,677.0,169.0,111556.0,111725.0,13.0,334.0,334.2528982671654,0.038892706891681804,1.531893808095089,92.22895013392774
276.0,677.0,289.0,677.0,276.0,677.0,169.0,111556.0,111725.0,13.0,334.0,334.2528982671654,0.038892706891681804,1.531893808095089,92.22895013392774
274.0,680.0,286.0,680.0,274.0,680.0,144.0,111556.0,111700.0,12.0,334.0,334.21549934136806,0.03590497754786407,1.5348836301803326,92.05764594694827
273.0,680.0,285.0,680.0,273.0,680.0,144.0,110889.0,111033.0,12.0,333.0,333.2161460673837,0.036012660675732486,1.5347758773657074,92.06381972845695
278.0,676.0,284.0,676.0,278.0,676.0,36.0,116964.0,117000.0,6.0,342.0,342.0526275297414,0.01754116038614058,1.5532542667374942,91.00508600525417
274.0,676.0,286.0,676.0,274.0,676.0,144.0,114244.0,114388.0,12.0,338.0,338.21295066865787,0.03548060467902135,1.535308273631223,92.03331566941439
277.0,680.0,289.0,680.0,277.0,680.0,144.0,105625.0,105769.0,12.0,325.0,325.22146300636433,0.036897933762032084,1.533890015404372,92.11457588007265
277.0,677.0,289.0,677.0,277.0,677.0,144.0,112225.0,112369.0,12.0,335.0,335.2148564726808,0.03579793606485926,1.5349907405214265,92.05150897646139
274.0,677.0,286.0,677.0,274.0,677.0,144.0,114244.0,114388.0,12.0,338.0,338.21295066865787,0.03548060467902135,1.535308273631223,92.03331566941439
273.0,679.0,285.0,679.0,273.0,679.0,144.0,113569.0,113713.0,12.0,337.0,337.2135821701137,0.035585755243827566,1.535203056621528,92.0393441600029
272.0,681.0,290.0,681.0,272.0,681.0,324.0,112225.0,112549.0,18.0,335.0,335.4832335601885,0.05365394809446013,1.5171166026124725,93.07562164107924
271.0,673.0,288.0,673.0,271.0,673.0,289.0,116281.0,116570.0,17.0,341.0,341.42349069740357,0.04979153591709582,1.5209841940527504,92.8540249746704
273.0,677.0,290.0,677.0,273.0,677.0,289.0,111556.0,111845.0,17.0,334.0,334.43235489408016,0.05083240228172349,1.5199420077648096,92.91373785043581
272.0,677.0,289.0,677.0,272.0,677.0,289.0,115600.0,115889.0,17.0,340.0,340.42473470651333,0.04993761694389224,1.5208379310729538,92.86240522611175
270.0,680.0,294.0,680.0,270.0,680.0,576.0,113569.0,114145.0,24.0,337.0,337.85351855500926,0.07103670283691992,1.499699743491086,94.07353416110863
271.0,675.0,294.0,675.0,271.0,675.0,529.0,117649.0,118178.0,23.0,343.0,343.77027212951384,0.0669051452806683,1.5038411661343678,93.83624812246866
270.0,676.0,300.0,676.0,270.0,676.0,900.0,112225.0,113125.0,30.0,335.0,336.34060117684277,0.08919529754965996,1.4814823338016745,95.11731484997263
265.0,678.0,299.0,678.0,265.0,678.0,1156.0,111556.0,112712.0,34.0,334.0,335.72607882021913,0.10127303818482017,1.4693493714954131,95.81248238311272
267.0,676.0,302.0,676.0,267.0,676.0,1225.0,116964.0,118189.0,35.0,342.0,343.78627081371354,0.10180743959657816,1.4688121936372243,95.84326040723482
270.0,681.0,304.0,681.0,270.0,681.0,1156.0,114921.0,116077.0,34.0,339.0,340.7007484582328,0.09979432142095258,1.4708356182372722,95.72732671748913
269.0,678.0,304.0,678.0,269.0,678.0,1225.0,117649.0,118874.0,35.0,343.0,344.78108996869304,0.10151368801339448,1.4691074750318196,95.82634202955578
266.0,680.0,301.0,680.0,266.0,680.0,1225.0,121104.0,122329.0,35.0,348.0,349.75562897543193,0.1000698690755268,1.4705586843224638,95.74319386201168
267.0,684.0,295.0,684.0,267.0,684.0,784.0,117649.0,118433.0,28.0,343.0,344.1409594918919,0.08136200945490678,1.4893442824890257,94.66685837143899
266.0,683.0,306.0,683.0,266.0,683.0,1600.0,115600.0,117200.0,40.0,340.0,342.3448553724738,0.11684124756739721,1.4536875822280324,96.70983680775693
269.0,683.0,310.0,683.0,269.0,683.0,1681.0,120409.0,122090.0,41.0,347.0,349.4137948049561,0.11733938559262186,1.4531859939069474,96.73857570160816
269.0,683.0,309.0,683.0,269.0,683.0,1600.0,120409.0,122009.0,40.0,347.0,349.2978671563856,0.11451544301039615,1.456029106632429,96.57567734175812
270.0,684.0,311.0,684.0,270.0,684.0,1681.0,119716.0,121397.0,41.0,346.0,348.4207226902556,0.11767382744466898,1.452849218910028,96.75787148757716
271.0,685.0,313.0,685.0,271.0,685.0,1764.0,121104.0,122868.0,42.0,348.0,350.5253200554847,0.11982016019085814,1.4506875912279837,96.88172363063694
267.0,689.0,309.0,689.0,267.0,689.0,1764.0,116281.0,118045.0,42.0,341.0,343.57677453518306,0.12224342014043532,1.448246384439342,97.0215944765448
268.0,684.0,315.0,684.0,268.0,684.0,2209.0,125316.0,127525.0,47.0,354.0,357.1064267133819,0.1316134252540988,1.4387999387787214,97.56283594429803
268.0,685.0,315.0,685.0,268.0,685.0,2209.0,126736.0,128945.0,47.0,356.0,359.0891254271006,0.1308867260853366,1.4395329792843874,97.52083581711123
265.0,691.0,312.0,691.0,265.0,691.0,2209.0,123904.0,126113.0,47.0,352.0,355.12392203285884,0.13234816660886953,1.438058713368997,97.60530503194309
263.0,687.0,306.0,687.0,263.0,687.0,1849.0,129600.0,131449.0,43.0,360.0,362.5589607222527,0.11860139910578908,1.451915105837357,96.81139222422921
264.0,690.0,307.0,690.0,264.0,690.0,1849.0,127449.0,129298.0,43.0,357.0,359.58031091815917,0.1195838556627391,1.4509256071229513,96.86808632439828
262.0,691.0,311.0,691.0,262.0,691.0,2401.0,122500.0,124901.0,49.0,350.0,353.41335571820144,0.13864784453440623,1.4317003853128252,97.96961039432136
264.0,693.0,313.0,693.0,264.0,693.0,2401.0,125316.0,127717.0,49.0,354.0,357.37515302550065,0.13711081921944246,1.433252232429335,97.8806961040958
263.0,695.0,305.0,695.0,263.0,695.0,1764.0,123201.0,124965.0,42.0,351.0,353.50388965328233,0.11881057388419042,1.4517044415457305,96.82346239903352
259.0,697.0,313.0,697.0,259.0,697.0,2916.0,122500.0,125416.0,54.0,350.0,354.1412147717348,0.15248154619565032,1.4177176295981941,98.77076328273216
258.0,698.0,312.0,698.0,258.0,698.0,2916.0,116964.0,119880.0,54.0,342.0,346.23691311008423,0.15596257347301087,1.4141944498128813,98.97262661489638
259.0,699.0,318.0,699.0,259.0,699.0,3481.0,116281.0,119762.0,59.0,341.0,346.06646760412946,0.17048748007417744,1.3994719559219526,99.81616337875374
260.0,701.0,314.0,701.0,260.0,701.0,2916.0,118336.0,121252.0,54.0,344.0,348.2125787503949,0.1550776832755033,1.415090239361272,98.92130165444166
258.0,702.0,317.0,702.0,258.0,702.0,3481.0,119025.0,122506.0,59.0,345.0,350.00857132361773,0.1685673004431901,1.4014203377835361,99.70452932120516
259.0,707.0,317.0,707.0,259.0,707.0,3364.0,120409.0,123773.0,58.0,347.0,351.81387124444086,0.16485990104608897,1.405180359694656,99.48909593482128
260.0,710.0,313.0,710.0,260.0,710.0,2809.0,118336.0,121145.0,53.0,344.0,348.05890306096177,0.1522730765795615,1.4179285624048532,98.75867772314975
259.0,711.0,312.0,711.0,259.0,711.0,2809.0,125316.0,128125.0,53.0,354.0,357.94552658190884,0.14806722270315056,1.4221826604326866,98.51493586051996
255.0,716.0,314.0,716.0,255.0,716.0,3481.0,126025.0,129506.0,59.0,355.0,359.86942076258714,0.1639483562537075,1.4061044789510488,99.4361478016632
255.0,718.0,314.0,718.0,255.0,718.0,3481.0,120409.0,123890.0,59.0,347.0,351.98011307458836,0.1676231065574357,1.4023781607965773,99.6496501050374
255.0,723.0,319.0,723.0,255.0,723.0,4096.0,114244.0,118340.0,64.0,338.0,344.0058139043583,0.1860433673303949,1.3836626644115646,100.72196905939097
257.0,727.0,320.0,727.0,257.0,727.0,3969.0,111556.0,115525.0,63.0,334.0,339.8896879871468,0.18535425529703742,1.3843639745494019,100.68178694836317
252.0,737.0,315.0,737.0,252.0,737.0,3969.0,109561.0,113530.0,63.0,331.0,336.94213153002994,0.1869757270007213,1.382713652531855,100.77634343480611
251.0,739.0,314.0,739.0,251.0,739.0,3969.0,107584.0,111553.0,63.0,328.0,333.99550895184206,0.18862529079420587,1.381034206462509,100.87256860649947
252.0,745.0,320.0,745.0,252.0,745.0,4624.0,108241.0,112865.0,68.0,329.0,335.9538658804211,0.20240874389641286,1.3669793724283064,101.67785127841611
252.0,747.0,330.0,747.0,252.0,747.0,6084.0,102400.0,108484.0,78.0,320.0,329.3690938749415,0.23681639064051319,1.3317086117223293,103.69871700708445
253.0,753.0,336.0,753.0,253.0,753.0,6889.0,97344.0,104233.0,83.0,312.0,322.8513589873829,0.25708425158973436,1.310792498423797,104.89712202290781
252.0,759.0,335.0,759.0,252.0,759.0,6889.0,96721.0,103610.0,83.0,311.0,321.8850726579286,0.2578560084027418,1.3099938149781838,104.94288321350842
253.0,762.0,337.0,762.0,253.0,762.0,7056.0,94864.0,101920.0,84.0,308.0,319.24911902775864,0.2631174057921088,1.3045442776439713,105.25511870305778
252.0,767.0,336.0,767.0,252.0,767.0,7056.0,93636.0,100692.0,84.0,306.0,317.32002773225645,0.2647169817811697,1.3028859043715568,105.35013649242443
251.0,772.0,342.0,772.0,251.0,772.0,8281.0,96721.0,105002.0,91.0,311.0,324.04012097269685,0.2808294223778158,1.2861381269486463,106.30971345498168
250.0,775.0,345.0,775.0,250.0,775.0,9025.0,82369.0,91394.0,95.0,287.0,302.31440587573724,0.3142423852571836,1.2511378195553935,108.3150833502756
249.0,782.0,349.0,782.0,249.0,782.0,10000.0,82944.0,92944.0,100.0,288.0,304.86718419665965,0.3280116889704119,1.2365982825293933,109.1481374579396
251.0,785.0,360.0,785.0,251.0,785.0,11881.0,82944.0,94825.0,109.0,288.0,307.9366818032564,0.3539688723074606,1.2089849969481088,110.73026218023665
248.0,791.0,372.0,791.0,248.0,791.0,15376.0,75076.0,90452.0,124.0,274.0,300.7523898491914,0.41229930063790443,1.1458199053653026,114.34935534048877
249.0,792.0,372.0,792.0,249.0,792.0,15129.0,76729.0,91858.0,123.0,277.0,303.08084729985825,0.4058323087578934,1.1529070055783441,113.94329440929522
249.0,800.0,380.0,800.0,249.0,800.0,17161.0,68644.0,85805.0,131.0,262.0,292.92490505247247,0.4472135954999579,1.1071487177940904,116.56505117707799
250.0,806.0,379.0,806.0,250.0,806.0,16641.0,69696.0,86337.0,129.0,264.0,293.83158441529054,0.43902700336556144,1.1162808840135015,116.04181659489379
247.0,811.0,385.0,811.0,247.0,811.0,19044.0,59049.0,78093.0,138.0,243.0,279.4512479843309,0.4938249551411479,1.0543133220981689,119.59229635935797
249.0,814.0,386.0,814.0,249.0,814.0,18769.0,61504.0,80273.0,137.0,248.0,283.3249018353311,0.48354380117150675,1.066097543541784,118.91711020579126
250.0,816.0,396.0,816.0,250.0,816.0,21316.0,60025.0,81341.0,146.0,245.0,285.20343616443336,0.5119152909357798,1.0333834320167137,120.79149072669807
248.0,820.0,400.0,820.0,248.0,820.0,23104.0,61009.0,84113.0,152.0,247.0,290.0224129270012,0.5240974256643347,1.0191413442663497,121.6075022462489
249.0,825.0,401.0,825.0,249.0,825.0,23104.0,60516.0,83620.0,152.0,246.0,289.1712295509358,0.525640120685748,1.0173289312078038,121.71134586523797
249.0,829.0,410.0,829.0,249.0,829.0,25921.0,60516.0,86437.0,161.0,246.0,294.0017006753532,0.5476158798747282,0.9912840852664035,123.20360561574864
250.0,833.0,416.0,833.0,250.0,833.0,27556.0,64516.0,92072.0,166.0,254.0,303.43368303469543,0.5470717632261647,0.9919342365031245,123.16635469383932
248.0,839.0,417.0,839.0,248.0,839.0,28561.0,62500.0,91061.0,169.0,250.0,301.7631521574495,0.5600418698961022,0.9763599884897923,124.05869337409327
250.0,845.0,418.0,845.0,250.0,845.0,28224.0,62500.0,90724.0,168.0,250.0,301.20424963801554,0.5577610548387044,0.9791104986508351,123.90110075035767
248.0,850.0,422.0,850.0,248.0,850.0,30276.0,60025.0,90301.0,174.0,245.0,300.50124791754195,0.5790325371552064,0.9532547645606267,125.38252518993913
249.0,850.0,423.0,850.0,249.0,850.0,30276.0,60516.0,90792.0,174.0,246.0,301.3171087077533,0.577464720626807,0.9551764373657868,125.2724214485984
251.0,854.0,424.0,854.0,251.0,854.0,29929.0,59049.0,88978.0,173.0,243.0,298.29180344085887,0.5799690035207421,0.9521056860030345,125.44836254161814
247.0,860.0,424.0,860.0,247.0,860.0,31329.0,60516.0,91845.0,177.0,246.0,303.0594001181947,0.5840439198750117,0.9470946105680051,125.735476014867
249.0,867.0,425.0,867.0,249.0,867.0,30976.0,56644.0,87620.0,176.0,238.0,296.00675667964066,0.5945810223192965,0.9340518719373974,126.48276989169307
253.0,870.0,431.0,870.0,253.0,870.0,31684.0,57600.0,89284.0,178.0,240.0,298.80428377116687,0.5957076577132263,0.9326499191655937,126.56309586859409
250.0,873.0,437.0,873.0,250.0,873.0,34969.0,57121.0,92090.0,187.0,239.0,303.4633421024688,0.6162194046385238,0.9068629925810696,128.04057792850102
251.0,876.0,441.0,876.0,251.0,876.0,36100.0,58081.0,94181.0,190.0,241.0,306.8892308309303,0.6191158923548991,0.9031799459566444,128.2516009558305
253.0,880.0,441.0,880.0,253.0,880.0,35344.0,59536.0,94880.0,188.0,244.0,308.0259729308553,0.6103381419793508,0.9143089350814397,127.61395684873273
254.0,887.0,447.0,887.0,254.0,887.0,37249.0,55696.0,92945.0,193.0,236.0,304.8688242506931,0.6330591541275353,0.885297602868127,129.2761837426075
253.0,889.0,447.0,889.0,253.0,889.0,37636.0,57600.0,95236.0,194.0,240.0,308.60330523181375,0.6286387628099864,0.8909946990291406,128.9497641771012
253.0,895.0,447.0,895.0,253.0,895.0,37636.0,57600.0,95236.0,194.0,240.0,308.60330523181375,0.6286387628099864,0.8909946990291406,128.9497641771012
255.0,901.0,445.0,901.0,255.0,901.0,36100.0,55225.0,91325.0,190.0,235.0,302.2002647252315,0.6287221494420365,0.8908874719225389,128.9559078377589
259.0,905.0,450.0,905.0,259.0,905.0,36481.0,55225.0,91706.0,191.0,235.0,302.8299853052864,0.630716934478766,0.8883195925205893,129.1030364897892
257.0,911.0,449.0,911.0,257.0,911.0,36864.0,52900.0,89764.0,192.0,230.0,299.6064084761873,0.6408407649773624,0.8752033499516161,129.85454183206116
260.0,915.0,449.0,915.0,260.0,915.0,35721.0,53824.0,89545.0,189.0,232.0,299.2407057871639,0.6315985637810485,0.8871829660333838,129.16816039038883
259.0,920.0,449.0,920.0,259.0,920.0,36100.0,55696.0,91796.0,190.0,236.0,302.97854709533476,0.6271071064982529,0.8929626109272767,128.83701113088443
259.0,921.0,445.0,921.0,259.0,921.0,34596.0,58564.0,93160.0,186.0,242.0,305.2212312405544,0.6093940426228331,0.9155002211074131,127.54570118725155
263.0,926.0,449.0,926.0,263.0,926.0,34596.0,56169.0,90765.0,186.0,237.0,301.27230207903284,0.6173816800165273,0.9053863734738035,128.12518197129575
261.0,932.0,458.0,932.0,261.0,932.0,38809.0,56644.0,95453.0,197.0,238.0,308.9546892345219,0.6376339536651632,0.8793734135028606,129.61561479027353
263.0,934.0,451.0,934.0,263.0,934.0,35344.0,57600.0,92944.0,188.0,240.0,304.86718419665965,0.6166619752643744,0.9063009277001397,128.07278187399083
265.0,942.0,460.0,942.0,265.0,942.0,38025.0,53824.0,91849.0,195.0,232.0,303.0659994126692,0.6434242058756272,0.8718333186567504,130.047630402084
264.0,944.0,463.0,944.0,264.0,944.0,39601.0,53361.0,92962.0,199.0,231.0,304.89670381950674,0.6526800634676732,0.8596798428100111,130.74397327451635
263.0,946.0,462.0,946.0,263.0,946.0,39601.0,51529.0,91130.0,199.0,227.0,301.8774585821207,0.6592078816837706,0.8510314567694026,131.23948929424307
267.0,952.0,466.0,952.0,267.0,952.0,39601.0,49284.0,88885.0,199.0,222.0,298.1358750637031,0.6674808925879161,0.8399757374471295,131.87293535089054
272.0,953.0,466.0,953.0,272.0,953.0,37636.0,52900.0,90536.0,194.0,230.0,300.892007205243,0.6447495957168103,0.870100674267106,130.14690361300762
271.0,960.0,473.0,960.0,271.0,960.0,40804.0,48400.0,89204.0,202.0,220.0,298.67038688159226,0.6763308612851625,0.8280263522695348,132.5575846893429
274.0,960.0,472.0,960.0,274.0,960.0,39204.0,50625.0,89829.0,198.0,225.0,299.7148644962408,0.6606278948920247,0.8491414759301353,131.34777721969368
274.0,961.0,459.0,961.0,274.0,961.0,34225.0,55225.0,89450.0,185.0,235.0,299.0819285747636,0.6185596063312607,0.903888122555586,128.21102542556122
277.0,967.0,465.0,967.0,277.0,967.0,35344.0,50625.0,85969.0,188.0,225.0,293.2047066470796,0.6411902528777927,0.874748007679509,129.8806310224868
280.0,970.0,464.0,970.0,280.0,970.0,33856.0,50625.0,84481.0,184.0,225.0,290.65615424415154,0.6330504182114781,0.8853088880213789,129.275537150955
280.0,970.0,460.0,970.0,280.0,970.0,32400.0,51076.0,83476.0,180.0,226.0,288.9221348391293,0.6230052263050849,0.8982175433641857,128.53592568062317
283.0,969.0,468.0,969.0,283.0,969.0,34225.0,51076.0,85301.0,185.0,226.0,292.0633492925807,0.6334242226835257,0.8848259100874408,129.3032097481676
286.0,974.0,461.0,974.0,286.0,974.0,30625.0,51076.0,81701.0,175.0,226.0,285.83386783234766,0.6122437530833263,0.9119010527693938,127.75191834277717
289.0,973.0,446.0,973.0,289.0,973.0,24649.0,53824.0,78473.0,157.0,232.0,280.1303268123607,0.5604534210434241,0.975863141145631,124.08716062997598
296.0,973.0,453.0,973.0,296.0,973.0,24649.0,53824.0,78473.0,157.0,232.0,280.1303268123607,0.5604534210434241,0.975863141145631,124.08716062997598
297.0,976.0,469.0,976.0,297.0,976.0,29584.0,49729.0,79313.0,172.0,223.0,281.6256380374486,0.610739850244489,0.913801718820238,127.6430181998
301.0,977.0,464.0,977.0,301.0,977.0,26569.0,53824.0,80393.0,163.0,232.0,283.5365937581955,0.5748817034143007,0.9583367611374846,125.09134823458524
306.0,977.0,472.0,977.0,306.0,977.0,27556.0,53824.0,81380.0,166.0,232.0,285.27180021866866,0.5819011899274882,0.9497318450674999,125.58437360845966
312.0,975.0,455.0,975.0,312.0,975.0,20449.0,57121.0,77570.0,143.0,239.0,278.5139134765084,0.5134393403008986,1.0316083529953068,120.8931952629269
317.0,975.0,478.0,975.0,317.0,975.0,25921.0,55696.0,81617.0,161.0,236.0,285.68689154387187,0.5635540333332929,0.9721145175869107,124.30194093887397
322.0,975.0,452.0,975.0,322.0,975.0,16900.0,60516.0,77416.0,130.0,246.0,278.23730878514476,0.4672270608410254,1.0846444789999248,117.85444908113826
328.0,976.0,453.0,976.0,328.0,976.0,15625.0,62001.0,77626.0,125.0,249.0,278.61442891566116,0.4486486952111102,1.105543582736016,116.65701864145413
340.0,974.0,469.0,974.0,340.0,974.0,16641.0,59536.0,76177.0,129.0,244.0,276.0018115882575,0.4673882365397065,1.0844621730926287,117.86489444020663
343.0,973.0,472.0,973.0,343.0,973.0,16641.0,59536.0,76177.0,129.0,244.0,276.0018115882575,0.4673882365397065,1.0844621730926287,117.86489444020663
352.0,975.0,486.0,975.0,352.0,975.0,17956.0,56169.0,74125.0,134.0,237.0,272.2590678012396,0.49217828108419714,1.0562059896856035,119.48385449457676
362.0,976.0,491.0,976.0,362.0,976.0,16641.0,55225.0,71866.0,129.0,235.0,268.0783467570628,0.48120260946290455,1.0687702426667045,118.76397582602502
370.0,975.0,504.0,975.0,370.0,975.0,17956.0,56169.0,74125.0,134.0,237.0,272.2590678012396,0.49217828108419714,1.0562059896856035,119.48385449457676
377.0,974.0,508.0,974.0,377.0,974.0,17161.0,56169.0,73330.0,131.0,237.0,270.79512551004314,0.4837605542317693,1.0658498994244845,118.93129916853377
384.0,974.0,519.0,974.0,384.0,974.0,18225.0,56644.0,74869.0,135.0,238.0,273.6220020393097,0.4933813764750005,1.0548233659961876,119.5630729966351
393.0,968.0,521.0,968.0,393.0,968.0,16384.0,61009.0,77393.0,128.0,247.0,278.19597409020855,0.4601073053576771,1.0926802740904797,117.39403193741751
402.0,973.0,530.0,973.0,402.0,973.0,16384.0,58564.0,74948.0,128.0,242.0,273.76632371422164,0.46755202854539646,1.0842768898761146,117.8755103865275
408.0,968.0,536.0,968.0,408.0,968.0,16384.0,61009.0,77393.0,128.0,247.0,278.19597409020855,0.4601073053576771,1.0926802740904797,117.39403193741751
413.0,971.0,541.0,971.0,413.0,971.0,16384.0,63504.0,79888.0,128.0,252.0,282.6446532308722,0.45286545680892804,1.1008196883778887,116.9276778510405
422.0,965.0,542.0,965.0,422.0,965.0,14400.0,66564.0,80964.0,120.0,258.0,284.541736833105,0.42173074971558483,1.1354430516425942,114.94390526342458
427.0,966.0,551.0,966.0,427.0,966.0,15376.0,68644.0,84020.0,124.0,262.0,289.8620361482338,0.4277897224753748,1.1287502954703004,115.32737194540715
438.0,963.0,548.0,963.0,438.0,963.0,12100.0,68121.0,80221.0,110.0,261.0,283.2331195323033,0.38837265988398745,1.171931356737008,112.85327937992896
443.0,962.0,552.0,962.0,443.0,962.0,11881.0,71824.0,83705.0,109.0,268.0,289.31816396486414,0.3767478629970753,1.1845133772220637,112.13238270838812
448.0,960.0,552.0,960.0,448.0,960.0,10816.0,71824.0,82640.0,104.0,268.0,287.4717377412952,0.3617746941565186,1.2006254989526801,111.20922613422279
453.0,955.0,557.0,955.0,453.0,955.0,10816.0,76729.0,87545.0,104.0,277.0,295.8800432607782,0.3514937974655427,1.2116300869247034,110.57870968814542
457.0,953.0,553.0,953.0,457.0,953.0,9216.0,77284.0,86500.0,96.0,278.0,294.10882339705483,0.32640979244066204,1.2382934986071532,109.05100873132123
462.0,952.0,554.0,952.0,462.0,952.0,8464.0,77284.0,85748.0,92.0,278.0,292.8275943281302,0.31417804121598153,1.2512055962536608,108.31120003151555
467.0,948.0,558.0,948.0,467.0,948.0,8281.0,82369.0,90650.0,91.0,287.0,301.0813843464919,0.30224386073393017,1.2637505947761059,107.59242456218159
472.0,948.0,559.0,948.0,472.0,948.0,7569.0,82369.0,89938.0,87.0,287.0,299.8966488642379,0.2900999405277936,1.2764650592374382,106.86393940977817
478.0,947.0,560.0,947.0,478.0,947.0,6724.0,80656.0,87380.0,82.0,284.0,295.6010825419961,0.27740087855852236,1.2897085709249974,106.10514208414885
482.0,946.0,560.0,946.0,482.0,946.0,6084.0,81225.0,87309.0,78.0,285.0,295.48096385384963,0.2639763962546848,1.3036538059292013,105.30613897408986
485.0,947.0,559.0,947.0,485.0,947.0,5476.0,80656.0,86132.0,74.0,284.0,293.48253781102545,0.2521444735756268,1.3159006334139296,104.60444744679012
485.0,945.0,559.0,945.0,485.0,945.0,5476.0,81796.0,87272.0,74.0,286.0,295.41834743292435,0.2504922278627326,1.3176076675113269,104.50664159752434
489.0,944.0,559.0,944.0,489.0,944.0,4900.0,82369.0,87269.0,70.0,287.0,295.4132698441287,0.23695618019100723,1.331564726831236,103.7069610040798
492.0,943.0,557.0,943.0,492.0,943.0,4225.0,85849.0,90074.0,65.0,293.0,300.12330799189857,0.2165776474839954,1.3524887831459143,102.50810088695468
495.0,944.0,556.0,944.0,495.0,944.0,3721.0,82369.0,86090.0,61.0,287.0,293.4109745732085,0.2078995173535337,1.3613692619657742,101.9992869305214
500.0,943.0,561.0,943.0,500.0,943.0,3721.0,83521.0,87242.0,61.0,289.0,295.36756761702867,0.20652233585473453,1.3627769966584973,101.91862967395421
504.0,943.0,556.0,943.0,504.0,943.0,2704.0,84100.0,86804.0,52.0,290.0,294.62518561725165,0.17649543399033557,1.3933714803937483,100.1656948795427
504.0,943.0,560.0,943.0,504.0,943.0,3136.0,84100.0,87236.0,56.0,290.0,295.357410606201,0.18960079547374084,1.3800407755996318,100.92948800218038
510.0,943.0,556.0,943.0,510.0,943.0,2116.0,86436.0,88552.0,46.0,294.0,297.57688082241873,0.1545819012312682,1.4155920729419982,98.89254870824813
513.0,943.0,555.0,943.0,513.0,943.0,1764.0,83521.0,85285.0,42.0,289.0,292.0359566902678,0.1438179067947617,1.4264779694164869,98.26883278404358
516.0,942.0,558.0,942.0,516.0,942.0,1764.0,84100.0,85864.0,42.0,290.0,293.025596151599,0.1433321885582684,1.426968772658448,98.24071182970788
519.0,943.0,557.0,943.0,519.0,943.0,1444.0,87025.0,88469.0,38.0,295.0,297.4373883693844,0.12775798028729393,1.4426882222637913,97.3400537110531
525.0,939.0,558.0,939.0,525.0,939.0,1089.0,88804.0,89893.0,33.0,298.0,299.8216136305053,0.11006544725180688,1.4605074297295753,96.31908832899568
525.0,938.0,553.0,938.0,525.0,938.0,784.0,86436.0,87220.0,28.0,294.0,295.3303235362058,0.09480909262799544,1.4758446204521403,95.44033203100551
527.0,938.0,555.0,938.0,527.0,938.0,784.0,86436.0,87220.0,28.0,294.0,295.3303235362058,0.09480909262799544,1.4758446204521403,95.44033203100551
527.0,938.0,555.0,938.0,527.0,938.0,784.0,86436.0,87220.0,28.0,294.0,295.3303235362058,0.09480909262799544,1.4758446204521403,95.44033203100551
531.0,937.0,559.0,937.0,531.0,937.0,784.0,87025.0,87809.0,28.0,295.0,296.3258341758275,0.09449058020160996,1.4761645692494136,95.42200031526146
536.0,937.0,559.0,937.0,536.0,937.0,529.0,87025.0,87554.0,23.0,295.0,295.8952517361507,0.07773020981258955,1.492987629261067,94.4581099780984
536.0,937.0,559.0,937.0,536.0,937.0,529.0,89401.0,89930.0,23.0,299.0,299.88331063932185,0.07669649888473705,1.4940244355251187,94.39870535499553
536.0,937.0,555.0,937.0,536.0,937.0,361.0,90000.0,90361.0,19.0,300.0,300.60106453570654,0.06320669565607313,1.5075474692618234,93.62389259566932
541.0,938.0,560.0,938.0,541.0,938.0,361.0,86436.0,86797.0,19.0,294.0,294.61330587738223,0.06449131665461091,1.506260221635512,93.69764645184519
542.0,937.0,551.0,937.0,542.0,937.0,81.0,90000.0,90081.0,9.0,300.0,300.13496963866106,0.029986509105671005,1.5408053219380187,91.71835800165546
547.0,937.0,556.0,937.0,547.0,937.0,81.0,92416.0,92497.0,9.0,304.0,304.13319450530224,0.029592297593951374,1.5411997084821354,91.69576131718082
547.0,937.0,552.0,937.0,547.0,937.0,25.0,90000.0,90025.0,5.0,300.0,300.04166377354994,0.016664352333993333,1.554131203080956,90.95484125387217
552.0,937.0,552.0,937.0,552.0,937.0,0.0,92416.0,92416.0,0.0,304.0,304.0,nan,nan,nan
552.0,937.0,552.0,937.0,552.0,937.0,0.0,92416.0,92416.0,0.0,304.0,304.0,nan,nan,nan
556.0,938.0,551.0,938.0,556.0,938.0,25.0,88804.0,88829.0,5.0,298.0,298.04194335697116,0.016776162253147684,1.5540193775292834,89.03875161397526
556.0,938.0,551.0,938.0,556.0,938.0,25.0,91809.0,91834.0,5.0,303.0,303.0412513173743,0.016499403887306134,1.5542961742095116,89.05461089553557
556.0,939.0,551.0,939.0,556.0,939.0,25.0,88209.0,88234.0,5.0,297.0,297.0420845604205,0.01683263167035499,1.5539629001372435,89.03551569777346
556.0,938.0,556.0,938.0,556.0,938.0,0.0,91809.0,91809.0,0.0,303.0,303.0,nan,nan,nan
561.0,936.0,556.0,936.0,561.0,936.0,25.0,90000.0,90025.0,5.0,300.0,300.04166377354994,0.016664352333993333,1.554131203080956,89.04515874612783
561.0,940.0,556.0,940.0,561.0,940.0,25.0,90601.0,90626.0,5.0,301.0,301.04152537482264,0.016609004335114797,1.5541865587410155,89.0483303918214
561.0,935.0,556.0,935.0,561.0,935.0,25.0,93636.0,93661.0,5.0,306.0,306.04084694693944,0.01633768841603973,1.5544579114820734,89.06387775864332
561.0,939.0,557.0,939.0,561.0,939.0,16.0,91204.0,91220.0,4.0,302.0,302.026488904533,0.013243871471367376,1.5575520681301676,89.24115987573146
562.0,939.0,557.0,939.0,562.0,939.0,25.0,91204.0,91229.0,5.0,302.0,302.0413878924542,0.016554022728104783,1.5542415479080942,89.05148103901394
567.0,939.0,557.0,939.0,567.0,939.0,100.0,91204.0,91304.0,10.0,302.0,302.16551755618974,0.03309444466356235,1.5376958380795585,88.10348169679072
566.0,939.0,562.0,939.0,566.0,939.0,16.0,91204.0,91220.0,4.0,302.0,302.026488904533,0.013243871471367376,1.5575520681301676,89.24115987573146
571.0,939.0,562.0,939.0,571.0,939.0,81.0,91204.0,91285.0,9.0,302.0,302.1340761979688,0.029788099751127995,1.5410038199669729,88.29301509764528
571.0,943.0,562.0,943.0,571.0,943.0,81.0,88804.0,88885.0,9.0,298.0,298.1358750637031,0.030187578056739925,1.5406041619179338,88.27011637818691
572.0,940.0,562.0,940.0,572.0,940.0,100.0,90601.0,90701.0,10.0,301.0,301.16606714568627,0.03320427196455235,1.5375859503852247,88.09718559568498
571.0,940.0,567.0,940.0,571.0,940.0,16.0,93636.0,93652.0,4.0,306.0,306.0261426741186,0.013070778741473481,1.5577251758447148,89.25107821717617
576.0,941.0,562.0,941.0,576.0,941.0,196.0,87616.0,87812.0,14.0,296.0,296.33089612796033,0.04724448305233276,1.5235342507942045,87.29208251413381
576.0,942.0,561.0,942.0,576.0,942.0,225.0,87025.0,87250.0,15.0,295.0,295.3811097548386,0.050781852679914946,1.519992622736675,87.08916217383225
575.0,942.0,566.0,942.0,575.0,942.0,81.0,89401.0,89482.0,9.0,299.0,299.13542083812143,0.03008670780205061,1.5407050780114657,88.27589844443123
576.0,941.0,562.0,941.0,576.0,941.0,196.0,90000.0,90196.0,14.0,300.0,300.32648900821255,0.046615934699044036,1.5241634924748308,87.32813540672741
575.0,941.0,566.0,941.0,575.0,941.0,81.0,90000.0,90081.0,9.0,300.0,300.13496963866106,0.029986509105671005,1.5408053219380187,88.28164199834454
575.0,941.0,566.0,941.0,575.0,941.0,81.0,90000.0,90081.0,9.0,300.0,300.13496963866106,0.029986509105671005,1.5408053219380187,88.28164199834454
575.0,941.0,566.0,941.0,575.0,941.0,81.0,90000.0,90081.0,9.0,300.0,300.13496963866106,0.029986509105671005,1.5408053219380187,88.28164199834454
575.0,941.0,566.0,941.0,575.0,941.0,81.0,90000.0,90081.0,9.0,300.0,300.13496963866106,0.029986509105671005,1.5408053219380187,88.28164199834454
575.0,940.0,566.0,940.0,575.0,940.0,81.0,90601.0,90682.0,9.0,301.0,301.1345214351885,0.029886975286348958,1.5409049003889128,88.28734742331123
575.0,940.0,566.0,940.0,575.0,940.0,81.0,90601.0,90682.0,9.0,301.0,301.1345214351885,0.029886975286348958,1.5409049003889128,88.28734742331123
575.0,940.0,566.0,940.0,575.0,940.0,81.0,90601.0,90682.0,9.0,301.0,301.1345214351885,0.029886975286348958,1.5409049003889128,88.28734742331123
576.0,940.0,566.0,940.0,576.0,940.0,100.0,91204.0,91304.0,10.0,302.0,302.16551755618974,0.03309444466356235,1.5376958380795585,88.10348169679072
576.0,940.0,566.0,940.0,576.0,940.0,100.0,91204.0,91304.0,10.0,302.0,302.16551755618974,0.03309444466356235,1.5376958380795585,88.10348169679072
576.0,940.0,566.0,940.0,576.0,940.0,100.0,91204.0,91304.0,10.0,302.0,302.16551755618974,0.03309444466356235,1.5376958380795585,88.10348169679072
576.0,940.0,566.0,940.0,576.0,940.0,100.0,91204.0,91304.0,10.0,302.0,302.16551755618974,0.03309444466356235,1.5376958380795585,88.10348169679072
576.0,940.0,566.0,940.0,576.0,940.0,100.0,91204.0,91304.0,10.0,302.0,302.16551755618974,0.03309444466356235,1.5376958380795585,88.10348169679072
580.0,940.0,566.0,940.0,580.0,940.0,196.0,91204.0,91400.0,14.0,302.0,302.32432915661946,0.04630788411589358,1.5244718760942897,87.34580448659338
580.0,940.0,566.0,940.0,580.0,940.0,196.0,91204.0,91400.0,14.0,302.0,302.32432915661946,0.04630788411589358,1.5244718760942897,87.34580448659338
580.0,940.0,566.0,940.0,580.0,940.0,196.0,88209.0,88405.0,14.0,297.0,297.3297832374012,0.04708576398759818,1.523693146693353,87.30118657853696
580.0,940.0,566.0,940.0,580.0,940.0,196.0,88209.0,88405.0,14.0,297.0,297.3297832374012,0.04708576398759818,1.523693146693353,87.30118657853696
581.0,940.0,571.0,940.0,581.0,940.0,100.0,88209.0,88309.0,10.0,297.0,297.1683024819437,0.033650964508933824,1.5371390080593752,88.07157768672803
581.0,940.0,571.0,940.0,581.0,940.0,100.0,88209.0,88309.0,10.0,297.0,297.1683024819437,0.033650964508933824,1.5371390080593752,88.07157768672803
581.0,940.0,571.0,940.0,581.0,940.0,100.0,88209.0,88309.0,10.0,297.0,297.1683024819437,0.033650964508933824,1.5371390080593752,88.07157768672803
581.0,940.0,566.0,940.0,581.0,940.0,225.0,88209.0,88434.0,15.0,297.0,297.37854663711033,0.05044076033603201,1.5203341527780407,87.10873040377943
581.0,940.0,571.0,940.0,581.0,940.0,100.0,88209.0,88309.0,10.0,297.0,297.1683024819437,0.033650964508933824,1.5371390080593752,88.07157768672803
581.0,940.0,567.0,940.0,581.0,940.0,196.0,88209.0,88405.0,14.0,297.0,297.3297832374012,0.04708576398759818,1.523693146693353,87.30118657853696
581.0,940.0,567.0,940.0,581.0,940.0,196.0,88209.0,88405.0,14.0,297.0,297.3297832374012,0.04708576398759818,1.523693146693353,87.30118657853696
